x_1,x_2,eta,WQ
0.1910111813940882,0.05605367900367374,0.7375177692551764,6.2457679758789284e-09
0.0003780993322929412,0.05605367900367374,0.7375177692551764,0.06331315291436307
0.09035509264549174,0.05605367900367374,0.7375177692551764,6.130451203116112e-08
0.169145335531599,0.05605367900367374,0.7375177692551764,9.135820367470402e-09
0.042463318165639564,0.05605367900367374,0.7375177692551764,5.598790251217787e-07
0.007456169348091705,0.05605367900367374,0.7375177692551764,5.671203284776581e-05
0.006040968126967231,0.05605367900367374,0.7375177692551764,9.583451974038878e-05
0.1802071738194668,0.05605367900367374,0.7375177692551764,7.499932964245156e-09
0.004718540293397173,0.05605367900367374,0.7375177692551764,0.0001762283609477295
0.001942150502819842,0.05605367900367374,0.7375177692551764,0.0014911304618413527
0.11989063606838281,0.05605367900367374,0.7375177692551764,2.6147813183053194e-08
0.5069437770369233,0.05605367900367374,0.7375177692551764,1.1721336308053426e-10
6.876875274506259e-05,0.05605367900367374,0.7375177692551764,2.487694283636145
0.045904418490274976,0.05605367900367374,0.7375177692551764,4.4800476740782013e-07
0.23857920938632013,0.05605367900367374,0.7375177692551764,3.0381669850785137e-09
0.0804356479676357,0.05605367900367374,0.7375177692551764,8.67264178552299e-08
0.1461076124191244,0.05605367900367374,0.7375177692551764,1.4338799169637923e-08
0.01203027500393204,0.05605367900367374,0.7375177692551764,1.6838568370630864e-05
0.4191239270504696,0.05605367900367374,0.7375177692551764,3.32155164242161e-10
0.14052768545668023,0.05605367900367374,0.7375177692551764,1.61486105477703e-08
0.05448902026564449,0.05605367900367374,0.7375177692551764,2.731196996670913e-07
0.003657626613911161,0.05605367900367374,0.7375177692551764,0.0003278899750983073
0.020287499706201105,0.05605367900367374,0.7375177692551764,4.283417421409655e-06
0.11277330844711808,0.05605367900367374,0.7375177692551764,3.148038349735137e-08
0.030596345732446708,0.05605367900367374,0.7375177692551764,1.403724590605538e-06
0.029221524542476347,0.05605367900367374,0.7375177692551764,1.593762722519453e-06
0.08279424539536412,0.05605367900367374,0.7375177692551764,7.955867095787883e-08
0.046151636767639254,0.05605367900367374,0.7375177692551764,4.411675898433728e-07
0.09904998879907204,0.05605367900367374,0.7375177692551764,4.651375991612053e-08
0.07548972774519354,0.05605367900367374,0.7375177692551764,1.0478612073660761e-07
0.2292753213635466,0.05605367900367374,0.7375177692551764,3.4674316347582476e-09
0.04843196596689281,0.05605367900367374,0.7375177692551764,3.8420264863654196e-07
0.3991703003249273,0.05605367900367374,0.7375177692551764,4.189148137805274e-10
0.014416343175651398,0.05605367900367374,0.7375177692551764,1.0541173279763047e-05
0.0020008423287742154,0.05605367900367374,0.7375177692551764,0.0013898062950194712
0.012762330513888023,0.05605367900367374,0.7375177692551764,1.4459355639084969e-05
0.002698557909644077,0.05605367900367374,0.7375177692551764,0.0006821121668487322
0.26007914230426604,0.05605367900367374,0.7375177692551764,2.2660085673744664e-09
0.0009176839637020422,0.05605367900367374,0.7375177692551764,0.00854298194954819
0.08677133554401552,0.05605367900367374,0.7375177692551764,6.917659738884906e-08
