x_1,x_2,eta,WQ
0.09035509264549174,0.05605367900367374,2.5278693317823997,9.907070079642679e-08
0.09035509264549174,0.05605367900367374,0.7375177692551764,6.130451203116112e-08
0.09035509264549174,0.05605367900367374,2.06909900548708,9.6163816704548e-08
0.09035509264549174,0.05605367900367374,1.4323011937283436,8.552052428485101e-08
0.09035509264549174,0.05605367900367374,1.8029867734916336,9.297978337678476e-08
0.09035509264549174,0.05605367900367374,0.02237311286140331,5.2847162246490573e-08
0.09035509264549174,0.05605367900367374,0.3827787774910485,5.158772279464796e-08
0.09035509264549174,0.05605367900367374,0.21572177908327816,5.057965644372535e-08
0.09035509264549174,0.05605367900367374,2.6658394513455006,9.955386136468426e-08
0.09035509264549174,0.05605367900367374,2.9012282284331983,1.0013095680116382e-07
0.09035509264549174,0.05605367900367374,2.9267542329918705,1.0017903158979184e-07
0.09035509264549174,0.05605367900367374,2.40998817437739,9.85434788103638e-08
0.09035509264549174,0.05605367900367374,2.6741022823229406,9.95789112856812e-08
0.09035509264549174,0.05605367900367374,0.008409345388413758,5.314233410639889e-08
0.09035509264549174,0.05605367900367374,1.3384376478260256,8.293900657509383e-08
0.09035509264549174,0.05605367900367374,2.6331840350280156,9.945084413332984e-08
0.09035509264549174,0.05605367900367374,2.9071319557613937,1.0014229065431677e-07
0.09035509264549174,0.05605367900367374,1.869160558878451,9.39125086284705e-08
0.09035509264549174,0.05605367900367374,1.9320614752202405,9.470708020210808e-08
0.09035509264549174,0.05605367900367374,1.6225962727808767,8.986291239818218e-08
0.09035509264549174,0.05605367900367374,2.2768602917467815,9.77878140916789e-08
0.09035509264549174,0.05605367900367374,2.8656185811157258,1.0005974099303309e-07
0.09035509264549174,0.05605367900367374,1.7595020660066023,9.230860676697336e-08
0.09035509264549174,0.05605367900367374,0.06823181999774208,5.1994281973869735e-08
0.09035509264549174,0.05605367900367374,2.8237865084600426,9.996948438621852e-08
0.09035509264549174,0.05605367900367374,0.13881466781339968,5.105415236635927e-08
0.09035509264549174,0.05605367900367374,1.615636102726581,8.972417571894366e-08
0.09035509264549174,0.05605367900367374,2.2953728488754357,9.790453632496296e-08
0.09035509264549174,0.05605367900367374,2.7834498554595544,9.987517882981556e-08
0.09035509264549174,0.05605367900367374,2.3997924720214074,9.849207444995464e-08
0.09035509264549174,0.05605367900367374,2.5560242205911816,9.91799895958398e-08
0.09035509264549174,0.05605367900367374,1.7276870864675156,9.178654585941767e-08
0.09035509264549174,0.05605367900367374,1.9397543178725476,9.479847711236388e-08
0.09035509264549174,0.05605367900367374,1.81909661062922,9.32164592992913e-08
0.09035509264549174,0.05605367900367374,2.5605889127520496,9.919715799855932e-08
0.09035509264549174,0.05605367900367374,2.293789122771724,9.789470805206398e-08
0.09035509264549174,0.05605367900367374,1.890964892236992,9.419769963740614e-08
0.09035509264549174,0.05605367900367374,2.5307568639943656,9.908218313335364e-08
0.09035509264549174,0.05605367900367374,2.47667712267376,9.885622650628633e-08
0.09035509264549174,0.05605367900367374,2.3414606456699785,9.817813854556356e-08
0.09035509264549174,0.05605367900367374,2.788343747903352,9.988702033094318e-08
0.09035509264549174,0.05605367900367374,2.5904260198570337,9.930573948450742e-08
0.09035509264549174,0.05605367900367374,0.5721438782763077,5.57812833406312e-08
0.09035509264549174,0.05605367900367374,2.140329957660615,9.679134388847379e-08
0.09035509264549174,0.05605367900367374,1.0193286811628164,7.211289333354548e-08
0.09035509264549174,0.05605367900367374,1.1456920107197763,7.673601189355322e-08
0.09035509264549174,0.05605367900367374,0.9251516556967223,6.849119452264468e-08
0.09035509264549174,0.05605367900367374,2.480650326973225,9.887363460730302e-08
0.09035509264549174,0.05605367900367374,1.4662258391487957,8.638076925321356e-08
0.09035509264549174,0.05605367900367374,2.7497845994704013,9.979058531079328e-08
0.09035509264549174,0.05605367900367374,0.5149250632825622,5.422161295873555e-08
0.09035509264549174,0.05605367900367374,1.9981655867498365,9.545381016333047e-08
0.09035509264549174,0.05605367900367374,2.6550800343379155,9.952063570067921e-08
0.09035509264549174,0.05605367900367374,1.3056732083493128,8.19682541537172e-08
0.09035509264549174,0.05605367900367374,2.0400560936572534,9.588392267306656e-08
0.09035509264549174,0.05605367900367374,2.5292542176614914,9.907621576440154e-08
0.09035509264549174,0.05605367900367374,1.1612460288929178,7.727829366353042e-08
0.09035509264549174,0.05605367900367374,2.667310295400759,9.955834983457201e-08
0.09035509264549174,0.05605367900367374,0.9901105350636699,7.100000648362917e-08
0.09035509264549174,0.05605367900367374,2.9560354335852455,1.0023129212523282e-07
0.09035509264549174,0.05605367900367374,0.021921380865916884,5.285645895942215e-08
0.09035509264549174,0.05605367900367374,0.8292515989976668,6.476818655329123e-08
0.09035509264549174,0.05605367900367374,2.568555879524129,9.922676400540652e-08
0.09035509264549174,0.05605367900367374,0.9610341403410008,6.988164731098184e-08
0.09035509264549174,0.05605367900367374,2.927938012155869,1.0018120317907387e-07
0.09035509264549174,0.05605367900367374,2.278818989801964,9.780035546226345e-08
0.09035509264549174,0.05605367900367374,2.4333703710519874,9.865767761466656e-08
0.09035509264549174,0.05605367900367374,0.5783880387818026,5.596452594382868e-08
0.09035509264549174,0.05605367900367374,1.3153439471634254,8.225849783409272e-08
0.09035509264549174,0.05605367900367374,2.416908079717783,9.857780543783173e-08
0.09035509264549174,0.05605367900367374,2.501475075702725,9.896274464292626e-08
0.09035509264549174,0.05605367900367374,1.2975402403771414,8.172176738604097e-08
0.09035509264549174,0.05605367900367374,2.2339283829032057,9.750111941021124e-08
0.09035509264549174,0.05605367900367374,2.378553538208986,9.838175184739255e-08
0.09035509264549174,0.05605367900367374,0.9831758649510887,7.073415248620181e-08
0.09035509264549174,0.05605367900367374,2.2597270241275673,9.767613713787427e-08
0.09035509264549174,0.05605367900367374,2.6444937232147785,9.948726191386407e-08
0.09035509264549174,0.05605367900367374,2.914072274765973,1.0015544776635517e-07
0.09035509264549174,0.05605367900367374,1.9393928293992542,9.479420963026402e-08
0.09035509264549174,0.05605367900367374,2.180002743698198,9.710715708029831e-08
0.09035509264549174,0.05605367900367374,1.5862493865897898,8.912220722063662e-08
0.09035509264549174,0.05605367900367374,1.172776724473429,7.767595691787318e-08
0.09035509264549174,0.05605367900367374,2.9152189153761143,1.0015760431784397e-07
0.09035509264549174,0.05605367900367374,2.308667321401701,9.798590062193083e-08
0.09035509264549174,0.05605367900367374,2.0064389824130506,9.55413090498597e-08
0.09035509264549174,0.05605367900367374,1.2061060328047235,7.880376832867382e-08
0.09035509264549174,0.05605367900367374,2.5003482567932473,9.895801322090478e-08
0.09035509264549174,0.05605367900367374,1.8129138435488343,9.312637462468046e-08
0.09035509264549174,0.05605367900367374,2.58874082885984,9.929977170017043e-08
0.09035509264549174,0.05605367900367374,2.227635116293122,9.745713985205494e-08
0.09035509264549174,0.05605367900367374,0.4333932042686035,5.242140589169608e-08
0.09035509264549174,0.05605367900367374,2.0815540312521748,9.627945117643075e-08
0.09035509264549174,0.05605367900367374,1.349805938980007,8.326744612544034e-08
0.09035509264549174,0.05605367900367374,2.153471210420823,9.689850315860704e-08
0.09035509264549174,0.05605367900367374,1.9308008447594103,9.469198627634713e-08
0.09035509264549174,0.05605367900367374,2.6087107821687376,9.936925976787345e-08
0.09035509264549174,0.05605367900367374,2.177357900556263,9.70868095964233e-08
0.09035509264549174,0.05605367900367374,2.095201424654112,9.640321138489373e-08
0.09035509264549174,0.05605367900367374,1.4897082920627662,8.69538488504782e-08
0.09035509264549174,0.05605367900367374,2.558360988915086,9.918879731320914e-08
0.09035509264549174,0.05605367900367374,0.8686792272686485,6.629470151063502e-08
0.09035509264549174,0.05605367900367374,1.9815798380699385,9.527450499865703e-08
0.09035509264549174,0.05605367900367374,2.1991727860336874,9.725171649610981e-08
0.09035509264549174,0.05605367900367374,1.8840383943211134,9.410825104763706e-08
0.09035509264549174,0.05605367900367374,2.824227869708275,9.997047572493448e-08
0.09035509264549174,0.05605367900367374,2.6330782196025146,9.945049962658623e-08
0.09035509264549174,0.05605367900367374,2.734051766031649,9.97491092654142e-08
0.09035509264549174,0.05605367900367374,2.391405708526362,9.844903961644672e-08
0.09035509264549174,0.05605367900367374,1.8273372144365774,9.333509209568215e-08
0.09035509264549174,0.05605367900367374,2.469783579294225,9.88257081997415e-08
0.09035509264549174,0.05605367900367374,2.6890807714178435,9.962330991864191e-08
0.09035509264549174,0.05605367900367374,1.380453924061727,8.413124748674699e-08
0.09035509264549174,0.05605367900367374,2.81539525723479,9.995047325445414e-08
0.09035509264549174,0.05605367900367374,2.4135267220403946,9.856108830363375e-08
0.09035509264549174,0.05605367900367374,1.1172394024356427,7.57273092302252e-08
0.09035509264549174,0.05605367900367374,1.5793108827372186,8.897620678971533e-08
0.09035509264549174,0.05605367900367374,1.4665339615839077,8.638840688900754e-08
0.09035509264549174,0.05605367900367374,1.2492474473938238,8.021366174948345e-08
0.09035509264549174,0.05605367900367374,2.14203478006835,9.680539124592706e-08
0.09035509264549174,0.05605367900367374,2.800293754693413,9.991546432889651e-08
0.09035509264549174,0.05605367900367374,1.1958841890451428,7.846136222552837e-08
0.09035509264549174,0.05605367900367374,1.4628705494320744,8.629739554494468e-08
0.09035509264549174,0.05605367900367374,2.759401255586162,9.981531878863671e-08
0.09035509264549174,0.05605367900367374,1.3042870692909887,8.192639872159011e-08
0.09035509264549174,0.05605367900367374,0.08805047846635805,5.168338254435415e-08
0.09035509264549174,0.05605367900367374,1.5201032746530037,8.76687735548408e-08
0.09035509264549174,0.05605367900367374,2.95765894905132,1.002341027189713e-07
0.09035509264549174,0.05605367900367374,1.7664486032540028,9.241905960160747e-08
0.09035509264549174,0.05605367900367374,0.6201723587282273,5.7249855548903015e-08
0.09035509264549174,0.05605367900367374,2.397790770942419,9.848186517457268e-08
0.09035509264549174,0.05605367900367374,0.9867310736174626,7.08705229768392e-08
0.09035509264549174,0.05605367900367374,2.396296359767329,9.847421795332237e-08
0.09035509264549174,0.05605367900367374,2.4408578753446992,9.86931870106831e-08
0.09035509264549174,0.05605367900367374,1.9919648452974812,9.538738800341059e-08
0.09035509264549174,0.05605367900367374,2.841281875806367,1.000081327905484e-07
0.09035509264549174,0.05605367900367374,0.6790419136237063,5.9213827136018434e-08
0.09035509264549174,0.05605367900367374,0.9827902340576546,7.071935125803648e-08
0.09035509264549174,0.05605367900367374,2.2452162275452663,9.757872870932507e-08
0.09035509264549174,0.05605367900367374,1.2084740963051304,7.888264440983788e-08
0.09035509264549174,0.05605367900367374,2.1547414932057847,9.690872588155918e-08
0.09035509264549174,0.05605367900367374,1.7177568655309985,9.161805391351288e-08
0.09035509264549174,0.05605367900367374,1.9681429115077131,9.51253562896119e-08
0.09035509264549174,0.05605367900367374,0.7003969225647264,5.996335397370278e-08
0.09035509264549174,0.05605367900367374,2.07157661340836,9.618702609592931e-08
0.09035509264549174,0.05605367900367374,2.284148545333202,9.783424897673516e-08
0.09035509264549174,0.05605367900367374,2.9608552077949475,1.0023960987265517e-07
0.09035509264549174,0.05605367900367374,1.5454414907928,8.824191994068398e-08
0.09035509264549174,0.05605367900367374,1.5244078139497244,8.776759598639247e-08
0.09035509264549174,0.05605367900367374,2.381200926507634,9.839574635445358e-08
0.09035509264549174,0.05605367900367374,2.078542730493696,9.625173089521122e-08
0.09035509264549174,0.05605367900367374,-2.776558948534668,1.0062204080266498e-07
0.09035509264549174,0.05605367900367374,-2.5273332476675,1.0031187384547514e-07
0.09035509264549174,0.05605367900367374,-2.137623503921331,9.939080123333181e-08
0.09035509264549174,0.05605367900367374,-2.4597432983558214,1.0019798638757517e-07
0.09035509264549174,0.05605367900367374,-2.3457220552008913,9.996807493522213e-08
0.09035509264549174,0.05605367900367374,-2.943123176980449,1.0075864581744886e-07
0.09035509264549174,0.05605367900367374,-1.492925471210857,9.515024295225284e-08
0.09035509264549174,0.05605367900367374,-2.1128203700545165,9.930514522353314e-08
0.09035509264549174,0.05605367900367374,-2.6582739542321883,1.0049369509948604e-07
0.09035509264549174,0.05605367900367374,-2.626232013170497,1.0045344312087496e-07
0.09035509264549174,0.05605367900367374,-2.856355144893423,1.006931164873942e-07
0.09035509264549174,0.05605367900367374,-2.326467403959265,9.992393024218975e-08
0.09035509264549174,0.05605367900367374,-2.570996988510519,1.0037778950661995e-07
0.09035509264549174,0.05605367900367374,-1.7058625509044847,9.713238682348159e-08
0.09035509264549174,0.05605367900367374,-1.8872627418443884,9.830736932083836e-08
0.09035509264549174,0.05605367900367374,-1.3416372957629021,9.321614446984208e-08
0.09035509264549174,0.05605367900367374,-2.189188930348105,9.955626481649266e-08
0.09035509264549174,0.05605367900367374,-0.8365516760780709,8.22180274247649e-08
0.09035509264549174,0.05605367900367374,-0.5867244557428251,7.379278810876887e-08
0.09035509264549174,0.05605367900367374,-1.4901471573059866,9.511908441342778e-08
0.09035509264549174,0.05605367900367374,-2.613699562797801,1.0043699358757023e-07
0.09035509264549174,0.05605367900367374,-1.9042388292907046,9.83982525038785e-08
0.09035509264549174,0.05605367900367374,-0.4523977632571299,6.867313664790794e-08
0.09035509264549174,0.05605367900367374,-0.4888866816131823,7.008579132286248e-08
0.09035509264549174,0.05605367900367374,-1.2544144497474465,9.185642187009501e-08
0.09035509264549174,0.05605367900367374,-2.8011396110227413,1.0064514482170822e-07
0.09035509264549174,0.05605367900367374,-2.564631287081304,1.0036852916187687e-07
0.09035509264549174,0.05605367900367374,-1.5697013735752898,9.595352953542938e-08
0.09035509264549174,0.05605367900367374,-2.1179391092867084,9.932315966501618e-08
0.09035509264549174,0.05605367900367374,-2.89679779388665,1.0072506589676732e-07
0.09035509264549174,0.05605367900367374,-0.8819035433645341,8.353957954332917e-08
0.09035509264549174,0.05605367900367374,-1.9706765776813284,9.872712055753174e-08
0.09035509264549174,0.05605367900367374,-2.1780841097390016,9.95220132783651e-08
0.09035509264549174,0.05605367900367374,-2.945426193296678,1.0076023595867119e-07
0.09035509264549174,0.05605367900367374,-1.7294756204327193,9.73086551779951e-08
0.09035509264549174,0.05605367900367374,-0.14654393755199502,5.737184297480594e-08
0.09035509264549174,0.05605367900367374,-2.5805919117299836,1.0039152975455113e-07
0.09035509264549174,0.05605367900367374,-2.069618247729797,9.914581639062802e-08
0.09035509264549174,0.05605367900367374,-1.3971484372981755,9.39844647071869e-08
0.09035509264549174,0.05605367900367374,-1.9160688997408222,9.845988358077256e-08
0.09035509264549174,0.05605367900367374,-2.8737906669123734,1.0070720536639694e-07
0.09035509264549174,0.05605367900367374,-2.123317265061948,9.934189646950385e-08
0.09035509264549174,0.05605367900367374,-2.09696659386943,9.9248209788581e-08
0.09035509264549174,0.05605367900367374,-2.3424521412454626,9.996069466634833e-08
0.09035509264549174,0.05605367900367374,-1.8264852085329926,9.79570955270604e-08
0.09035509264549174,0.05605367900367374,-2.7105960237463105,1.005541839911832e-07
0.09035509264549174,0.05605367900367374,-2.9939626320180928,1.0079211035674056e-07
0.09035509264549174,0.05605367900367374,-2.7538870639839,1.0059971023547059e-07
0.09035509264549174,0.05605367900367374,-1.2767816033882093,9.222376753790888e-08
0.09035509264549174,0.05605367900367374,-1.7467372440446232,9.743273895127643e-08
0.09035509264549174,0.05605367900367374,-2.68432390743092,1.0052459308020559e-07
0.09035509264549174,0.05605367900367374,-1.479023053875466,9.49927995575799e-08
0.09035509264549174,0.05605367900367374,-1.5447032655356363,9.570388625213763e-08
0.09035509264549174,0.05605367900367374,-1.1742276612841693,9.042675239378409e-08
0.09035509264549174,0.05605367900367374,-2.7260289321464253,1.0057086286642324e-07
0.09035509264549174,0.05605367900367374,-1.0952706122956757,8.88358846910054e-08
0.09035509264549174,0.05605367900367374,-2.5149151054175025,1.0029206859625212e-07
0.09035509264549174,0.05605367900367374,-1.6713377135926542,9.686050573651096e-08
0.09035509264549174,0.05605367900367374,-2.603407962553932,1.0042317773695247e-07
0.09035509264549174,0.05605367900367374,-2.536998490218309,1.0032695703898439e-07
0.09035509264549174,0.05605367900367374,-1.6611539527267567,9.677697474541606e-08
0.09035509264549174,0.05605367900367374,-2.9834659548363027,1.0078547518795123e-07
0.09035509264549174,0.05605367900367374,-1.5298888079970259,9.555061854355152e-08
0.09035509264549174,0.05605367900367374,-1.713716227440469,9.719186605802245e-08
0.09035509264549174,0.05605367900367374,-2.453582870625482,1.0018683417879456e-07
0.09035509264549174,0.05605367900367374,-2.2441096481844705,9.971522619648294e-08
0.09035509264549174,0.05605367900367374,-2.7175031781274965,1.0056171177894876e-07
0.09035509264549174,0.05605367900367374,-1.372159389515856,9.364747676677798e-08
0.09035509264549174,0.05605367900367374,-2.4645913994915354,1.0020666851721872e-07
0.09035509264549174,0.05605367900367374,-2.689005648914817,1.0052997942208785e-07
0.09035509264549174,0.05605367900367374,-2.782403194012384,1.0062763634821455e-07
0.09035509264549174,0.05605367900367374,-2.7541436209823518,1.0059996857925639e-07
0.09035509264549174,0.05605367900367374,-1.755731273404138,9.749583883098747e-08
0.09035509264549174,0.05605367900367374,-1.8670500630717375,9.819529324540371e-08
0.09035509264549174,0.05605367900367374,-1.6807714641635068,9.693651087173507e-08
0.09035509264549174,0.05605367900367374,-2.640065551756643,1.0047113406765294e-07
0.09035509264549174,0.05605367900367374,-1.9574150318889958,9.86647474004618e-08
0.09035509264549174,0.05605367900367374,-2.292899875554468,9.984288860942849e-08
0.09035509264549174,0.05605367900367374,-2.475785386998951,1.0022640200132947e-07
0.09035509264549174,0.05605367900367374,-0.5828140590099768,7.364779854380055e-08
0.09035509264549174,0.05605367900367374,-2.64099110035314,1.0047230054241999e-07
0.09035509264549174,0.05605367900367374,-2.27249605777908,9.979097221505792e-08
0.09035509264549174,0.05605367900367374,-0.5120929401400578,7.097779422102305e-08
0.09035509264549174,0.05605367900367374,-1.3447168031081607,9.326067022013179e-08
0.09035509264549174,0.05605367900367374,-0.2733260869284906,6.179322713534822e-08
0.09035509264549174,0.05605367900367374,-2.165928987538045,9.948366811042862e-08
0.09035509264549174,0.05605367900367374,-1.56343314046847,9.589197344711611e-08
0.09035509264549174,0.05605367900367374,-1.7771689778573718,9.7642064048309e-08
0.09035509264549174,0.05605367900367374,-2.9035209003689815,1.007301329373293e-07
0.09035509264549174,0.05605367900367374,-2.7503919427293964,1.0059617767027957e-07
0.09035509264549174,0.05605367900367374,-1.588935337510744,9.61381601187327e-08
0.09035509264549174,0.05605367900367374,-2.9196082474153533,1.0074198655683892e-07
0.09035509264549174,0.05605367900367374,-1.3482956952835132,9.331212963886094e-08
0.09035509264549174,0.05605367900367374,-2.441816181891637,1.0016515444771875e-07
0.09035509264549174,0.05605367900367374,-1.6748085193593818,9.68886215753525e-08
0.09035509264549174,0.05605367900367374,-1.2629226424536548,9.199771995470234e-08
0.09035509264549174,0.05605367900367374,-1.1945197626086164,9.08056966522189e-08
0.09035509264549174,0.05605367900367374,-2.685241287192385,1.0052565245633462e-07
0.09035509264549174,0.05605367900367374,-1.66321961680698,9.679404378599842e-08
0.09035509264549174,0.05605367900367374,-1.825968379513002,9.795394224821548e-08
0.09035509264549174,0.05605367900367374,-1.3804039833064392,9.376023873167598e-08
0.09035509264549174,0.05605367900367374,-2.3057386716055968,9.987451350023973e-08
0.09035509264549174,0.05605367900367374,-0.7273864809749568,7.876099797170573e-08
0.09035509264549174,0.05605367900367374,-2.1919222023340104,9.956458285890153e-08
0.09035509264549174,0.05605367900367374,-1.8650672134077322,9.818406707708661e-08
0.09035509264549174,0.05605367900367374,-1.905901166293123,9.840699628163212e-08
0.09035509264549174,0.05605367900367374,-1.177826024879741,9.049481968303793e-08
0.09035509264549174,0.05605367900367374,-1.487575549942164,9.509010861510391e-08
0.09035509264549174,0.05605367900367374,-2.890075486609906,1.007199313997194e-07
0.09035509264549174,0.05605367900367374,-1.2394013798657948,9.160234422775851e-08
0.09035509264549174,0.05605367900367374,-0.20557249901856656,5.935175915490306e-08
0.09035509264549174,0.05605367900367374,-0.02454525352654624,5.390089653308242e-08
0.09035509264549174,0.05605367900367374,-1.2649666048376043,9.203137723069092e-08
0.09035509264549174,0.05605367900367374,-2.086076600576454,9.920808138905879e-08
0.09035509264549174,0.05605367900367374,-2.5151981512904924,1.002925254269418e-07
0.09035509264549174,0.05605367900367374,-2.003781589607508,9.887611619707405e-08
0.09035509264549174,0.05605367900367374,-2.4049110103625515,1.0009381873292347e-07
0.09035509264549174,0.05605367900367374,-2.1358247086881823,9.938472617265612e-08
0.09035509264549174,0.05605367900367374,-0.7676724118829772,8.008096719888622e-08
0.09035509264549174,0.05605367900367374,-2.7896296997923886,1.006344663514806e-07
0.09035509264549174,0.05605367900367374,-1.217524869023034,9.122107046989919e-08
0.09035509264549174,0.05605367900367374,-2.631381918677431,1.0046008557220372e-07
0.09035509264549174,0.05605367900367374,-0.5466200729862583,7.229178800429771e-08
0.09035509264549174,0.05605367900367374,-2.6328028671810215,1.0046190648340174e-07
0.09035509264549174,0.05605367900367374,-2.6473766552864793,1.004802904590923e-07
0.09035509264549174,0.05605367900367374,-1.108758291518789,8.912108718811758e-08
0.09035509264549174,0.05605367900367374,-0.46204810683478703,6.904765757777557e-08
0.09035509264549174,0.05605367900367374,-2.0753236163926903,9.916762431114586e-08
0.09035509264549174,0.05605367900367374,-1.0954630774900604,8.883999424206268e-08
0.09035509264549174,0.05605367900367374,-0.903993035073996,8.415825546381064e-08
0.09035509264549174,0.05605367900367374,-2.1986625565993148,9.958490810484193e-08
0.09035509264549174,0.05605367900367374,-2.9938469421618934,1.007920379786067e-07
0.09035509264549174,0.05605367900367374,-2.7158702365659106,1.0055994138469242e-07
0.09035509264549174,0.05605367900367374,-2.932837971874576,1.0075145483948642e-07
0.09035509264549174,0.05605367900367374,-1.8079720884948367,9.784222001811324e-08
0.09035509264549174,0.05605367900367374,-2.2602888878385823,9.975891081947643e-08
0.09035509264549174,0.05605367900367374,-1.107615391500401,8.909713884470984e-08
0.09035509264549174,0.05605367900367374,-2.671109603995502,1.0050911833731762e-07
0.09035509264549174,0.05605367900367374,-2.7040916642317105,1.0054700054080568e-07
0.09035509264549174,0.05605367900367374,-2.617079318933573,1.0044146984804536e-07
0.09035509264549174,0.05605367900367374,-2.9612886127402382,1.0077099293326755e-07
0.09035509264549174,0.05605367900367374,-1.673448594761185,9.687762651877701e-08
0.09035509264549174,0.05605367900367374,-0.9197661980832881,8.458996439464904e-08
0.09035509264549174,0.05605367900367374,-2.0195065285051226,9.894365742278293e-08
0.09035509264549174,0.05605367900367374,-1.744377336940795,9.741600769768419e-08
0.09035509264549174,0.05605367900367374,-2.0645714875832764,9.912632563620132e-08
0.09035509264549174,0.05605367900367374,-2.4552206978592466,1.0018981231135248e-07
0.09035509264549174,0.05605367900367374,-1.8607930033006885,9.815972514143757e-08
0.09035509264549174,0.05605367900367374,-2.949109500484378,1.0076276406414413e-07
0.09035509264549174,0.05605367900367374,-2.7503989609223085,1.0059618478818053e-07
