eta,WQ
-3.0,0.013337336194653205
-2.993993993993994,0.013336541176085445
-2.987987987987988,0.013335736647022563
-2.981981981981982,0.013334922494877218
-2.975975975975976,0.013334098605757969
-2.96996996996997,0.013333264864454852
-2.963963963963964,0.013332421154424843
-2.957957957957958,0.013331567357777175
-2.951951951951952,0.013330703355258487
-2.945945945945946,0.013329829026237857
-2.93993993993994,0.013328944248691677
-2.933933933933934,0.013328048899188396
-2.9279279279279278,0.01332714285287307
-2.921921921921922,0.013326225983451833
-2.915915915915916,0.013325298163176152
-2.90990990990991,0.013324359262826994
-2.903903903903904,0.013323409151698768
-2.8978978978978978,0.013322447697583204
-2.891891891891892,0.013321474766752989
-2.885885885885886,0.01332049022394533
-2.87987987987988,0.013319493932345302
-2.873873873873874,0.013318485753569073
-2.8678678678678677,0.013317465547646954
-2.861861861861862,0.013316433173006325
-2.855855855855856,0.013315388486454362
-2.84984984984985,0.013314331343160625
-2.843843843843844,0.013313261596639498
-2.8378378378378377,0.013312179098732446
-2.831831831831832,0.013311083699590128
-2.825825825825826,0.01330997524765436
-2.81981981981982,0.013308853589639862
-2.813813813813814,0.013307718570515922
-2.8078078078078077,0.01330657003348782
-2.8018018018018016,0.013305407819978163
-2.795795795795796,0.013304231769607983
-2.78978978978979,0.013303041720177714
-2.7837837837837838,0.013301837507648006
-2.7777777777777777,0.013300618966120338
-2.7717717717717716,0.013299385927817514
-2.765765765765766,0.01329813822306394
-2.75975975975976,0.013296875680265776
-2.7537537537537538,0.013295598125890908
-2.7477477477477477,0.013294305384448726
-2.7417417417417416,0.01329299727846978
-2.735735735735736,0.01329167362848523
-2.72972972972973,0.013290334253006146
-2.7237237237237237,0.01328897896850263
-2.7177177177177176,0.013287607589382779
-2.7117117117117115,0.013286219927971467
-2.705705705705706,0.01328481579448897
-2.6996996996997,0.013283394997029406
-2.6936936936936937,0.013281957341539028
-2.6876876876876876,0.013280502631794321
-2.6816816816816815,0.013279030669379953
-2.6756756756756754,0.013277541253666546
-2.66966966966967,0.01327603418178828
-2.6636636636636637,0.013274509248620323
-2.6576576576576576,0.013272966246756106
-2.6516516516516515,0.01327140496648443
-2.6456456456456454,0.013269825195766362
-2.6396396396396398,0.013268226720212056
-2.6336336336336337,0.013266609323057302
-2.6276276276276276,0.013264972785139986
-2.6216216216216215,0.013263316884876348
-2.6156156156156154,0.013261641398237092
-2.6096096096096097,0.01325994609872332
-2.6036036036036037,0.013258230757342311
-2.5975975975975976,0.01325649514258314
-2.5915915915915915,0.013254739020392127
-2.5855855855855854,0.013252962154148134
-2.5795795795795797,0.013251164304637707
-2.5735735735735736,0.013249345230030053
-2.5675675675675675,0.013247504685851856
-2.5615615615615615,0.013245642424961962
-2.5555555555555554,0.013243758197525877
-2.5495495495495497,0.013241851750990147
-2.5435435435435436,0.013239922830056573
-2.5375375375375375,0.013237971176656267
-2.5315315315315314,0.01323599652992359
-2.5255255255255253,0.013233998626169918
-2.5195195195195197,0.013231977198857287
-2.5135135135135136,0.013229931978571889
-2.5075075075075075,0.013227862692997432
-2.5015015015015014,0.013225769066888358
-2.4954954954954953,0.013223650822042951
-2.4894894894894897,0.013221507677276296
-2.4834834834834836,0.013219339348393106
-2.4774774774774775,0.013217145548160456
-2.4714714714714714,0.01321492598628036
-2.4654654654654653,0.013212680369362259
-2.4594594594594597,0.013210408400895367
-2.4534534534534536,0.013208109781220945
-2.4474474474474475,0.013205784207504427
-2.4414414414414414,0.013203431373707476
-2.4354354354354353,0.013201050970559918
-2.4294294294294296,0.013198642685531583
-2.4234234234234235,0.013196206202804085
-2.4174174174174174,0.013193741203242466
-2.4114114114114114,0.013191247364366809
-2.4054054054054053,0.013188724360323714
-2.3993993993993996,0.013186171861857783
-2.3933933933933935,0.013183589536282955
-2.3873873873873874,0.013180977047453834
-2.3813813813813813,0.01317833405573694
-2.3753753753753752,0.013175660217981897
-2.3693693693693696,0.013172955187492624
-2.3633633633633635,0.01317021861399843
-2.3573573573573574,0.01316745014362509
-2.3513513513513513,0.013164649418865942
-2.3453453453453452,0.013161816078552907
-2.3393393393393396,0.013158949757827507
-2.3333333333333335,0.013156050088111916
-2.3273273273273274,0.013153116697079973
-2.3213213213213213,0.01315014920862821
-2.315315315315315,0.013147147242846925
-2.3093093093093096,0.013144110415991247
-2.3033033033033035,0.013141038340452256
-2.2972972972972974,0.013137930624728142
-2.2912912912912913,0.013134786873395409
-2.285285285285285,0.013131606687080145
-2.2792792792792795,0.01312838966242936
-2.2732732732732734,0.013125135392082418
-2.2672672672672673,0.013121843464642536
-2.2612612612612613,0.013118513464648388
-2.255255255255255,0.013115144972545852
-2.2492492492492495,0.013111737564659824
-2.243243243243243,0.01310829081316621
-2.2372372372372373,0.01310480428606405
-2.2312312312312312,0.01310127754714779
-2.225225225225225,0.013097710155979731
-2.2192192192192195,0.013094101667862658
-2.213213213213213,0.013090451633812662
-2.2072072072072073,0.013086759600532169
-2.201201201201201,0.013083025110383202
-2.195195195195195,0.013079247701360854
-2.189189189189189,0.013075426907067037
-2.183183183183183,0.013071562256684478
-2.1771771771771773,0.013067653274950998
-2.171171171171171,0.013063699482134091
-2.165165165165165,0.013059700394005821
-2.159159159159159,0.013055655521818017
-2.153153153153153,0.013051564372277858
-2.1471471471471473,0.013047426447523765
-2.141141141141141,0.013043241245101733
-2.135135135135135,0.013039008257941997
-2.129129129129129,0.013034726974336185
-2.123123123123123,0.013030396877914822
-2.1171171171171173,0.013026017447625373
-2.111111111111111,0.013021588157710698
-2.105105105105105,0.01301710847768804
-2.099099099099099,0.013012577872328498
-2.093093093093093,0.013007995801637076
-2.0870870870870872,0.013003361720833252
-2.081081081081081,0.012998675080332155
-2.075075075075075,0.01299393532572634
-2.069069069069069,0.012989141897768189
-2.063063063063063,0.012984294232352962
-2.057057057057057,0.012979391760502544
-2.051051051051051,0.012974433908349872
-2.045045045045045,0.012969420097124098
-2.039039039039039,0.012964349743136521
-2.033033033033033,0.012959222257767276
-2.027027027027027,0.012954037047452861
-2.021021021021021,0.012948793513674478
-2.015015015015015,0.012943491052947259
-2.009009009009009,0.012938129056810369
-2.003003003003003,0.012932706911818062
-1.996996996996997,0.012927223999531673
-1.990990990990991,0.01292167969651259
-1.984984984984985,0.012916073374316304
-1.978978978978979,0.01291040439948742
-1.972972972972973,0.01290467213355585
-1.966966966966967,0.012898875933034052
-1.960960960960961,0.012893015149415479
-1.954954954954955,0.012887089129174188
-1.9489489489489489,0.012881097213765685
-1.942942942942943,0.012875038739629047
-1.936936936936937,0.012868913038190325
-1.930930930930931,0.012862719435867306
-1.924924924924925,0.012856457254075642
-1.9189189189189189,0.012850125809236427
-1.912912912912913,0.012843724412785185
-1.906906906906907,0.012837252371182417
-1.9009009009009008,0.01283070898592565
-1.894894894894895,0.012824093553563096
-1.8888888888888888,0.012817405365708943
-1.882882882882883,0.012810643709060302
-1.8768768768768769,0.012803807865415899
-1.8708708708708708,0.012796897111696544
-1.864864864864865,0.01278991071996736
-1.8588588588588588,0.012782847957461953
-1.852852852852853,0.012775708086608425
-1.8468468468468469,0.012768490365057401
-1.8408408408408408,0.012761194045712035
-1.834834834834835,0.012753818376760082
-1.8288288288288288,0.012746362601708106
-1.822822822822823,0.012738825959417837
-1.8168168168168168,0.012731207684144768
-1.8108108108108107,0.012723507005578994
-1.8048048048048049,0.01271572314888843
-1.7987987987987988,0.012707855334764373
-1.792792792792793,0.012699902779469557
-1.7867867867867868,0.012691864694888658
-1.7807807807807807,0.012683740288581411
-1.7747747747747749,0.012675528763838316
-1.7687687687687688,0.012667229319739045
-1.7627627627627627,0.012658841151213587
-1.7567567567567568,0.012650363449106205
-1.7507507507507507,0.01264179540024225
-1.7447447447447448,0.012633136187497925
-1.7387387387387387,0.01262438498987304
-1.7327327327327327,0.012615540982566838
-1.7267267267267268,0.01260660333705695
-1.7207207207207207,0.012597571221181514
-1.7147147147147148,0.012588443799224655
-1.7087087087087087,0.012579220232005167
-1.7027027027027026,0.012569899676968732
-1.6966966966966968,0.012560481288283513
-1.6906906906906907,0.012550964216939348
-1.6846846846846848,0.012541347610850557
-1.6786786786786787,0.012531630614962423
-1.6726726726726726,0.012521812371361447
-1.6666666666666667,0.012511892019389447
-1.6606606606606606,0.012501868695761557
-1.6546546546546548,0.012491741534688239
-1.6486486486486487,0.012481509668001324
-1.6426426426426426,0.012471172225284237
-1.6366366366366367,0.012460728334006391
-1.6306306306306306,0.012450177119661931
-1.6246246246246245,0.012439517705912817
-1.6186186186186187,0.01242874921473636
-1.6126126126126126,0.012417870766577315
-1.6066066066066067,0.012406881480504565
-1.6006006006006006,0.01239578047437251
-1.5945945945945945,0.012384566864987212
-1.5885885885885886,0.012373239768277415
-1.5825825825825826,0.012361798299470496
-1.5765765765765767,0.012350241573273404
-1.5705705705705706,0.012338568704058738
-1.5645645645645645,0.012326778806055979
-1.5585585585585586,0.012314870993547982
-1.5525525525525525,0.01230284438107282
-1.5465465465465467,0.012290698083631054
-1.5405405405405406,0.0122784312168985
-1.5345345345345345,0.012266042897444582
-1.5285285285285286,0.012253532242956364
-1.5225225225225225,0.012240898372468332
-1.5165165165165164,0.012228140406597995
-1.5105105105105106,0.01221525746778741
-1.5045045045045045,0.012202248680550696
-1.4984984984984986,0.012189113171727608
-1.4924924924924925,0.012175850070743276
-1.4864864864864864,0.012162458509874184
-1.4804804804804805,0.012148937624520404
-1.4744744744744744,0.01213528655348428
-1.4684684684684686,0.012121504439255519
-1.4624624624624625,0.012107590428302836
-1.4564564564564564,0.012093543671372218
-1.4504504504504505,0.012079363323791845
-1.4444444444444444,0.012065048545783772
-1.4384384384384385,0.012050598502782438
-1.4324324324324325,0.012036012365760053
-1.4264264264264264,0.01202128931155895
-1.4204204204204205,0.012006428523230965
-1.4144144144144144,0.011991429190383866
-1.4084084084084085,0.011976290509534991
-1.4024024024024024,0.011961011684472023
-1.3963963963963963,0.011945591926621072
-1.3903903903903905,0.011930030455422059
-1.3843843843843844,0.011914326498711481
-1.3783783783783783,0.01189847929311256
-1.3723723723723724,0.011882488084432909
-1.3663663663663663,0.01186635212806967
-1.3603603603603605,0.011850070689422218
-1.3543543543543544,0.011833643044312453
-1.3483483483483483,0.011817068479412721
-1.3423423423423424,0.01180034629268137
-1.3363363363363363,0.011783475793806019
-1.3303303303303304,0.011766456304654527
-1.3243243243243243,0.011749287159733647
-1.3183183183183182,0.011731967706655501
-1.3123123123123124,0.011714497306611744
-1.3063063063063063,0.011696875334855509
-1.3003003003003004,0.011679101181191134
-1.2942942942942943,0.011661174250471622
-1.2882882882882882,0.011643093963103895
-1.2822822822822824,0.011624859755561741
-1.2762762762762763,0.011606471080906526
-1.2702702702702702,0.011587927409315597
-1.2642642642642643,0.011569228228618353
-1.2582582582582582,0.011550373044839945
-1.2522522522522523,0.011531361382752613
-1.2462462462462462,0.011512192786434509
-1.2402402402402402,0.011492866819836077
-1.2342342342342343,0.01147338306735384
-1.2282282282282282,0.011453741134411543
-1.2222222222222223,0.011433940648048618
-1.2162162162162162,0.011413981257515844
-1.2102102102102101,0.011393862634878118
-1.2042042042042043,0.011373584475624287
-1.1981981981981982,0.011353146499283847
-1.1921921921921923,0.011332548450050496
-1.1861861861861862,0.011311790097412336
-1.1801801801801801,0.011290871236788649
-1.1741741741741742,0.011269791690173081
-1.1681681681681682,0.011248551306783065
-1.1621621621621623,0.011227149963715412
-1.1561561561561562,0.011205587566607765
-1.15015015015015,0.011183864050305891
-1.1441441441441442,0.011161979379536483
-1.1381381381381381,0.011139933549585384
-1.132132132132132,0.011117726586980965
-1.1261261261261262,0.011095358550182474
-1.12012012012012,0.011072829530273076
-1.1141141141141142,0.011050139651657423
-1.1081081081081081,0.011027289072763423
-1.102102102102102,0.011004277986747994
-1.0960960960960962,0.010981106622206542
-1.09009009009009,0.010957775243885809
-1.0840840840840842,0.010934284153399877
-1.078078078078078,0.010910633689948969
-1.072072072072072,0.010886824231040735
-1.0660660660660661,0.0108628561932137
-1.06006006006006,0.010838730032762514
-1.0540540540540542,0.010814446246464668
-1.048048048048048,0.010790005372308268
-1.042042042042042,0.010765407990220527
-1.0360360360360361,0.010740654722796549
-1.03003003003003,0.01071574623602799
-1.0240240240240241,0.010690683240031217
-1.018018018018018,0.010665466489774449
-1.012012012012012,0.010640096785803532
-1.006006006006006,0.010614574974965785
-1.0,0.010588901951131536
-0.9939939939939939,0.010563078655912748
-0.9879879879879878,0.01053710607937834
-0.9819819819819822,0.010510985260765639
-0.9759759759759761,0.010484717289187392
-0.96996996996997,0.01045830330433389
-0.9639639639639639,0.01043174449716954
-0.9579579579579578,0.010405042110623422
-0.9519519519519521,0.01037819744027314
-0.945945945945946,0.010351211835021454
-0.93993993993994,0.010324086697765055
-0.9339339339339339,0.010296823486054846
-0.9279279279279278,0.01026942371274712
-0.9219219219219221,0.010241888946644961
-0.915915915915916,0.010214220813129228
-0.9099099099099099,0.010186420994778459
-0.9039039039039038,0.01015849123197699
-0.8978978978978978,0.010130433323510572
-0.8918918918918921,0.010102249127148868
-0.885885885885886,0.010073940560214014
-0.8798798798798799,0.010045509600134553
-0.8738738738738738,0.010016958284984051
-0.8678678678678677,0.009988288714003568
-0.8618618618618621,0.009959503048107275
-0.855855855855856,0.009930603510370452
-0.8498498498498499,0.009901592386499087
-0.8438438438438438,0.00987247202528027
-0.8378378378378377,0.009843244839012643
-0.8318318318318321,0.009813913303916065
-0.825825825825826,0.009784479960519711
-0.8198198198198199,0.009754947414027805
-0.8138138138138138,0.009725318334662163
-0.8078078078078077,0.009695595457980722
-0.8018018018018016,0.009665781585171267
-0.795795795795796,0.009635879583319499
-0.7897897897897899,0.009605892385650634
-0.7837837837837838,0.009575822991743742
-0.7777777777777777,0.009545674467717924
-0.7717717717717716,0.009515449946389575
-0.7657657657657659,0.0094851526273999
-0.7597597597597598,0.009454785777311786
-0.7537537537537538,0.009424352729675362
-0.7477477477477477,0.00939385688506127
-0.7417417417417416,0.009363301711060956
-0.7357357357357359,0.00933269074225314
-0.7297297297297298,0.00930202758013566
-0.7237237237237237,0.009271315893021931
-0.7177177177177176,0.009240559415901248
-0.7117117117117115,0.009209761950262118
-0.7057057057057059,0.009178927363877942
-0.6996996996996998,0.009148059590554255
-0.6936936936936937,0.009117162629836846
-0.6876876876876876,0.009086240546679978
-0.6816816816816815,0.009055297471074118
-0.6756756756756759,0.009024337597632395
-0.6696696696696698,0.008993365185135223
-0.6636636636636637,0.00896238455603241
-0.6576576576576576,0.008931400095902155
-0.6516516516516515,0.008900416252866316
-0.6456456456456459,0.008869437536961466
-0.6396396396396398,0.008838468519465082
-0.6336336336336337,0.008807513832176478
-0.6276276276276276,0.008776578166651911
-0.6216216216216215,0.00874566627339346
-0.6156156156156158,0.008714782960991239
-0.6096096096096097,0.008683933095218536
-0.6036036036036037,0.008653121598079603
-0.5975975975975976,0.00862235344680967
-0.5915915915915915,0.008591633672826978
-0.5855855855855858,0.008560967360636575
-0.5795795795795797,0.00853035964668564
-0.5735735735735736,0.008499815718170213
-0.5675675675675675,0.008469340811793178
-0.5615615615615615,0.008438940212473421
-0.5555555555555554,0.008408619252006158
-0.5495495495495497,0.008378383307674387
-0.5435435435435436,0.00834823780081158
-0.5375375375375375,0.008318188195315669
-0.5315315315315314,0.008288239996114522
-0.5255255255255253,0.008258398747583042
-0.5195195195195197,0.008228670031912237
-0.5135135135135136,0.008199059467430447
-0.5075075075075075,0.00816957270687719
-0.5015015015015014,0.008140215435629965
-0.4954954954954953,0.008110993369884481
-0.48948948948948967,0.008081912254788865
-0.4834834834834836,0.008052977862532344
-0.4774774774774775,0.00802419599038913
-0.4714714714714714,0.007995572458718066
-0.4654654654654653,0.007967113108918879
-0.45945945945945965,0.007938823801345756
-0.45345345345345356,0.00791071041317912
-0.44744744744744747,0.007882778836256543
-0.4414414414414414,0.007855034974863687
-0.4354354354354353,0.007827484743486369
-0.42942942942942963,0.007800134064524787
-0.42342342342342354,0.007772988865971021
-0.41741741741741745,0.007746055079051082
-0.41141141141141135,0.007719338635832647
-0.40540540540540526,0.0076928454667998785
-0.3993993993993996,0.0076665814983966265
-0.3933933933933935,0.0076405526505394505
-0.3873873873873874,0.00761476483410193
-0.38138138138138133,0.007589223948371791
-0.37537537537537524,0.0075639358784823675
-0.3693693693693696,0.007538906492820127
-0.3633633633633635,0.007514141640409809
-0.3573573573573574,0.007489647148279017
-0.3513513513513513,0.007465428818803948
-0.3453453453453452,0.007441492427038116
-0.3393393393393396,0.007417843718025941
-0.3333333333333335,0.0073944884041030595
-0.3273273273273274,0.0073714321621853865
-0.3213213213213213,0.007348680631048823
-0.3153153153153152,0.007326239408601699
-0.30930930930930955,0.007304114049151985
-0.30330330330330346,0.0072823100606713665
-0.29729729729729737,0.00726083290205833
-0.2912912912912913,0.007239687980402374
-0.2852852852852852,0.007218880648251572
-0.2792792792792791,0.007198416200885659
-0.27327327327327344,0.007178299873596905
-0.26726726726726735,0.007158536838980977
-0.26126126126126126,0.00713913220424012
-0.25525525525525516,0.007120091008500874
-0.24924924924924907,0.007101418220148663
-0.24324324324324342,0.007083118734181542
-0.23723723723723733,0.0070651973695853906
-0.23123123123123124,0.007047658866732918
-0.22522522522522515,0.007030507884808728
-0.21921921921921905,0.007013748999262774
-0.2132132132132134,0.0069973866992945515
-0.2072072072072073,0.006981425385370218
-0.20120120120120122,0.006965869366775046
-0.19519519519519513,0.006950722859203386
-0.18918918918918903,0.00693598998238841
-0.18318318318318338,0.00692167475777389
-0.1771771771771773,0.006907781106230163
-0.1711711711711712,0.006894312845816537
-0.1651651651651651,0.0068812736895921866
-0.159159159159159,0.006868667243477723
-0.15315315315315337,0.00685649700416949
-0.14714714714714727,0.006844766357108598
-0.14114114114114118,0.006833478574506751
-0.1351351351351351,0.006822636813430729
-0.129129129129129,0.006812244113947505
-0.12312312312312335,0.006802303397331786
-0.11711711711711725,0.006792817464337805
-0.11111111111111116,0.006783788993537095
-0.10510510510510507,0.006775220539723906
-0.09909909909909898,0.006767114532389907
-0.09309309309309333,0.006759473274269694
-0.08708708708708723,0.006752298939958622
-0.08108108108108114,0.00674559357460435
-0.07507507507507505,0.00673935909267345
-0.06906906906906896,0.006733597276794363
-0.06306306306306331,0.006728309776677878
-0.057057057057057214,0.00672349810811627
-0.05105105105105112,0.0067191636520621155
-0.04504504504504503,0.006715307653787773
-0.039039039039038936,0.0067119312221263746
-0.033033033033032844,0.006709035328795137
-0.027027027027027195,0.006706620807801706
-0.021021021021021102,0.006704688354934131
-0.01501501501501501,0.006703238527335045
-0.009009009009008917,0.006702271743160443
-0.0030030030030028243,0.0067017882813234725
0.0030030030030028243,0.0067017882813234725
0.009009009009008917,0.006702271743160443
0.01501501501501501,0.006703238527335045
0.021021021021021102,0.006704688354934131
0.027027027027027195,0.006706620807801706
0.033033033033032844,0.006709035328795137
0.039039039039038936,0.0067119312221263746
0.04504504504504503,0.006715307653787773
0.05105105105105112,0.0067191636520621155
0.057057057057057214,0.00672349810811627
0.06306306306306286,0.006728309776677878
0.06906906906906896,0.006733597276794363
0.07507507507507505,0.00673935909267345
0.08108108108108114,0.00674559357460435
0.08708708708708723,0.006752298939958622
0.09309309309309288,0.006759473274269693
0.09909909909909898,0.006767114532389907
0.10510510510510507,0.006775220539723906
0.11111111111111116,0.006783788993537095
0.11711711711711725,0.006792817464337805
0.1231231231231229,0.006802303397331784
0.129129129129129,0.006812244113947505
0.1351351351351351,0.006822636813430729
0.14114114114114118,0.006833478574506751
0.14714714714714727,0.006844766357108598
0.15315315315315292,0.006856497004169487
0.159159159159159,0.006868667243477723
0.1651651651651651,0.0068812736895921866
0.1711711711711712,0.006894312845816537
0.1771771771771773,0.006907781106230163
0.18318318318318294,0.006921674757773887
0.18918918918918903,0.00693598998238841
0.19519519519519513,0.006950722859203386
0.20120120120120122,0.006965869366775046
0.2072072072072073,0.006981425385370218
0.2132132132132134,0.0069973866992945515
0.21921921921921905,0.007013748999262774
0.22522522522522515,0.007030507884808728
0.23123123123123124,0.007047658866732918
0.23723723723723733,0.0070651973695853906
0.24324324324324342,0.007083118734181542
0.24924924924924907,0.007101418220148663
0.25525525525525516,0.007120091008500874
0.26126126126126126,0.00713913220424012
0.26726726726726735,0.007158536838980977
0.27327327327327344,0.007178299873596905
0.2792792792792791,0.007198416200885659
0.2852852852852852,0.007218880648251572
0.2912912912912913,0.007239687980402374
0.29729729729729737,0.00726083290205833
0.30330330330330346,0.0072823100606713665
0.3093093093093091,0.007304114049151984
0.3153153153153152,0.007326239408601699
0.3213213213213213,0.007348680631048823
0.3273273273273274,0.0073714321621853865
0.3333333333333335,0.0073944884041030595
0.33933933933933913,0.0074178437180259385
0.3453453453453452,0.007441492427038116
0.3513513513513513,0.007465428818803948
0.3573573573573574,0.007489647148279017
0.3633633633633635,0.007514141640409809
0.36936936936936915,0.007538906492820123
0.37537537537537524,0.0075639358784823675
0.38138138138138133,0.007589223948371791
0.3873873873873874,0.00761476483410193
0.3933933933933935,0.0076405526505394505
0.39939939939939917,0.007666581498396625
0.40540540540540526,0.0076928454667998785
0.41141141141141135,0.007719338635832647
0.41741741741741745,0.007746055079051082
0.42342342342342354,0.007772988865971021
0.4294294294294292,0.007800134064524785
0.4354354354354353,0.007827484743486369
0.4414414414414414,0.007855034974863687
0.44744744744744747,0.007882778836256543
0.45345345345345356,0.00791071041317912
0.45945945945945965,0.007938823801345756
0.4654654654654653,0.007967113108918879
0.4714714714714714,0.007995572458718066
0.4774774774774775,0.00802419599038913
0.4834834834834836,0.008052977862532344
0.48948948948948967,0.008081912254788865
0.4954954954954953,0.008110993369884481
0.5015015015015014,0.008140215435629965
0.5075075075075075,0.00816957270687719
0.5135135135135136,0.008199059467430447
0.5195195195195197,0.008228670031912237
0.5255255255255253,0.008258398747583042
0.5315315315315314,0.008288239996114522
0.5375375375375375,0.008318188195315669
0.5435435435435436,0.00834823780081158
0.5495495495495497,0.008378383307674387
0.5555555555555554,0.008408619252006158
0.5615615615615615,0.008438940212473421
0.5675675675675675,0.008469340811793178
0.5735735735735736,0.008499815718170213
0.5795795795795797,0.00853035964668564
0.5855855855855854,0.008560967360636574
0.5915915915915915,0.008591633672826978
0.5975975975975976,0.00862235344680967
0.6036036036036037,0.008653121598079603
0.6096096096096097,0.008683933095218536
0.6156156156156154,0.008714782960991235
0.6216216216216215,0.00874566627339346
0.6276276276276276,0.008776578166651911
0.6336336336336337,0.008807513832176478
0.6396396396396398,0.008838468519465082
0.6456456456456454,0.008869437536961464
0.6516516516516515,0.008900416252866316
0.6576576576576576,0.008931400095902155
0.6636636636636637,0.00896238455603241
0.6696696696696698,0.008993365185135223
0.6756756756756754,0.009024337597632392
0.6816816816816815,0.009055297471074118
0.6876876876876876,0.009086240546679978
0.6936936936936937,0.009117162629836846
0.6996996996996998,0.009148059590554255
0.7057057057057055,0.009178927363877938
0.7117117117117115,0.009209761950262118
0.7177177177177176,0.009240559415901248
0.7237237237237237,0.009271315893021931
0.7297297297297298,0.00930202758013566
0.7357357357357359,0.00933269074225314
0.7417417417417416,0.009363301711060956
0.7477477477477477,0.00939385688506127
0.7537537537537538,0.009424352729675362
0.7597597597597598,0.009454785777311786
0.7657657657657659,0.0094851526273999
0.7717717717717716,0.009515449946389575
0.7777777777777777,0.009545674467717924
0.7837837837837838,0.009575822991743742
0.7897897897897899,0.009605892385650634
0.795795795795796,0.009635879583319499
0.8018018018018016,0.009665781585171267
0.8078078078078077,0.009695595457980722
0.8138138138138138,0.009725318334662163
0.8198198198198199,0.009754947414027805
0.825825825825826,0.009784479960519711
0.8318318318318316,0.009813913303916063
0.8378378378378377,0.009843244839012643
0.8438438438438438,0.00987247202528027
0.8498498498498499,0.009901592386499087
0.855855855855856,0.009930603510370452
0.8618618618618616,0.009959503048107273
0.8678678678678677,0.009988288714003568
0.8738738738738738,0.010016958284984051
0.8798798798798799,0.010045509600134553
0.885885885885886,0.010073940560214014
0.8918918918918917,0.010102249127148868
0.8978978978978978,0.010130433323510572
0.9039039039039038,0.01015849123197699
0.9099099099099099,0.010186420994778459
0.915915915915916,0.010214220813129228
0.9219219219219217,0.01024188894664496
0.9279279279279278,0.01026942371274712
0.9339339339339339,0.010296823486054846
0.93993993993994,0.010324086697765055
0.945945945945946,0.010351211835021454
0.9519519519519517,0.01037819744027314
0.9579579579579578,0.010405042110623422
0.9639639639639639,0.01043174449716954
0.96996996996997,0.01045830330433389
0.9759759759759761,0.010484717289187392
0.9819819819819822,0.010510985260765639
0.9879879879879878,0.01053710607937834
0.9939939939939939,0.010563078655912748
1.0,0.010588901951131536
1.0060060060060056,0.010614574974965785
1.0120120120120122,0.010640096785803532
1.0180180180180178,0.010665466489774449
1.0240240240240244,0.010690683240031218
1.03003003003003,0.01071574623602799
1.0360360360360357,0.010740654722796545
1.0420420420420422,0.010765407990220528
1.0480480480480479,0.010790005372308268
1.0540540540540544,0.010814446246464668
1.06006006006006,0.010838730032762514
1.0660660660660657,0.010862856193213699
1.0720720720720722,0.010886824231040735
1.0780780780780779,0.010910633689948969
1.0840840840840844,0.010934284153399879
1.09009009009009,0.010957775243885809
1.0960960960960957,0.01098110662220654
1.1021021021021022,0.011004277986747997
1.108108108108108,0.01102728907276342
1.1141141141141144,0.011050139651657423
1.12012012012012,0.011072829530273076
1.1261261261261257,0.01109535855018247
1.1321321321321323,0.011117726586980965
1.138138138138138,0.011139933549585382
1.1441441441441444,0.011161979379536485
1.15015015015015,0.011183864050305891
1.1561561561561557,0.011205587566607765
1.1621621621621623,0.011227149963715412
1.168168168168168,0.011248551306783063
1.1741741741741745,0.011269791690173081
1.1801801801801801,0.011290871236788649
1.1861861861861858,0.011311790097412336
1.1921921921921923,0.011332548450050496
1.198198198198198,0.011353146499283847
1.2042042042042045,0.011373584475624287
1.2102102102102101,0.011393862634878118
1.2162162162162158,0.01141398125751584
1.2222222222222223,0.011433940648048618
1.228228228228228,0.01145374113441154
1.2342342342342345,0.011473383067353843
1.2402402402402402,0.011492866819836077
1.2462462462462458,0.011512192786434505
1.2522522522522523,0.011531361382752613
1.258258258258258,0.011550373044839945
1.2642642642642645,0.011569228228618353
1.2702702702702702,0.011587927409315597
1.2762762762762758,0.011606471080906523
1.2822822822822824,0.011624859755561741
1.288288288288288,0.011643093963103895
1.2942942942942945,0.011661174250471622
1.3003003003003002,0.011679101181191134
1.3063063063063058,0.011696875334855509
1.3123123123123124,0.011714497306611744
1.318318318318318,0.011731967706655501
1.3243243243243246,0.011749287159733647
1.3303303303303302,0.011766456304654524
1.3363363363363359,0.011783475793806019
1.3423423423423424,0.01180034629268137
1.348348348348348,0.011817068479412718
1.3543543543543546,0.011833643044312456
1.3603603603603602,0.011850070689422216
1.3663663663663668,0.01186635212806967
1.3723723723723724,0.011882488084432909
1.378378378378378,0.011898479293112557
1.3843843843843846,0.011914326498711481
1.3903903903903903,0.011930030455422059
1.3963963963963968,0.011945591926621073
1.4024024024024024,0.011961011684472023
1.408408408408408,0.011976290509534991
1.4144144144144146,0.011991429190383866
1.4204204204204203,0.012006428523230965
1.4264264264264268,0.012021289311558951
1.4324324324324325,0.012036012365760053
1.438438438438438,0.012050598502782438
1.4444444444444446,0.012065048545783772
1.4504504504504503,0.012079363323791843
1.4564564564564568,0.012093543671372222
1.4624624624624625,0.012107590428302836
1.4684684684684681,0.012121504439255519
1.4744744744744747,0.012135286553484283
1.4804804804804803,0.012148937624520404
1.4864864864864868,0.012162458509874186
1.4924924924924925,0.012175850070743276
1.4984984984984981,0.012189113171727602
1.5045045045045047,0.012202248680550696
1.5105105105105103,0.01221525746778741
1.5165165165165169,0.012228140406597997
1.5225225225225225,0.012240898372468332
1.5285285285285282,0.012253532242956364
1.5345345345345347,0.012266042897444583
1.5405405405405403,0.0122784312168985
1.5465465465465469,0.012290698083631056
1.5525525525525525,0.01230284438107282
1.5585585585585582,0.012314870993547979
1.5645645645645647,0.012326778806055979
1.5705705705705704,0.012338568704058738
1.576576576576577,0.012350241573273404
1.5825825825825826,0.012361798299470496
1.5885885885885882,0.012373239768277415
1.5945945945945947,0.012384566864987212
1.6006006006006004,0.01239578047437251
1.606606606606607,0.012406881480504567
1.6126126126126126,0.012417870766577315
1.6186186186186182,0.01242874921473636
1.6246246246246248,0.012439517705912817
1.6306306306306304,0.012450177119661931
1.636636636636637,0.012460728334006391
1.6426426426426426,0.012471172225284237
1.6486486486486482,0.012481509668001323
1.6546546546546548,0.012491741534688239
1.6606606606606604,0.012501868695761555
1.666666666666667,0.012511892019389447
1.6726726726726726,0.012521812371361447
1.6786786786786783,0.012531630614962423
1.6846846846846848,0.012541347610850557
1.6906906906906904,0.012550964216939348
1.696696696696697,0.012560481288283513
1.7027027027027026,0.012569899676968732
1.7087087087087083,0.012579220232005167
1.7147147147147148,0.012588443799224655
1.7207207207207205,0.012597571221181514
1.726726726726727,0.01260660333705695
1.7327327327327327,0.012615540982566838
1.7387387387387383,0.01262438498987304
1.7447447447447448,0.012633136187497925
1.7507507507507505,0.01264179540024225
1.756756756756757,0.012650363449106205
1.7627627627627627,0.012658841151213587
1.7687687687687683,0.012667229319739045
1.7747747747747749,0.012675528763838316
1.7807807807807805,0.01268374028858141
1.786786786786787,0.012691864694888658
1.7927927927927927,0.012699902779469557
1.7987987987987983,0.012707855334764373
1.8048048048048049,0.01271572314888843
1.8108108108108105,0.012723507005578994
1.816816816816817,0.012731207684144768
1.8228228228228227,0.012738825959417837
1.8288288288288284,0.012746362601708106
1.834834834834835,0.012753818376760082
1.8408408408408405,0.012761194045712035
1.846846846846847,0.012768490365057401
1.8528528528528527,0.012775708086608425
1.8588588588588584,0.012782847957461953
1.864864864864865,0.01278991071996736
1.8708708708708706,0.01279689711169654
1.876876876876877,0.012803807865415899
1.8828828828828827,0.012810643709060302
1.8888888888888893,0.012817405365708943
1.894894894894895,0.012824093553563096
1.9009009009009006,0.01283070898592565
1.9069069069069071,0.012837252371182417
1.9129129129129128,0.012843724412785185
1.9189189189189193,0.012850125809236427
1.924924924924925,0.012856457254075642
1.9309309309309306,0.012862719435867306
1.9369369369369371,0.012868913038190325
1.9429429429429428,0.012875038739629047
1.9489489489489493,0.012881097213765685
1.954954954954955,0.012887089129174188
1.9609609609609606,0.012893015149415479
1.9669669669669672,0.012898875933034052
1.9729729729729728,0.01290467213355585
1.9789789789789793,0.01291040439948742
1.984984984984985,0.012916073374316304
1.9909909909909906,0.01292167969651259
1.9969969969969972,0.012927223999531673
2.003003003003003,0.012932706911818062
2.0090090090090094,0.012938129056810372
2.015015015015015,0.012943491052947259
2.0210210210210207,0.012948793513674478
2.027027027027027,0.012954037047452861
2.033033033033033,0.012959222257767276
2.0390390390390394,0.012964349743136521
2.045045045045045,0.012969420097124098
2.0510510510510507,0.012974433908349872
2.057057057057057,0.012979391760502544
2.063063063063063,0.012984294232352962
2.0690690690690694,0.012989141897768189
2.075075075075075,0.01299393532572634
2.0810810810810807,0.012998675080332155
2.0870870870870872,0.013003361720833252
2.093093093093093,0.013007995801637076
2.0990990990990994,0.013012577872328498
2.105105105105105,0.01301710847768804
2.1111111111111107,0.013021588157710698
2.1171171171171173,0.013026017447625373
2.123123123123123,0.013030396877914822
2.1291291291291294,0.013034726974336185
2.135135135135135,0.013039008257941997
2.1411411411411407,0.013043241245101733
2.1471471471471473,0.013047426447523765
2.153153153153153,0.013051564372277858
2.1591591591591595,0.013055655521818017
2.165165165165165,0.013059700394005821
2.1711711711711708,0.013063699482134091
2.1771771771771773,0.013067653274950998
2.183183183183183,0.013071562256684478
2.1891891891891895,0.013075426907067037
2.195195195195195,0.013079247701360854
2.2012012012012008,0.013083025110383202
2.2072072072072073,0.013086759600532169
2.213213213213213,0.013090451633812662
2.2192192192192195,0.013094101667862658
2.225225225225225,0.013097710155979731
2.231231231231231,0.01310127754714779
2.2372372372372373,0.01310480428606405
2.243243243243243,0.01310829081316621
2.2492492492492495,0.013111737564659824
2.255255255255255,0.013115144972545852
2.261261261261261,0.013118513464648388
2.2672672672672673,0.013121843464642536
2.273273273273273,0.013125135392082418
2.2792792792792795,0.01312838966242936
2.285285285285285,0.013131606687080145
2.291291291291291,0.013134786873395409
2.2972972972972974,0.013137930624728142
2.303303303303303,0.013141038340452256
2.3093093093093096,0.013144110415991247
2.315315315315315,0.013147147242846925
2.321321321321321,0.013150149208628208
2.3273273273273274,0.013153116697079973
2.333333333333333,0.013156050088111916
2.3393393393393396,0.013158949757827507
2.3453453453453452,0.013161816078552907
2.351351351351351,0.013164649418865942
2.3573573573573574,0.01316745014362509
2.363363363363363,0.01317021861399843
2.3693693693693696,0.013172955187492624
2.3753753753753752,0.013175660217981897
2.381381381381381,0.013178334055736934
2.3873873873873874,0.013180977047453834
2.393393393393393,0.013183589536282955
2.3993993993993996,0.013186171861857783
2.4054054054054053,0.013188724360323714
2.411411411411412,0.013191247364366809
2.4174174174174174,0.013193741203242466
2.423423423423423,0.013196206202804085
2.4294294294294296,0.013198642685531583
2.4354354354354353,0.013201050970559918
2.441441441441442,0.013203431373707476
2.4474474474474475,0.013205784207504427
2.453453453453453,0.013208109781220945
2.4594594594594597,0.013210408400895367
2.4654654654654653,0.013212680369362259
2.471471471471472,0.01321492598628036
2.4774774774774775,0.013217145548160456
2.483483483483483,0.013219339348393106
2.4894894894894897,0.013221507677276296
2.4954954954954953,0.013223650822042951
2.501501501501502,0.013225769066888358
2.5075075075075075,0.013227862692997432
2.513513513513513,0.013229931978571889
2.5195195195195197,0.013231977198857287
2.5255255255255253,0.013233998626169918
2.531531531531532,0.01323599652992359
2.5375375375375375,0.013237971176656267
2.543543543543543,0.013239922830056573
2.5495495495495497,0.013241851750990147
2.5555555555555554,0.013243758197525877
2.561561561561562,0.013245642424961962
2.5675675675675675,0.013247504685851856
2.573573573573573,0.013249345230030053
2.5795795795795797,0.013251164304637707
2.5855855855855854,0.013252962154148134
2.591591591591592,0.013254739020392127
2.5975975975975976,0.01325649514258314
2.603603603603603,0.013258230757342311
2.6096096096096097,0.01325994609872332
2.6156156156156154,0.013261641398237092
2.621621621621622,0.013263316884876348
2.6276276276276276,0.013264972785139986
2.6336336336336332,0.013266609323057302
2.6396396396396398,0.013268226720212056
2.6456456456456454,0.013269825195766362
2.651651651651652,0.01327140496648443
2.6576576576576576,0.013272966246756106
2.6636636636636633,0.01327450924862032
2.66966966966967,0.01327603418178828
2.6756756756756754,0.013277541253666546
2.681681681681682,0.013279030669379953
2.6876876876876876,0.013280502631794321
2.6936936936936933,0.013281957341539028
2.6996996996997,0.013283394997029406
2.7057057057057055,0.01328481579448897
2.711711711711712,0.013286219927971467
2.7177177177177176,0.013287607589382779
2.7237237237237233,0.01328897896850263
2.72972972972973,0.013290334253006146
2.7357357357357355,0.01329167362848523
2.741741741741742,0.01329299727846978
2.7477477477477477,0.013294305384448726
2.7537537537537533,0.013295598125890908
2.75975975975976,0.013296875680265776
2.7657657657657655,0.01329813822306394
2.771771771771772,0.013299385927817514
2.7777777777777777,0.013300618966120338
2.7837837837837833,0.013301837507648004
2.78978978978979,0.013303041720177714
2.7957957957957955,0.013304231769607983
2.801801801801802,0.013305407819978163
2.8078078078078077,0.01330657003348782
2.8138138138138133,0.013307718570515922
2.81981981981982,0.013308853589639862
2.8258258258258255,0.01330997524765436
2.831831831831832,0.013311083699590128
2.8378378378378377,0.013312179098732446
2.8438438438438434,0.013313261596639498
2.84984984984985,0.013314331343160625
2.8558558558558556,0.013315388486454362
2.861861861861862,0.013316433173006325
2.8678678678678677,0.013317465547646954
2.8738738738738734,0.013318485753569073
2.87987987987988,0.013319493932345302
2.8858858858858856,0.01332049022394533
2.891891891891892,0.013321474766752989
2.8978978978978978,0.013322447697583204
2.9039039039039043,0.013323409151698768
2.90990990990991,0.013324359262826994
2.9159159159159156,0.013325298163176152
2.921921921921922,0.013326225983451833
2.9279279279279278,0.01332714285287307
2.9339339339339343,0.013328048899188396
2.93993993993994,0.013328944248691677
2.9459459459459456,0.013329829026237857
2.951951951951952,0.013330703355258487
2.957957957957958,0.013331567357777175
2.9639639639639643,0.013332421154424843
2.96996996996997,0.013333264864454852
2.9759759759759756,0.013334098605757969
2.981981981981982,0.013334922494877218
2.987987987987988,0.013335736647022563
2.9939939939939944,0.013336541176085445
3.0,0.013337336194653205
