eta,WQ
-3.0,0.013337336194653205
-2.996998499249625,0.013336940066047673
-2.9939969984992496,0.013336541576161876
-2.9909954977488744,0.013336140711064641
-2.987993996998499,0.013335737456744342
-2.984992496248124,0.01333533179910846
-2.981990995497749,0.013334923723983124
-2.9789894947473736,0.013334513217112688
-2.9759879939969984,0.013334100264159253
-2.9729864932466232,0.013333684850702236
-2.969984992496248,0.013333266962237904
-2.966983491745873,0.013332846584178916
-2.9639819909954976,0.01333242370185388
-2.9609804902451224,0.013331998300506869
-2.9579789894947472,0.01333157036529697
-2.954977488744372,0.013331139881297827
-2.951975987993997,0.013330706833497147
-2.9489744872436217,0.013330271206796264
-2.9459729864932465,0.013329832986009631
-2.9429714857428713,0.013329392155864372
-2.939969984992496,0.013328948700999793
-2.936968484242121,0.013328502605966906
-2.9339669834917457,0.013328053855227945
-2.9309654827413705,0.013327602433155878
-2.9279639819909953,0.013327148324033937
-2.9249624812406205,0.013326691512055107
-2.9219609804902453,0.013326231981321652
-2.91895947973987,0.013325769715844612
-2.915957978989495,0.013325304699543319
-2.9129564782391197,0.013324836916244882
-2.9099549774887445,0.013324366349683698
-2.9069534767383693,0.013323892983500946
-2.903951975987994,0.013323416801244088
-2.900950475237619,0.013322937786366352
-2.8979489744872438,0.013322455922226226
-2.8949474737368686,0.013321971192086949
-2.8919459729864934,0.013321483579115988
-2.888944472236118,0.013320993066384535
-2.885942971485743,0.013320499636866963
-2.8829414707353678,0.013320003273440342
-2.8799399699849926,0.013319503958883872
-2.8769384692346174,0.013319001675878388
-2.873936968484242,0.013318496407005819
-2.870935467733867,0.013317988134748653
-2.867933966983492,0.013317476841489406
-2.8649324662331166,0.01331696250951009
-2.8619309654827414,0.013316445120991675
-2.858929464732366,0.013315924658013525
-2.855927963981991,0.013315401102552896
-2.852926463231616,0.01331487443648434
-2.8499249624812406,0.013314344641579202
-2.8469234617308654,0.013313811699505037
-2.84392196098049,0.013313275591825074
-2.840920460230115,0.013312736299997643
-2.83791895947974,0.013312193805375636
-2.8349174587293646,0.013311648089205928
-2.8319159579789894,0.013311099132628824
-2.8289144572286142,0.013310546916677492
-2.825912956478239,0.01330999142227738
-2.822911455727864,0.013309432630245675
-2.8199099549774886,0.01330887052129068
-2.8169084542271134,0.013308305076011299
-2.8139069534767382,0.013307736274896407
-2.810905452726363,0.013307164098324288
-2.807903951975988,0.013306588526562057
-2.8049024512256127,0.013306009539765061
-2.8019009504752375,0.013305427117976294
-2.7988994497248623,0.013304841241125812
-2.795897948974487,0.013304251889030116
-2.792896448224112,0.013303659041391596
-2.7898949474737367,0.013303062677797888
-2.7868934467233615,0.013302462777721298
-2.7838919459729867,0.013301859320518182
-2.780890445222611,0.013301252285428358
-2.7778889444722363,0.013300641651574473
-2.774887443721861,0.013300027397961408
-2.771885942971486,0.013299409503475652
-2.7688844422211107,0.013298787946884692
-2.7658829414707355,0.013298162706836387
-2.7628814407203603,0.01329753376185835
-2.759879939969985,0.013296901090357312
-2.75687843921961,0.013296264670618509
-2.7538769384692348,0.013295624480805039
-2.7508754377188596,0.013294980498957236
-2.7478739369684844,0.013294332702992032
-2.744872436218109,0.013293681070702303
-2.741870935467734,0.013293025579756264
-2.7388694347173588,0.013292366207696783
-2.7358679339669836,0.013291702931940765
-2.7328664332166084,0.013291035729778487
-2.729864932466233,0.013290364578372954
-2.726863431715858,0.01328968945475924
-2.723861930965483,0.013289010335843827
-2.7208604302151076,0.013288327198403959
-2.7178589294647324,0.013287640019086965
-2.714857428714357,0.013286948774409607
-2.711855927963982,0.013286253440757392
-2.708854427213607,0.013285553994383931
-2.7058529264632316,0.013284850411410237
-2.7028514257128564,0.013284142667824067
-2.699849924962481,0.01328343073947924
-2.696848424212106,0.013282714602094957
-2.693846923461731,0.01328199423125511
-2.6908454227113556,0.013281269602407606
-2.6878439219609804,0.013280540690863674
-2.6848424212106052,0.013279807471797167
-2.68184092046023,0.013279069920243882
-2.678839419709855,0.01327832801110085
-2.6758379189594796,0.01327758171912565
-2.6728364182091044,0.013276831018935691
-2.6698349174587293,0.013276075885007519
-2.666833416708354,0.013275316291676106
-2.663831915957979,0.013274552213134143
-2.6608304152076037,0.013273783623431323
-2.6578289144572285,0.013273010496473631
-2.6548274137068533,0.01327223280602262
-2.651825912956478,0.013271450525694697
-2.648824412206103,0.0132706636289604
-2.6458229114557277,0.013269872089143667
-2.642821410705353,0.013269075879421112
-2.6398199099549773,0.013268274972821296
-2.6368184092046025,0.013267469342223987
-2.633816908454227,0.013266658960359435
-2.630815407703852,0.013265843799807619
-2.6278139069534765,0.01326502383299752
-2.6248124062031017,0.013264199032206377
-2.6218109054527265,0.013263369369558924
-2.6188094047023514,0.013262534817026663
-2.615807903951976,0.013261695346427103
-2.612806403201601,0.013260850929422998
-2.6098049024512258,0.013260001537521613
-2.6068034017008506,0.013259147142073938
-2.6038019009504754,0.013258287714273948
-2.6008004002001,0.013257423225157834
-2.597798899449725,0.013256553645603235
-2.5947973986993498,0.013255678946328455
-2.5917958979489746,0.013254799097891724
-2.5887943971985994,0.013253914070690398
-2.585792896448224,0.013253023834960192
-2.582791395697849,0.013252128360774402
-2.579789894947474,0.013251227618043118
-2.5767883941970986,0.01325032157651245
-2.5737868934467234,0.013249410205763732
-2.570785392696348,0.013248493475212748
-2.567783891945973,0.013247571354108926
-2.564782391195598,0.01324664381153455
-2.5617808904452226,0.01324571081640397
-2.5587793896948474,0.013244772337462797
-2.555777888944472,0.01324382834328711
-2.552776388194097,0.013242878802282651
-2.549774887443722,0.013241923682684007
-2.5467733866933466,0.013240962952553835
-2.5437718859429714,0.013239996579782013
-2.5407703851925962,0.013239024532084857
-2.537768884442221,0.013238046777004304
-2.534767383691846,0.013237063281907076
-2.5317658829414706,0.013236074013983891
-2.5287643821910955,0.01323507894024862
-2.5257628814407203,0.013234078027537465
-2.522761380690345,0.013233071242508155
-2.51975987993997,0.013232058551639093
-2.5167583791895947,0.013231039921228545
-2.5137568784392195,0.013230015317393795
-2.5107553776888443,0.013228984706070326
-2.507753876938469,0.013227948053010977
-2.504752376188094,0.013226905323785102
-2.5017508754377187,0.013225856483777733
-2.4987493746873435,0.013224801498188745
-2.4957478739369687,0.013223740332032002
-2.492746373186593,0.013222672950134524
-2.4897448724362183,0.013221599317135617
-2.4867433716858427,0.013220519397486056
-2.483741870935468,0.0132194331554472
-2.4807403701850923,0.013218340555090169
-2.4777388694347176,0.013217241560294966
-2.474737368684342,0.013216136134749628
-2.471735867933967,0.013215024241949376
-2.468734367183592,0.013213905845195736
-2.4657328664332168,0.0132127809075957
-2.4627313656828416,0.013211649392060838
-2.4597298649324664,0.013210511261306445
-2.456728364182091,0.013209366477850678
-2.453726863431716,0.013208215004013684
-2.450725362681341,0.013207056801916715
-2.4477238619309656,0.013205891833481273
-2.4447223611805904,0.013204720060428238
-2.441720860430215,0.013203541444276972
-2.43871935967984,0.013202355946344469
-2.435717858929465,0.013201163527744454
-2.4327163581790896,0.013199964149386524
-2.4297148574287144,0.013198757771975241
-2.426713356678339,0.013197544356009274
-2.423711855927964,0.013196323861780511
-2.420710355177589,0.013195096249373161
-2.4177088544272136,0.013193861478662873
-2.4147073536768384,0.013192619509315866
-2.4117058529264632,0.013191370300788017
-2.408704352176088,0.013190113812323974
-2.405702851425713,0.013188850002956283
-2.4027013506753376,0.013187578831504482
-2.3996998499249624,0.013186300256574206
-2.3966983491745872,0.013185014236556308
-2.393696848424212,0.01318372072962594
-2.390695347673837,0.01318241969374169
-2.3876938469234616,0.013181111086644657
-2.3846923461730865,0.013179794865857561
-2.3816908454227113,0.013178470988683856
-2.378689344672336,0.013177139412206823
-2.375687843921961,0.013175800093288665
-2.3726863431715857,0.013174452988569623
-2.3696848424212105,0.013173098054467057
-2.3666833416708353,0.013171735247174562
-2.36368184092046,0.013170364522661048
-2.360680340170085,0.01316898583666986
-2.3576788394197097,0.013167599144717856
-2.354677338669335,0.013166204402094518
-2.3516758379189593,0.013164801563861038
-2.3486743371685845,0.013163390584849432
-2.345672836418209,0.013161971419661612
-2.342671335667834,0.013160544022668506
-2.3396698349174585,0.013159108348009138
-2.3366683341670837,0.013157664349589746
-2.333666833416708,0.013156211981082844
-2.3306653326663334,0.01315475119592636
-2.3276638319159577,0.013153281947322697
-2.324662331165583,0.01315180418823786
-2.3216608304152078,0.013150317871400533
-2.3186593296648326,0.013148822949301182
-2.3156578289144574,0.013147319374191165
-2.312656328164082,0.013145807098081814
-2.309654827413707,0.013144286072743545
-2.306653326663332,0.013142756249704962
-2.3036518259129566,0.013141217580251944
-2.3006503251625814,0.013139670015426765
-2.297648824412206,0.013138113506027182
-2.294647323661831,0.013136548002605542
-2.291645822911456,0.013134973455467894
-2.2886443221610806,0.013133389814673088
-2.2856428214107054,0.013131797030031886
-2.28264132066033,0.013130195051106058
-2.279639819909955,0.013128583827207515
-2.27663831915958,0.013126963307397403
-2.2736368184092046,0.013125333440485214
-2.2706353176588294,0.01312369417502791
-2.2676338169084542,0.013122045459329032
-2.264632316158079,0.013120387241437818
-2.261630815407704,0.013118719469148325
-2.2586293146573286,0.013117042089998547
-2.2556278139069534,0.013115355051269543
-2.2526263131565782,0.013113658299984551
-2.249624812406203,0.013111951782908127
-2.246623311655828,0.013110235446545269
-2.2436218109054527,0.013108509237140556
-2.2406203101550775,0.013106773100677266
-2.2376188094047023,0.013105026982876529
-2.234617308654327,0.013103270829196455
-2.231615807903952,0.013101504584831287
-2.2286143071535767,0.01309972819471054
-2.2256128064032015,0.013097941603498147
-2.2226113056528263,0.013096144755591609
-2.219609804902451,0.013094337595121155
-2.216608304152076,0.013092520065948897
-2.2136068034017007,0.013090692111667987
-2.2106053026513255,0.013088853675601787
-2.2076038019009507,0.013087004700803026
-2.204602301150575,0.013085145130052983
-2.2016008004002003,0.01308327490586066
-2.1985992996498247,0.013081393970461949
-2.19559779889945,0.013079502265818827
-2.1925962981490743,0.013077599733618548
-2.1895947973986996,0.01307568631527281
-2.186593296648324,0.013073761951916974
-2.183591795897949,0.013071826584409257
-2.1805902951475735,0.01306988015332993
-2.1775887943971988,0.013067922598980536
-2.1745872936468236,0.0130659538613831
-2.1715857928964484,0.013063973880279342
-2.168584292146073,0.01306198259512992
-2.165582791395698,0.01305997994511363
-2.162581290645323,0.01305796586912667
-2.1595797898949476,0.013055940305781858
-2.1565782891445724,0.013053903193407894
-2.153576788394197,0.013051854470048599
-2.150575287643822,0.013049794073462179
-2.147573786893447,0.013047721941120489
-2.1445722861430716,0.013045638010208293
-2.1415707853926964,0.013043542217622557
-2.138569284642321,0.013041434499971713
-2.135567783891946,0.01303931479357496
-2.132566283141571,0.01303718303446156
-2.1295647823911956,0.013035039158370123
-2.1265632816408204,0.013032883100747945
-2.1235617808904452,0.013030714796750305
-2.12056028014007,0.013028534181239785
-2.117558779389695,0.013026341188785625
-2.1145572786393196,0.013024135753663043
-2.1115557778889444,0.013021917809852578
-2.1085542771385692,0.01301968729103947
-2.105552776388194,0.013017444130612999
-2.102551275637819,0.013015188261665867
-2.0995497748874437,0.013012919616993576
-2.0965482741370685,0.013010638129093826
-2.0935467733866933,0.013008343730165895
-2.090545272636318,0.013006036352110062
-2.087543771885943,0.013003715926527023
-2.0845422711355677,0.013001382384717288
-2.0815407703851925,0.01299903565768067
-2.0785392696348173,0.012996675676115673
-2.075537768884442,0.012994302370418988
-2.072536268134067,0.012991915670684936
-2.0695347673836917,0.012989515506704954
-2.066533266633317,0.012987101807967071
-2.0635317658829413,0.012984674503655412
-2.0605302651325665,0.012982233522649711
-2.057528764382191,0.01297977879352481
-2.054527263631816,0.012977310244550214
-2.0515257628814405,0.01297482780368961
-2.0485242621310658,0.012972331398600429
-2.04552276138069,0.012969820956633418
-2.0425212606303154,0.012967296404832214
-2.0395197598799397,0.012964757669932924
-2.036518259129565,0.012962204678363733
-2.0335167583791893,0.012959637356244526
-2.0305152576288146,0.012957055629386508
-2.0275137568784394,0.01295445942329184
-2.024512256128064,0.012951848663153314
-2.021510755377689,0.012949223273854
-2.018509254627314,0.012946583179966935
-2.0155077538769386,0.01294392830575483
-2.0125062531265634,0.012941258575169765
-2.009504752376188,0.012938573911852921
-2.006503251625813,0.01293587423913433
-2.003501750875438,0.01293315948003261
-2.0005002501250626,0.012930429557254756
-1.9974987493746874,0.012927684393195912
-1.9944972486243122,0.01292492390993919
-1.991495747873937,0.01292214802925546
-1.9884942471235618,0.012919356672603225
-1.9854927463731866,0.01291654976112843
-1.9824912456228114,0.012913727215664363
-1.9794897448724362,0.012910888956731521
-1.976488244122061,0.01290803490453753
-1.9734867433716858,0.012905164978977044
-1.9704852426213106,0.012902279099631701
-1.9674837418709354,0.012899377185770075
-1.9644822411205602,0.012896459156347649
-1.961480740370185,0.012893524930006808
-1.9584792396198099,0.012890574425076861
-1.9554777388694347,0.012887607559574063
-1.9524762381190595,0.01288462425120167
-1.9494747373686843,0.012881624417350019
-1.946473236618309,0.012878607975096613
-1.9434717358679339,0.012875574841206229
-1.9404702351175587,0.01287252493213106
-1.9374687343671837,0.012869458164010876
-1.9344672336168085,0.012866374452673184
-1.9314657328664333,0.012863273713633439
-1.928464232116058,0.012860155862095253
-1.925462731365683,0.012857020812950653
-1.9224612306153077,0.012853868480780333
-1.9194597298649325,0.012850698779853953
-1.9164582291145573,0.012847511624130434
-1.9134567283641821,0.012844306927258312
-1.910455227613807,0.012841084602576087
-1.9074537268634317,0.01283784456311261
-1.9044522261130565,0.012834586721587491
-1.9014507253626813,0.012831310990411529
-1.8984492246123061,0.012828017281687176
-1.895447723861931,0.01282470550720902
-1.8924462231115557,0.012821375578464292
-1.8894447223611806,0.012818027406633408
-1.8864432216108054,0.01281466090259053
-1.8834417208604302,0.012811275976904155
-1.880440220110055,0.012807872539837733
-1.8774387193596798,0.01280445050135032
-1.8744372186093046,0.012801009771097252
-1.8714357178589294,0.012797550258430827
-1.8684342171085542,0.01279407187240107
-1.8654327163581792,0.01279057452175647
-1.862431215607804,0.012787058114944778
-1.8594297148574288,0.012783522560113832
-1.8564282141070536,0.012779967765112404
-1.8534267133566784,0.012776393637491074
-1.8504252126063032,0.01277280008450317
-1.847423711855928,0.012769187013105678
-1.8444222111055528,0.012765554329960247
-1.8414207103551776,0.012761901941434192
-1.8384192096048024,0.012758229753601523
-1.8354177088544272,0.012754537672244043
-1.832416208104052,0.01275082560285244
-1.8294147073536768,0.012747093450627432
-1.8264132066033016,0.012743341120480966
-1.8234117058529264,0.012739568517037397
-1.8204102051025512,0.01273577554463477
-1.817408704352176,0.012731962107326078
-1.8144072036018009,0.012728128108880606
-1.8114057028514257,0.012724273452785267
-1.8084042021010505,0.012720398042246008
-1.8054027013506753,0.012716501780189243
-1.8024012006003,0.01271258456926332
-1.7993996998499249,0.012708646311840027
-1.7963981990995497,0.012704686910016142
-1.7933966983491745,0.012700706265615026
-1.7903951975987995,0.012696704280188233
-1.7873936968484243,0.012692680855017197
-1.784392196098049,0.012688635891114927
-1.781390695347674,0.012684569289227754
-1.7783891945972987,0.012680480949837135
-1.7753876938469235,0.012676370773161472
-1.7723861930965483,0.012672238659157994
-1.7693846923461731,0.012668084507524675
-1.766383191595798,0.012663908217702195
-1.7633816908454227,0.012659709688875944
-1.7603801900950475,0.012655488819978085
-1.7573786893446723,0.012651245509689626
-1.7543771885942971,0.01264697965644259
-1.751375687843922,0.012642691158422183
-1.7483741870935467,0.01263837991356904
-1.7453726863431716,0.01263404581958149
-1.7423711855927964,0.012629688773917907
-1.7393696848424212,0.012625308673799074
-1.736368184092046,0.0126209054162106
-1.7333666833416708,0.012616478897905428
-1.7303651825912956,0.01261202901540632
-1.7273636818409204,0.012607555665008457
-1.7243621810905452,0.012603058742782058
-1.72136068034017,0.012598538144575058
-1.718359179589795,0.012593993766015835
-1.7153576788394198,0.01258942550251599
-1.7123561780890446,0.012584833249273187
-1.7093546773386694,0.01258021690127404
-1.7063531765882942,0.012575576353297048
-1.703351675837919,0.012570911499915596
-1.7003501750875438,0.012566222235501013
-1.6973486743371686,0.012561508454225661
-1.6943471735867934,0.01255677005006612
-1.6913456728364182,0.012552006916806394
-1.688344172086043,0.012547218948041193
-1.6853426713356678,0.012542406037179267
-1.6823411705852926,0.012537568077446807
-1.6793396698349174,0.012532704961890883
-1.6763381690845423,0.012527816583382978
-1.673336668334167,0.012522902834622538
-1.6703351675837919,0.012517963608140632
-1.6673336668334167,0.012512998796303614
-1.6643321660830415,0.012508008291316916
-1.6613306653326663,0.012502991985228841
-1.658329164582291,0.012497949769934463
-1.6553276638319159,0.012492881537179564
-1.6523261630815407,0.01248778717856465
-1.6493246623311655,0.01248266658554902
-1.6463231615807903,0.012477519649454927
-1.6433216608304153,0.012472346261471758
-1.6403201600800401,0.012467146312660335
-1.637318659329665,0.012461919693957239
-1.6343171585792897,0.012456666296179232
-1.6313156578289145,0.012451386010027729
-1.6283141570785393,0.012446078726093346
-1.6253126563281641,0.012440744334860528
-1.622311155577789,0.01243538272671222
-1.6193096548274137,0.012429993791934643
-1.6163081540770385,0.012424577420722114
-1.6133066533266633,0.012419133503181969
-1.6103051525762881,0.012413661929339494
-1.607303651825913,0.012408162589143039
-1.6043021510755378,0.012402635372469082
-1.6013006503251626,0.012397080169127484
-1.5982991495747874,0.012391496868866704
-1.5952976488244122,0.012385885361379205
-1.592296148074037,0.012380245536306842
-1.5892946473236618,0.012374577283246391
-1.5862931465732866,0.012368880491755116
-1.5832916458229114,0.012363155051356442
-1.5802901450725362,0.012357400851545691
-1.577288644322161,0.012351617781795894
-1.5742871435717858,0.012345805731563712
-1.5712856428214108,0.0123399645902954
-1.5682841420710356,0.012334094247432882
-1.5652826413206604,0.012328194592419886
-1.5622811405702852,0.012322265514708185
-1.55927963981991,0.012316306903763912
-1.5562781390695348,0.01231031864907394
-1.5532766383191596,0.01230430064015238
-1.5502751375687844,0.01229825276654716
-1.5472736368184092,0.012292174917846644
-1.544272136068034,0.012286066983686403
-1.5412706353176588,0.012279928853756039
-1.5382691345672836,0.012273760417806095
-1.5352676338169085,0.012267561565655066
-1.5322661330665333,0.01226133218719649
-1.529264632316158,0.012255072172406139
-1.5262631315657829,0.012248781411349286
-1.5232616308154077,0.012242459794188087
-1.5202601300650325,0.012236107211189028
-1.5172586293146573,0.012229723552730477
-1.514257128564282,0.01222330870931034
-1.5112556278139069,0.012216862571553784
-1.5082541270635317,0.012210385030221087
-1.5052526263131565,0.01220387597621555
-1.5022511255627813,0.012197335300591534
-1.4992496248124063,0.01219076289456258
-1.4962481240620311,0.012184158649509606
-1.493246623311656,0.012177522456989252
-1.4902451225612807,0.012170854208742275
-1.4872436218109055,0.01216415379670206
-1.4842421210605303,0.012157421113003228
-1.4812406203101551,0.01215065604999037
-1.47823911955978,0.012143858500226822
-1.4752376188094047,0.012137028356503609
-1.4722361180590295,0.012130165511848435
-1.4692346173086543,0.012123269859534816
-1.4662331165582791,0.012116341293091292
-1.463231615807904,0.012109379706310744
-1.4602301150575288,0.012102384993259835
-1.4572286143071536,0.012095357048288517
-1.4542271135567784,0.01208829576603969
-1.4512256128064032,0.012081201041458938
-1.448224112056028,0.012074072769804357
-1.4452226113056528,0.012066910846656538
-1.4422211105552776,0.012059715167928602
-1.4392196098049024,0.012052485629876389
-1.4362181090545272,0.012045222129108722
-1.433216608304152,0.012037924562597802
-1.4302151075537768,0.012030592827689693
-1.4272136068034016,0.012023226822114935
-1.4242121060530266,0.012015826443999254
-1.4212106053026514,0.012008391591874402
-1.4182091045522762,0.012000922164689062
-1.415207603801901,0.011993418061819935
-1.4122061030515258,0.011985879183082868
-1.4092046023011506,0.011978305428744158
-1.4062031015507754,0.011970696699531911
-1.4032016008004002,0.01196305289664755
-1.400200100050025,0.011955373921777448
-1.3971985992996498,0.011947659677104623
-1.3941970985492746,0.011939910065320612
-1.3911955977988995,0.011932124989637404
-1.3881940970485243,0.011924304353799528
-1.385192596298149,0.011916448062096241
-1.3821910955477739,0.011908556019373828
-1.3791895947973987,0.011900628131048025
-1.3761880940470235,0.011892664303116562
-1.3731865932966483,0.011884664442171816
-1.370185092546273,0.011876628455413587
-1.3671835917958979,0.011868556250661987
-1.3641820910455227,0.011860447736370447
-1.3611805902951475,0.011852302821638853
-1.3581790895447723,0.011844121416226787
-1.355177588794397,0.011835903430566896
-1.3521760880440221,0.011827648775778379
-1.349174587293647,0.011819357363680578
-1.3461730865432717,0.011811029106806722
-1.3431715857928965,0.011802663918417755
-1.3401700850425213,0.01179426171251631
-1.3371685842921461,0.011785822403860792
-1.334167083541771,0.011777345907979573
-1.3311655827913957,0.011768832141185329
-1.3281640820410205,0.011760281020589479
-1.3251625812906453,0.011751692464116755
-1.3221610805402702,0.011743066390519884
-1.319159579789895,0.011734402719394401
-1.3161580790395198,0.011725701371193581
-1.3131565782891446,0.011716962267243473
-1.3101550775387694,0.011708185329758092
-1.3071535767883942,0.011699370481854696
-1.304152076038019,0.011690517647569211
-1.3011505752876438,0.011681626751871742
-1.2981490745372686,0.011672697720682256
-1.2951475737868934,0.01166373048088634
-1.2921460730365182,0.011654724960351102
-1.289144572286143,0.011645681087941185
-1.2861430715357678,0.011636598793534904
-1.2831415707853926,0.011627478008040508
-1.2801400700350176,0.011618318663412553
-1.2771385692846424,0.011609120692668399
-1.2741370685342672,0.011599884029904823
-1.271135567783892,0.011590608610314775
-1.2681340670335168,0.011581294370204198
-1.2651325662831416,0.011571941247009028
-1.2621310655327664,0.011562549179312293
-1.2591295647823912,0.011553118106861293
-1.256128064032016,0.011543647970584955
-1.2531265632816408,0.011534138712611264
-1.2501250625312657,0.011524590276284838
-1.2471235617808905,0.011515002606184594
-1.2441220610305153,0.011505375648141547
-1.24112056028014,0.011495709349256734
-1.2381190595297649,0.011486003657919212
-1.2351175587793897,0.01147625852382422
-1.2321160580290145,0.011466473897991427
-1.2291145572786393,0.011456649732783304
-1.226113056528264,0.011446785981923585
-1.2231115557778889,0.011436882600515876
-1.2201100550275137,0.011426939545062355
-1.2171085542771385,0.011416956773482579
-1.2141070535267633,0.01140693424513241
-1.211105552776388,0.011396871920823042
-1.208104052026013,0.01138676976284015
-1.205102551275638,0.01137662773496313
-1.2021010505252627,0.01136644580248445
-1.1990995497748875,0.011356223932229117
-1.1960980490245123,0.011345962092574225
-1.1930965482741371,0.011335660253468641
-1.190095047523762,0.011325318386452758
-1.1870935467733867,0.011314936464678372
-1.1840920460230115,0.011304514462928647
-1.1810905452726363,0.011294052357638194
-1.1780890445222612,0.011283550126913226
-1.175087543771886,0.011273007750551836
-1.1720860430215108,0.011262425210064342
-1.1690845422711356,0.011251802488693757
-1.1660830415207604,0.011241139571436323
-1.1630815407703852,0.011230436445062152
-1.16008004002001,0.011219693098135962
-1.1570785392696348,0.011208909521037888
-1.1540770385192596,0.011198085705984387
-1.1510755377688844,0.011187221647049238
-1.1480740370185092,0.011176317340184599
-1.145072536268134,0.011165372783242181
-1.1420710355177588,0.011154387975994488
-1.1390695347673836,0.011143362920156118
-1.1360680340170084,0.01113229761940518
-1.1330665332666334,0.011121192079404754
-1.1300650325162582,0.011110046307824436
-1.127063531765883,0.011098860314361964
-1.1240620310155078,0.011087634110764907
-1.1210605302651326,0.011076367710852415
-1.1180590295147574,0.011065061130537054
-1.1150575287643822,0.011053714387846685
-1.112056028014007,0.011042327502946423
-1.1090545272636319,0.011030900498160646
-1.1060530265132567,0.011019433397995066
-1.1030515257628815,0.011007926229158856
-1.1000500250125063,0.010996379020586835
-1.097048524262131,0.010984791803461687
-1.0940470235117559,0.010973164611236262
-1.0910455227613807,0.010961497479655887
-1.0880440220110055,0.01094979044678075
-1.0850425212606303,0.010938043553008316
-1.082041020510255,0.010926256841095775
-1.0790395197598799,0.010914430356182532
-1.0760380190095047,0.010902564145812753
-1.0730365182591295,0.010890658259957896
-1.0700350175087543,0.01087871275103932
-1.067033516758379,0.010866727673950888
-1.064032016008004,0.010854703086081607
-1.0610305152576287,0.010842639047338292
-1.0580290145072537,0.010830535620168232
-1.0550275137568785,0.010818392869581877
-1.0520260130065033,0.010806210863175566
-1.0490245122561281,0.010793989671154209
-1.046023011505753,0.01078172936635402
-1.0430215107553777,0.010769430024265237
-1.0400200100050025,0.01075709172305483
-1.0370185092546274,0.010744714543589226
-1.0340170085042522,0.010732298569457021
-1.031015507753877,0.010719843886991666
-1.0280140070035018,0.010707350585294154
-1.0250125062531266,0.010694818756255692
-1.0220110055027514,0.010682248494580344
-1.0190095047523762,0.010669639897807642
-1.016008004002001,0.010656993066335196
-1.0130065032516258,0.01064430810344124
-1.0100050025012506,0.010631585115307169
-1.0070035017508754,0.010618824211040013
-1.0040020010005002,0.010606025502694889
-1.001000500250125,0.010593189105297399
-0.99799899949975,0.010580315136865968
-0.9949974987493748,0.010567403718434138
-0.9919959979989996,0.010554454974072801
-0.9889944972486244,0.010541469030912366
-0.9859929964982492,0.01052844601916486
-0.982991495747874,0.010515386072145957
-0.9799899949974988,0.010502289326296951
-0.9769884942471236,0.010489155921206588
-0.9739869934967484,0.01047598599963291
-0.9709854927463732,0.010462779707524916
-0.967983991995998,0.010449537194044196
-0.9649824912456229,0.010436258611586422
-0.9619809904952477,0.010422944115802782
-0.9589794897448725,0.010409593865621262
-0.9559779889944973,0.010396208023267852
-0.9529764882441221,0.010382786754287613
-0.9499749874937469,0.01036933022756563
-0.9469734867433717,0.010355838615347864
-0.9439719859929965,0.01034231209326181
-0.9409704852426213,0.010328750840337103
-0.9379689844922461,0.010315155039025916
-0.9349674837418709,0.01030152487522324
-0.9319659829914957,0.010287860538287032
-0.9289644822411205,0.010274162221058158
-0.9259629814907453,0.010260430119880223
-0.9229614807403701,0.010246664434619223
-0.9199599799899949,0.010232865368683
-0.9169584792396197,0.01021903312904056
-0.9139569784892445,0.010205167926241179
-0.9109554777388693,0.010191269974433337
-0.9079539769884941,0.01017733949138346
-0.9049524762381189,0.010163376698494458
-0.9019509754877437,0.010149381820824055
-0.8989494747373685,0.01013535508710293
-0.8959479739869933,0.010121296729752613
-0.8929464732366181,0.010107206984903203
-0.8899449724862429,0.010093086092410811
-0.8869434717358677,0.010078934295874817
-0.8839419709854925,0.01006475184265485
-0.8809404702351173,0.010050538983887566
-0.8779389694847421,0.010036295974503133
-0.8749374687343674,0.0100220230732415
-0.8719359679839922,0.010007720542668378
-0.868934467233617,0.00999338864919097
-0.8659329664832418,0.009979027663073436
-0.8629314657328666,0.00996463785845204
-0.8599299649824914,0.009950219513350072
-0.8569284642321162,0.009935772909692423
-0.853926963481741,0.0099212983333199
-0.8509254627313658,0.009906796074003223
-0.8479239619809906,0.009892266425456715
-0.8449224612306154,0.009877709685351684
-0.8419209604802402,0.009863126155329471
-0.838919459729865,0.009848516141014185
-0.8359179589794898,0.009833879952025082
-0.8329164582291146,0.009819217901988643
-0.8299149574787394,0.009804530308550255
-0.8269134567283642,0.009789817493385592
-0.823911955977989,0.009775079782211583
-0.8209104552276139,0.009760317504797068
-0.8179089544772387,0.009745530994973045
-0.8149074537268635,0.009730720590642549
-0.8119059529764883,0.009715886633790154
-0.8089044522261131,0.00970102947049108
-0.8059029514757379,0.0096861494509199
-0.8029014507253627,0.009671246929358845
-0.7998999499749875,0.009656322264205697
-0.7968984492246123,0.009641375817981274
-0.7938969484742371,0.009626407957336484
-0.7908954477238619,0.00961141905305895
-0.7878939469734867,0.009596409480079204
-0.7848924462231115,0.009581379617476437
-0.7818909454727363,0.009566329848483792
-0.7788894447223611,0.009551260560493224
-0.7758879439719859,0.009536172145059875
-0.7728864432216107,0.009521064997905991
-0.7698849424712355,0.009505939518924367
-0.7668834417208603,0.00949079611218132
-0.7638819409704851,0.00947563518591914
-0.7608804402201099,0.009460457152558095
-0.7578789394697347,0.009445262428697905
-0.7548774387193595,0.009430051435118722
-0.7518759379689843,0.009414824596781592
-0.7488744372186091,0.009399582342828405
-0.7458729364682339,0.009384325106581317
-0.7428714357178587,0.00936905332554164
-0.7398699349674835,0.0093537674413882
-0.7368684342171083,0.009338467899975144
-0.7338669334667332,0.009323155151329207
-0.7308654327163584,0.009307829649646427
-0.7278639319659832,0.00929249185328826
-0.724862431215608,0.009277142224777204
-0.7218609304652328,0.00926178123079177
-0.7188594297148576,0.009246409342160925
-0.7158579289644824,0.009231027033857931
-0.7128564282141072,0.00921563478499359
-0.709854927463732,0.009200233078808911
-0.7068534267133568,0.009184822402667152
-0.7038519259629816,0.009169403248045268
-0.7008504252126064,0.009153976110524747
-0.6978489244622312,0.009138541489781816
-0.694847423711856,0.009123099889577034
-0.6918459229614808,0.00910765181774425
-0.6888444222111056,0.009092197786178929
-0.6858429214607304,0.00907673831082583
-0.6828414207103553,0.009061273911666052
-0.67983991995998,0.009045805112703415
-0.6768384192096049,0.009030332441950197
-0.6738369184592297,0.00901485643141221
-0.6708354177088545,0.008999377617073197
-0.6678339169584793,0.008983896538878579
-0.6648324162081041,0.008968413740718512
-0.6618309154577289,0.008952929770410276
-0.6588294147073537,0.008937445179679962
-0.6558279139569785,0.008921960524143506
-0.6528264132066033,0.008906476363286984
-0.6498249124562281,0.008890993260446263
-0.6468234117058529,0.008875511782785896
-0.6438219109554777,0.008860032501277357
-0.6408204102051025,0.008844555990676548
-0.6378189094547273,0.008829082829500593
-0.6348174087043521,0.008813613600003933
-0.6318159079539769,0.008798148888153669
-0.6288144072036017,0.008782689283604223
-0.6258129064532265,0.008767235379671239
-0.6228114057028513,0.008751787773304777
-0.6198099049524761,0.008736347065061763
-0.6168084042021009,0.008720913859077715
-0.6138069034517257,0.008705488763037715
-0.6108054027013505,0.008690072388146657
-0.6078039019509753,0.00867466534909875
-0.6048024012006001,0.008659268264046258
-0.6018009004502249,0.008643881754567533
-0.5987993996998497,0.008628506445634237
-0.5957978989494745,0.008613142965577887
-0.5927963981990994,0.008597791946055588
-0.5897948974487242,0.008582454022015034
-0.586793396698349,0.008567129831658752
-0.5837918959479742,0.008551820016407604
-0.580790395197599,0.008536525220863497
-0.5777888944472238,0.008521246092771365
-0.5747873936968486,0.008505983282980379
-0.5717858929464734,0.00849073744540439
-0.5687843921960982,0.008475509236981626
-0.565782891445723,0.008460299317633617
-0.5627813906953478,0.008445108350223362
-0.5597798899449726,0.008429937000512736
-0.5567783891945974,0.00841478593711913
-0.5537768884442222,0.008399655831471347
-0.550775387693847,0.00838454735776471
-0.5477738869434718,0.008369461192915444
-0.5447723861930966,0.008354398016514277
-0.5417708854427215,0.008339358510779285
-0.5387693846923463,0.008324343360508003
-0.5357678839419711,0.008309353253028754
-0.5327663831915959,0.008294388878151236
-0.5297648824412207,0.008279450928116378
-0.5267633816908455,0.008264540097545417
-0.5237618809404703,0.008249657083388255
-0.5207603801900951,0.00823480258487105
-0.5177588794397199,0.00821997730344309
-0.5147573786893447,0.008205181942722913
-0.5117558779389695,0.008190417208443702
-0.5087543771885943,0.008175683808397944
-0.5057528764382191,0.008160982452381364
-0.5027513756878439,0.008146313852136136
-0.4997498749374687,0.008131678721293379
-0.4967483741870935,0.008117077775314922
-0.4937468734367183,0.008102511731434383
-0.4907453726863431,0.008087981308597524
-0.4877438719359679,0.008073487227401898
-0.4847423711855927,0.008059030210035838
-0.4817408704352175,0.0080446109802167
-0.4787393696848423,0.008030230263128473
-0.4757378689344671,0.008015888785358674
-0.4727363681840919,0.008001587274834588
-0.46973486743371673,0.007987326460758832
-0.46673336668334153,0.00797310707354426
-0.46373186593296634,0.00795892984474822
-0.46073036518259114,0.007944795507006155
-0.45772886443221594,0.007930704793964571
-0.45472736368184075,0.007916658440213368
-0.45172586293146555,0.007902657181217534
-0.44872436218109035,0.007888701753248257
-0.44572286143071516,0.00787479289331338
-0.44272136068033996,0.007860931339087296
-0.43971985992996476,0.007847117828840214
-0.43671835917959,0.007833353101366885
-0.4337168584292148,0.007819637895914692
-0.4307153576788396,0.007805972952111236
-0.4277138569284644,0.007792359009891316
-0.4247123561780892,0.0077787968094233965
-0.421710855427714,0.007765287091035509
-0.41870935467733883,0.007751830595140648
-0.41570785392696363,0.007738428062161628
-0.41270635317658844,0.0077250802324554555
-0.40970485242621324,0.007711787846237175
-0.40670335167583804,0.0076985516435032686
-0.40370185092546285,0.00768537236395454
-0.40070035017508765,0.007672250746918562
-0.39769884942471245,0.007659187531271652
-0.39469734867433726,0.00764618345536043
-0.39169584792396206,0.0076332392569229204
-0.38869434717358686,0.007620355673009262
-0.38569284642321167,0.007607533439901995
-0.38269134567283647,0.007594773293035961
-0.3796898449224613,0.007582075966917835
-0.3766883441720861,0.007569442195045268
-0.3736868434217109,0.0075568727098256966
-0.3706853426713357,0.007544368242494805
-0.3676838419209605,0.007531929523034653
-0.3646823411705853,0.007519557280091503
-0.3616808404202101,0.007507252240893337
-0.3586793396698349,0.0074950151311670935
-0.3556778389194597,0.007482846675055636
-0.3526763381690845,0.007470747595034454
-0.3496748374187093,0.007458718611828127
-0.3466733366683341,0.007446760444326572
-0.3436718359179589,0.0074348738095010546
-0.3406703351675837,0.007423059422320017
-0.3376688344172085,0.007411317995664732
-0.3346673336668333,0.00739965024024476
-0.3316658329164581,0.0073880568645132896
-0.32866433216608293,0.007376538574582312
-0.32566283141570773,0.0073650960741376914
-0.32266133066533254,0.007353730064354129
-0.31965982991495734,0.00734244124381003
-0.31665832916458214,0.00733123030840231
-0.31365682841420695,0.007320097951261132
-0.31065532766383175,0.007309044862664616
-0.30765382691345655,0.007298071729953516
-0.30465232616308136,0.007287179237445898
-0.30165082541270616,0.007276368066351825
-0.29864932466233096,0.007265638894688059
-0.29564782391195576,0.007254992397192831
-0.29264632316158057,0.007244429245240649
-0.2896448224112058,0.007233950106757201
-0.2866433216608306,0.0072235556461343305
-0.2836418209104554,0.00721324652414516
-0.2806403201600802,0.0072030233978593195
-0.27763881940970503,0.007192886920558325
-0.27463731865932983,0.007182837741651129
-0.27163581790895464,0.007172876506589856
-0.26863431715857944,0.007163003856785732
-0.26563281640820424,0.007153220429525238
-0.26263131565782905,0.007143526857886495
-0.25962981490745385,0.007133923770655914
-0.25662831415707865,0.007124411792245104
-0.25362681340670346,0.007114991542608078
-0.25062531265632826,0.00710566363715877
-0.24762381190595306,0.007096428686688877
-0.24462231115557787,0.00708728729728603
-0.24162081040520267,0.007078240070252357
-0.23861930965482747,0.007069287602023396
-0.23561780890445227,0.007060430484087424
-0.23261630815407708,0.0070516693029052
-0.22961480740370188,0.007043004639830137
-0.22661330665332668,0.0070344370710289225
-0.2236118059029515,0.007025967167402628
-0.2206103051525763,0.007017595494508284
-0.2176088044022011,0.007009322612480968
-0.2146073036518259,0.007001149075956425
-0.2116058029014507,0.006993075433994221
-0.2086043021510755,0.0069851022300014545
-0.2056028014007003,0.0069772300016570435
-0.2026013006503251,0.006969459280836622
-0.19959979989994991,0.0069617905935380215
-0.19659829914957472,0.006954224459807411
-0.19359679839919952,0.00694676139366606
-0.19059529764882432,0.006939401903037774
-0.18759379689844913,0.006932146489677022
-0.18459229614807393,0.0069249956490977345
-0.18159079539769873,0.006917949870502851
-0.17858929464732354,0.006911009636714568
-0.17558779389694834,0.006904175424105362
-0.17258629314657314,0.006897447702529742
-0.16958479239619795,0.006890826935256835
-0.16658329164582275,0.006884313578903718
-0.16358179089544755,0.006877908083369597
-0.16058029014507236,0.006871610891770802
-0.15757878939469716,0.006865422440376629
-0.15457728864432196,0.006859343158546047
-0.15157578789394677,0.006853373468665281
-0.14857428714357157,0.006847513786086286
-0.14557278639319682,0.0068417645190661245
-0.14257128564282162,0.006836126068707277
-0.13956978489244642,0.006830598828898884
-0.13656828414207123,0.00682518318625893
-0.13356678339169603,0.006819879520077416
-0.13056528264132083,0.006814688202260486
-0.12756378189094564,0.006809609597275577
-0.12456228114057044,0.0068046440620975444
-0.12156078039019524,0.006799791946155837
-0.11855927963982005,0.006795053591282693
-0.11555777888944485,0.006790429331662384
-0.11255627813906965,0.006785919493781529
-0.10955477738869446,0.0067815243963804655
-0.10655327663831926,0.006777244350405727
-0.10355177588794406,0.006773079658963598
-0.10055027513756887,0.0067690306172747934
-0.09754877438719367,0.006765097512630254
-0.09454727363681847,0.006761280624348064
-0.09154577288644328,0.006757580223731539
-0.08854427213606808,0.006753996574028435
-0.08554277138569288,0.006750529930391348
-0.08254127063531769,0.006747180539839275
-0.07953976988494249,0.00674394864122036
-0.0765382691345673,0.006740834465175846
-0.0735367683841921,0.0067378382341052095
-0.0705352676338169,0.006734960162132538
-0.0675337668834417,0.006732200455074091
-0.06453226613306651,0.0067295593104071275
-0.06153076538269131,0.006727036917239944
-0.058529264632316114,0.006724633456283173
-0.05552776388194092,0.006722349099822334
-0.05252626313156572,0.006720184011691632
-0.049524762381190524,0.006718138347249036
-0.04652326163081533,0.006716212253352636
-0.04352176088044013,0.006714405868338252
-0.04052026013006493,0.006712719321998367
-0.03751875937968974,0.006711152735562317
-0.03451725862931454,0.006709706221677797
-0.03151575787893934,0.006708379884393665
-0.028514257128564147,0.006707173819144044
-0.02551275637818895,0.00670608811273374
-0.022511255627813753,0.006705122843324978
-0.019509754877438557,0.006704278080425441
-0.01650825412706336,0.00670355388487764
-0.013506753376688163,0.00670295030884961
-0.010505252626312966,0.006702467395826917
-0.00750375187593777,0.006702105180606013
-0.004502251125562573,0.006701863689288891
-0.0015007503751873763,0.00670174293927911
0.0015007503751873763,0.00670174293927911
0.004502251125562573,0.006701863689288891
0.00750375187593777,0.006702105180606013
0.010505252626312966,0.006702467395826917
0.013506753376688163,0.00670295030884961
0.01650825412706336,0.00670355388487764
0.019509754877438557,0.006704278080425441
0.022511255627813753,0.006705122843324978
0.02551275637818895,0.00670608811273374
0.028514257128564147,0.006707173819144044
0.03151575787893934,0.006708379884393665
0.03451725862931454,0.006709706221677797
0.03751875937968974,0.006711152735562317
0.04052026013006493,0.006712719321998367
0.04352176088044013,0.006714405868338252
0.04652326163081533,0.006716212253352636
0.049524762381190524,0.006718138347249036
0.05252626313156572,0.006720184011691632
0.05552776388194092,0.006722349099822334
0.058529264632316114,0.006724633456283173
0.06153076538269131,0.006727036917239944
0.06453226613306651,0.0067295593104071275
0.0675337668834417,0.006732200455074091
0.0705352676338169,0.006734960162132538
0.0735367683841921,0.0067378382341052095
0.0765382691345673,0.006740834465175846
0.07953976988494249,0.00674394864122036
0.08254127063531769,0.006747180539839275
0.08554277138569288,0.006750529930391348
0.08854427213606808,0.006753996574028435
0.09154577288644328,0.006757580223731539
0.09454727363681847,0.006761280624348064
0.09754877438719367,0.006765097512630254
0.10055027513756887,0.0067690306172747934
0.10355177588794406,0.006773079658963598
0.10655327663831926,0.006777244350405727
0.10955477738869446,0.0067815243963804655
0.11255627813906965,0.006785919493781529
0.11555777888944485,0.006790429331662384
0.11855927963982005,0.006795053591282693
0.12156078039019524,0.006799791946155837
0.12456228114057044,0.0068046440620975444
0.12756378189094564,0.006809609597275577
0.13056528264132083,0.006814688202260486
0.13356678339169603,0.006819879520077416
0.13656828414207123,0.00682518318625893
0.13956978489244642,0.006830598828898884
0.14257128564282162,0.006836126068707277
0.14557278639319682,0.0068417645190661245
0.14857428714357157,0.006847513786086286
0.15157578789394677,0.006853373468665281
0.15457728864432196,0.006859343158546047
0.15757878939469716,0.006865422440376629
0.16058029014507236,0.006871610891770802
0.16358179089544755,0.006877908083369597
0.16658329164582275,0.006884313578903718
0.16958479239619795,0.006890826935256835
0.17258629314657314,0.006897447702529742
0.17558779389694834,0.006904175424105362
0.17858929464732354,0.006911009636714568
0.18159079539769873,0.006917949870502851
0.18459229614807393,0.0069249956490977345
0.18759379689844913,0.006932146489677022
0.19059529764882432,0.006939401903037774
0.19359679839919952,0.00694676139366606
0.19659829914957472,0.006954224459807411
0.19959979989994991,0.0069617905935380215
0.2026013006503251,0.006969459280836622
0.2056028014007003,0.0069772300016570435
0.2086043021510755,0.0069851022300014545
0.2116058029014507,0.006993075433994221
0.2146073036518259,0.007001149075956425
0.2176088044022011,0.007009322612480968
0.2206103051525763,0.007017595494508284
0.2236118059029515,0.007025967167402628
0.22661330665332668,0.0070344370710289225
0.22961480740370188,0.007043004639830137
0.23261630815407708,0.0070516693029052
0.23561780890445227,0.007060430484087424
0.23861930965482747,0.007069287602023396
0.24162081040520267,0.007078240070252357
0.24462231115557787,0.00708728729728603
0.24762381190595306,0.007096428686688877
0.25062531265632826,0.00710566363715877
0.25362681340670346,0.007114991542608078
0.25662831415707865,0.007124411792245104
0.25962981490745385,0.007133923770655914
0.26263131565782905,0.007143526857886495
0.26563281640820424,0.007153220429525238
0.26863431715857944,0.007163003856785732
0.27163581790895464,0.007172876506589856
0.27463731865932983,0.007182837741651129
0.27763881940970503,0.007192886920558325
0.2806403201600802,0.0072030233978593195
0.2836418209104554,0.00721324652414516
0.2866433216608306,0.0072235556461343305
0.2896448224112058,0.007233950106757201
0.292646323161581,0.007244429245240651
0.29564782391195576,0.007254992397192831
0.29864932466233096,0.007265638894688059
0.30165082541270616,0.007276368066351825
0.30465232616308136,0.007287179237445898
0.30765382691345655,0.007298071729953516
0.31065532766383175,0.007309044862664616
0.31365682841420695,0.007320097951261132
0.31665832916458214,0.00733123030840231
0.31965982991495734,0.00734244124381003
0.32266133066533254,0.007353730064354129
0.32566283141570773,0.0073650960741376914
0.32866433216608293,0.007376538574582312
0.3316658329164581,0.0073880568645132896
0.3346673336668333,0.00739965024024476
0.3376688344172085,0.007411317995664732
0.3406703351675837,0.007423059422320017
0.3436718359179589,0.0074348738095010546
0.3466733366683341,0.007446760444326572
0.3496748374187093,0.007458718611828127
0.3526763381690845,0.007470747595034454
0.3556778389194597,0.007482846675055636
0.3586793396698349,0.0074950151311670935
0.3616808404202101,0.007507252240893337
0.3646823411705853,0.007519557280091503
0.3676838419209605,0.007531929523034653
0.3706853426713357,0.007544368242494805
0.3736868434217109,0.0075568727098256966
0.3766883441720861,0.007569442195045268
0.3796898449224613,0.007582075966917835
0.38269134567283647,0.007594773293035961
0.38569284642321167,0.007607533439901995
0.38869434717358686,0.007620355673009262
0.39169584792396206,0.0076332392569229204
0.39469734867433726,0.00764618345536043
0.39769884942471245,0.007659187531271652
0.40070035017508765,0.007672250746918562
0.40370185092546285,0.00768537236395454
0.40670335167583804,0.0076985516435032686
0.40970485242621324,0.007711787846237175
0.41270635317658844,0.0077250802324554555
0.41570785392696363,0.007738428062161628
0.41870935467733883,0.007751830595140648
0.421710855427714,0.007765287091035509
0.4247123561780892,0.0077787968094233965
0.4277138569284644,0.007792359009891316
0.4307153576788396,0.007805972952111236
0.4337168584292148,0.007819637895914692
0.43671835917959,0.007833353101366885
0.43971985992996476,0.007847117828840214
0.44272136068033996,0.007860931339087296
0.44572286143071516,0.00787479289331338
0.44872436218109035,0.007888701753248257
0.45172586293146555,0.007902657181217534
0.45472736368184075,0.007916658440213368
0.45772886443221594,0.007930704793964571
0.46073036518259114,0.007944795507006155
0.46373186593296634,0.00795892984474822
0.46673336668334153,0.00797310707354426
0.46973486743371673,0.007987326460758832
0.4727363681840919,0.008001587274834588
0.4757378689344671,0.008015888785358674
0.4787393696848423,0.008030230263128473
0.4817408704352175,0.0080446109802167
0.4847423711855927,0.008059030210035838
0.4877438719359679,0.008073487227401898
0.4907453726863431,0.008087981308597524
0.4937468734367183,0.008102511731434383
0.4967483741870935,0.008117077775314922
0.4997498749374687,0.008131678721293379
0.5027513756878439,0.008146313852136136
0.5057528764382191,0.008160982452381364
0.5087543771885943,0.008175683808397944
0.5117558779389695,0.008190417208443702
0.5147573786893447,0.008205181942722913
0.5177588794397199,0.00821997730344309
0.5207603801900951,0.00823480258487105
0.5237618809404703,0.008249657083388255
0.5267633816908455,0.008264540097545417
0.5297648824412207,0.008279450928116378
0.5327663831915959,0.008294388878151236
0.5357678839419711,0.008309353253028754
0.5387693846923463,0.008324343360508003
0.5417708854427215,0.008339358510779285
0.5447723861930966,0.008354398016514277
0.5477738869434718,0.008369461192915444
0.550775387693847,0.00838454735776471
0.5537768884442222,0.008399655831471347
0.5567783891945974,0.00841478593711913
0.5597798899449726,0.008429937000512736
0.5627813906953478,0.008445108350223362
0.565782891445723,0.008460299317633617
0.5687843921960982,0.008475509236981626
0.5717858929464734,0.00849073744540439
0.5747873936968486,0.008505983282980379
0.5777888944472238,0.008521246092771365
0.580790395197599,0.008536525220863497
0.5837918959479742,0.008551820016407604
0.586793396698349,0.008567129831658752
0.5897948974487242,0.008582454022015034
0.5927963981990994,0.008597791946055588
0.5957978989494745,0.008613142965577887
0.5987993996998497,0.008628506445634237
0.6018009004502249,0.008643881754567533
0.6048024012006001,0.008659268264046258
0.6078039019509753,0.00867466534909875
0.6108054027013505,0.008690072388146657
0.6138069034517257,0.008705488763037715
0.6168084042021009,0.008720913859077715
0.6198099049524761,0.008736347065061763
0.6228114057028513,0.008751787773304777
0.6258129064532265,0.008767235379671239
0.6288144072036017,0.008782689283604223
0.6318159079539769,0.008798148888153669
0.6348174087043521,0.008813613600003933
0.6378189094547273,0.008829082829500593
0.6408204102051025,0.008844555990676548
0.6438219109554777,0.008860032501277357
0.6468234117058529,0.008875511782785896
0.6498249124562281,0.008890993260446263
0.6528264132066033,0.008906476363286984
0.6558279139569785,0.008921960524143506
0.6588294147073537,0.008937445179679962
0.6618309154577289,0.008952929770410276
0.6648324162081041,0.008968413740718512
0.6678339169584793,0.008983896538878579
0.6708354177088545,0.008999377617073197
0.6738369184592297,0.00901485643141221
0.6768384192096049,0.009030332441950197
0.67983991995998,0.009045805112703415
0.6828414207103553,0.009061273911666052
0.6858429214607304,0.00907673831082583
0.6888444222111056,0.009092197786178929
0.6918459229614808,0.00910765181774425
0.694847423711856,0.009123099889577034
0.6978489244622312,0.009138541489781816
0.7008504252126064,0.009153976110524747
0.7038519259629816,0.009169403248045268
0.7068534267133568,0.009184822402667152
0.709854927463732,0.009200233078808911
0.7128564282141072,0.00921563478499359
0.7158579289644824,0.009231027033857931
0.7188594297148576,0.009246409342160925
0.7218609304652328,0.00926178123079177
0.724862431215608,0.009277142224777204
0.7278639319659832,0.00929249185328826
0.7308654327163584,0.009307829649646427
0.7338669334667332,0.009323155151329207
0.7368684342171083,0.009338467899975144
0.7398699349674835,0.0093537674413882
0.7428714357178587,0.00936905332554164
0.7458729364682339,0.009384325106581317
0.7488744372186091,0.009399582342828405
0.7518759379689843,0.009414824596781592
0.7548774387193595,0.009430051435118722
0.7578789394697347,0.009445262428697905
0.7608804402201099,0.009460457152558095
0.7638819409704851,0.00947563518591914
0.7668834417208603,0.00949079611218132
0.7698849424712355,0.009505939518924367
0.7728864432216107,0.009521064997905991
0.7758879439719859,0.009536172145059875
0.7788894447223611,0.009551260560493224
0.7818909454727363,0.009566329848483792
0.7848924462231115,0.009581379617476437
0.7878939469734867,0.009596409480079204
0.7908954477238619,0.00961141905305895
0.7938969484742371,0.009626407957336484
0.7968984492246123,0.009641375817981274
0.7998999499749875,0.009656322264205697
0.8029014507253627,0.009671246929358845
0.8059029514757379,0.0096861494509199
0.8089044522261131,0.00970102947049108
0.8119059529764883,0.009715886633790154
0.8149074537268635,0.009730720590642549
0.8179089544772387,0.009745530994973045
0.8209104552276139,0.009760317504797068
0.823911955977989,0.009775079782211583
0.8269134567283642,0.009789817493385592
0.8299149574787394,0.009804530308550255
0.8329164582291146,0.009819217901988643
0.8359179589794898,0.009833879952025082
0.838919459729865,0.009848516141014185
0.8419209604802402,0.009863126155329471
0.8449224612306154,0.009877709685351684
0.8479239619809906,0.009892266425456715
0.8509254627313658,0.009906796074003223
0.853926963481741,0.0099212983333199
0.8569284642321162,0.009935772909692423
0.8599299649824914,0.009950219513350072
0.8629314657328666,0.00996463785845204
0.8659329664832418,0.009979027663073436
0.868934467233617,0.00999338864919097
0.8719359679839922,0.010007720542668378
0.8749374687343674,0.0100220230732415
0.8779389694847426,0.010036295974503137
0.8809404702351173,0.010050538983887566
0.8839419709854925,0.01006475184265485
0.8869434717358677,0.010078934295874817
0.8899449724862429,0.010093086092410811
0.8929464732366181,0.010107206984903203
0.8959479739869933,0.010121296729752613
0.8989494747373685,0.01013535508710293
0.9019509754877437,0.010149381820824055
0.9049524762381189,0.010163376698494458
0.9079539769884941,0.01017733949138346
0.9109554777388693,0.010191269974433337
0.9139569784892445,0.010205167926241179
0.9169584792396197,0.01021903312904056
0.9199599799899949,0.010232865368683
0.9229614807403701,0.010246664434619223
0.9259629814907453,0.010260430119880223
0.9289644822411205,0.010274162221058158
0.9319659829914957,0.010287860538287032
0.9349674837418709,0.01030152487522324
0.9379689844922461,0.010315155039025916
0.9409704852426213,0.010328750840337103
0.9439719859929965,0.01034231209326181
0.9469734867433717,0.010355838615347864
0.9499749874937469,0.01036933022756563
0.9529764882441221,0.010382786754287613
0.9559779889944973,0.010396208023267852
0.9589794897448725,0.010409593865621262
0.9619809904952477,0.010422944115802782
0.9649824912456229,0.010436258611586422
0.967983991995998,0.010449537194044196
0.9709854927463732,0.010462779707524916
0.9739869934967484,0.01047598599963291
0.9769884942471236,0.010489155921206588
0.9799899949974988,0.010502289326296951
0.982991495747874,0.010515386072145957
0.9859929964982492,0.01052844601916486
0.9889944972486244,0.010541469030912366
0.9919959979989996,0.010554454974072801
0.9949974987493748,0.010567403718434138
0.99799899949975,0.010580315136865968
1.0010005002501252,0.010593189105297399
1.0040020010005,0.010606025502694889
1.0070035017508756,0.010618824211040013
1.0100050025012504,0.010631585115307169
1.013006503251626,0.010644308103441242
1.0160080040020008,0.010656993066335194
1.0190095047523764,0.010669639897807644
1.0220110055027511,0.010682248494580342
1.0250125062531268,0.010694818756255694
1.0280140070035015,0.010707350585294153
1.0310155077538772,0.010719843886991666
1.034017008504252,0.010732298569457021
1.0370185092546276,0.010744714543589226
1.0400200100050023,0.010757091723054828
1.043021510755378,0.010769430024265237
1.0460230115057527,0.010781729366354019
1.0490245122561284,0.010793989671154209
1.0520260130065031,0.010806210863175566
1.0550275137568788,0.010818392869581877
1.0580290145072535,0.010830535620168228
1.0610305152576291,0.010842639047338292
1.064032016008004,0.010854703086081607
1.0670335167583795,0.010866727673950888
1.0700350175087543,0.01087871275103932
1.07303651825913,0.010890658259957896
1.0760380190095047,0.010902564145812753
1.0790395197598803,0.010914430356182534
1.082041020510255,0.010926256841095775
1.0850425212606307,0.01093804355300832
1.0880440220110055,0.01094979044678075
1.0910455227613811,0.010961497479655889
1.0940470235117559,0.010973164611236262
1.0970485242621315,0.010984791803461689
1.1000500250125063,0.010996379020586835
1.103051525762881,0.011007926229158856
1.1060530265132567,0.011019433397995066
1.1090545272636314,0.011030900498160643
1.112056028014007,0.011042327502946423
1.1150575287643818,0.011053714387846685
1.1180590295147574,0.011065061130537054
1.1210605302651322,0.011076367710852414
1.1240620310155078,0.011087634110764907
1.1270635317658826,0.011098860314361964
1.1300650325162582,0.011110046307824436
1.133066533266633,0.011121192079404752
1.1360680340170086,0.011132297619405181
1.1390695347673834,0.011143362920156118
1.142071035517759,0.011154387975994488
1.1450725362681338,0.011165372783242181
1.1480740370185094,0.011176317340184599
1.1510755377688842,0.011187221647049238
1.1540770385192598,0.01119808570598439
1.1570785392696346,0.011208909521037888
1.1600800400200102,0.011219693098135962
1.163081540770385,0.011230436445062152
1.1660830415207606,0.011241139571436323
1.1690845422711353,0.011251802488693757
1.172086043021511,0.011262425210064344
1.1750875437718857,0.011273007750551836
1.1780890445222614,0.011283550126913226
1.1810905452726361,0.011294052357638194
1.1840920460230118,0.011304514462928647
1.1870935467733865,0.011314936464678372
1.1900950475237622,0.01132531838645276
1.193096548274137,0.011335660253468641
1.1960980490245126,0.011345962092574227
1.1990995497748873,0.011356223932229114
1.202101050525263,0.01136644580248445
1.2051025512756377,0.011376627734963129
1.2081040520260133,0.01138676976284015
1.211105552776388,0.011396871920823042
1.2141070535267637,0.01140693424513241
1.2171085542771385,0.011416956773482579
1.2201100550275141,0.011426939545062359
1.2231115557778889,0.011436882600515876
1.2261130565282645,0.011446785981923585
1.2291145572786393,0.011456649732783304
1.232116058029015,0.01146647389799143
1.2351175587793897,0.01147625852382422
1.2381190595297653,0.011486003657919212
1.24112056028014,0.011495709349256734
1.2441220610305157,0.011505375648141553
1.2471235617808905,0.011515002606184594
1.2501250625312652,0.011524590276284837
1.2531265632816408,0.011534138712611264
1.2561280640320156,0.011543647970584953
1.2591295647823912,0.011553118106861293
1.262131065532766,0.011562549179312293
1.2651325662831416,0.011571941247009028
1.2681340670335164,0.011581294370204194
1.271135567783892,0.011590608610314775
1.2741370685342668,0.011599884029904823
1.2771385692846424,0.011609120692668399
1.2801400700350172,0.011618318663412551
1.2831415707853928,0.01162747800804051
1.2861430715357676,0.011636598793534904
1.2891445722861432,0.011645681087941185
1.292146073036518,0.0116547249603511
1.2951475737868936,0.01166373048088634
1.2981490745372684,0.011672697720682256
1.301150575287644,0.011681626751871742
1.3041520760380187,0.011690517647569211
1.3071535767883944,0.011699370481854699
1.3101550775387691,0.011708185329758092
1.3131565782891448,0.011716962267243475
1.3161580790395195,0.01172570137119358
1.3191595797898952,0.011734402719394403
1.32216108054027,0.011743066390519884
1.3251625812906456,0.011751692464116755
1.3281640820410203,0.011760281020589479
1.331165582791396,0.011768832141185329
1.3341670835417707,0.011777345907979573
1.3371685842921464,0.011785822403860792
1.340170085042521,0.01179426171251631
1.3431715857928967,0.011802663918417755
1.3461730865432715,0.011811029106806719
1.3491745872936471,0.01181935736368058
1.352176088044022,0.011827648775778375
1.3551775887943975,0.011835903430566898
1.3581790895447723,0.011844121416226787
1.361180590295148,0.011852302821638854
1.3641820910455227,0.011860447736370447
1.3671835917958983,0.011868556250661987
1.370185092546273,0.011876628455413587
1.3731865932966487,0.01188466444217182
1.3761880940470235,0.011892664303116562
1.379189594797399,0.011900628131048026
1.3821910955477739,0.011908556019373828
1.3851925962981495,0.011916448062096244
1.3881940970485243,0.011924304353799528
1.391195597798899,0.011932124989637404
1.3941970985492746,0.011939910065320612
1.3971985992996494,0.011947659677104622
1.400200100050025,0.011955373921777448
1.4032016008003998,0.01196305289664755
1.4062031015507754,0.011970696699531911
1.4092046023011502,0.011978305428744156
1.4122061030515258,0.011985879183082868
1.4152076038019006,0.011993418061819933
1.4182091045522762,0.012000922164689062
1.421210605302651,0.012008391591874399
1.4242121060530266,0.012015826443999254
1.4272136068034014,0.012023226822114935
1.430215107553777,0.012030592827689693
1.4332166083041518,0.012037924562597802
1.4362181090545274,0.012045222129108722
1.4392196098049022,0.012052485629876389
1.4422211105552778,0.012059715167928602
1.4452226113056525,0.012066910846656538
1.4482241120560282,0.012074072769804357
1.451225612806403,0.012081201041458938
1.4542271135567786,0.012088295766039694
1.4572286143071533,0.012095357048288517
1.460230115057529,0.012102384993259835
1.4632316158079037,0.012109379706310744
1.4662331165582794,0.012116341293091292
1.4692346173086541,0.012123269859534816
1.4722361180590298,0.012130165511848435
1.4752376188094045,0.012137028356503609
1.4782391195597802,0.012143858500226826
1.481240620310155,0.01215065604999037
1.4842421210605306,0.012157421113003233
1.4872436218109053,0.01216415379670206
1.490245122561281,0.012170854208742275
1.4932466233116557,0.012177522456989252
1.4962481240620313,0.012184158649509606
1.499249624812406,0.01219076289456258
1.5022511255627817,0.012197335300591538
1.5052526263131565,0.01220387597621555
1.5082541270635321,0.012210385030221087
1.5112556278139069,0.012216862571553784
1.5142571285642825,0.01222330870931034
1.5172586293146573,0.012229723552730477
1.520260130065033,0.012236107211189028
1.5232616308154077,0.012242459794188087
1.5262631315657833,0.012248781411349286
1.529264632316158,0.012255072172406139
1.5322661330665337,0.012261332187196492
1.5352676338169085,0.012267561565655066
1.5382691345672832,0.012273760417806095
1.5412706353176588,0.012279928853756039
1.5442721360680336,0.012286066983686403
1.5472736368184092,0.012292174917846644
1.550275137568784,0.01229825276654716
1.5532766383191596,0.01230430064015238
1.5562781390695344,0.012310318649073936
1.55927963981991,0.012316306903763912
1.5622811405702848,0.012322265514708185
1.5652826413206604,0.012328194592419886
1.5682841420710352,0.012334094247432882
1.5712856428214108,0.0123399645902954
1.5742871435717856,0.012345805731563712
1.5772886443221612,0.012351617781795894
1.580290145072536,0.012357400851545686
1.5832916458229116,0.012363155051356442
1.5862931465732864,0.012368880491755113
1.589294647323662,0.012374577283246391
1.5922961480740367,0.012380245536306842
1.5952976488244124,0.012385885361379205
1.5982991495747871,0.012391496868866704
1.6013006503251628,0.012397080169127484
1.6043021510755375,0.012402635372469082
1.6073036518259132,0.012408162589143039
1.610305152576288,0.012413661929339494
1.6133066533266636,0.012419133503181969
1.6163081540770383,0.012424577420722114
1.619309654827414,0.012429993791934643
1.6223111555777887,0.01243538272671222
1.6253126563281644,0.012440744334860528
1.628314157078539,0.012446078726093346
1.6313156578289147,0.012451386010027729
1.6343171585792895,0.012456666296179232
1.6373186593296651,0.01246191969395724
1.64032016008004,0.012467146312660335
1.6433216608304155,0.012472346261471758
1.6463231615807903,0.012477519649454927
1.649324662331166,0.01248266658554902
1.6523261630815407,0.01248778717856465
1.6553276638319163,0.012492881537179566
1.658329164582291,0.012497949769934463
1.6613306653326667,0.012502991985228841
1.6643321660830415,0.012508008291316916
1.667333666833417,0.012512998796303614
1.6703351675837919,0.012517963608140632
1.6733366683341675,0.012522902834622542
1.6763381690845423,0.012527816583382978
1.679339669834918,0.012532704961890883
1.6823411705852926,0.012537568077446807
1.6853426713356674,0.012542406037179266
1.688344172086043,0.012547218948041193
1.6913456728364178,0.012552006916806392
1.6943471735867934,0.01255677005006612
1.6973486743371682,0.012561508454225661
1.7003501750875438,0.012566222235501013
1.7033516758379186,0.012570911499915596
1.7063531765882942,0.012575576353297048
1.709354677338669,0.01258021690127404
1.7123561780890446,0.012584833249273187
1.7153576788394194,0.012589425502515987
1.718359179589795,0.012593993766015835
1.7213606803401698,0.012598538144575058
1.7243621810905454,0.012603058742782058
1.7273636818409202,0.012607555665008457
1.7303651825912958,0.01261202901540632
1.7333666833416705,0.012616478897905428
1.7363681840920462,0.012620905416210602
1.739369684842421,0.012625308673799074
1.7423711855927966,0.012629688773917907
1.7453726863431713,0.01263404581958149
1.748374187093547,0.01263837991356904
1.7513756878439217,0.012642691158422183
1.7543771885942974,0.01264697965644259
1.7573786893446721,0.012651245509689626
1.7603801900950478,0.012655488819978085
1.7633816908454225,0.012659709688875944
1.7663831915957982,0.012663908217702195
1.769384692346173,0.012668084507524675
1.7723861930965485,0.012672238659157994
1.7753876938469233,0.012676370773161472
1.778389194597299,0.012680480949837135
1.7813906953476737,0.012684569289227754
1.7843921960980493,0.012688635891114927
1.787393696848424,0.012692680855017197
1.7903951975987997,0.012696704280188235
1.7933966983491745,0.012700706265615026
1.7963981990995501,0.012704686910016142
1.7993996998499249,0.012708646311840027
1.8024012006003005,0.01271258456926332
1.8054027013506753,0.012716501780189243
1.808404202101051,0.01272039804224601
1.8114057028514257,0.012724273452785267
1.8144072036018013,0.012728128108880606
1.817408704352176,0.012731962107326078
1.8204102051025517,0.01273577554463477
1.8234117058529264,0.012739568517037397
1.826413206603302,0.012743341120480966
1.8294147073536768,0.012747093450627432
1.8324162081040516,0.01275082560285244
1.8354177088544272,0.012754537672244043
1.838419209604802,0.012758229753601523
1.8414207103551776,0.012761901941434192
1.8444222111055524,0.012765554329960247
1.847423711855928,0.012769187013105678
1.8504252126063028,0.01277280008450317
1.8534267133566784,0.012776393637491074
1.8564282141070532,0.012779967765112404
1.8594297148574288,0.012783522560113832
1.8624312156078036,0.012787058114944778
1.8654327163581792,0.01279057452175647
1.868434217108554,0.01279407187240107
1.8714357178589296,0.012797550258430827
1.8744372186093043,0.012801009771097252
1.87743871935968,0.01280445050135032
1.8804402201100547,0.012807872539837733
1.8834417208604304,0.012811275976904155
1.8864432216108051,0.01281466090259053
1.8894447223611808,0.01281802740663341
1.8924462231115555,0.012821375578464292
1.8954477238619312,0.01282470550720902
1.898449224612306,0.012828017281687176
1.9014507253626816,0.012831310990411529
1.9044522261130563,0.01283458672158749
1.907453726863432,0.012837844563112611
1.9104552276138067,0.012841084602576087
1.9134567283641823,0.012844306927258312
1.916458229114557,0.012847511624130434
1.9194597298649327,0.012850698779853953
1.9224612306153075,0.012853868480780333
1.9254627313656831,0.012857020812950655
1.9284642321160579,0.012860155862095253
1.9314657328664335,0.012863273713633439
1.9344672336168083,0.012866374452673184
1.937468734367184,0.012869458164010876
1.9404702351175587,0.01287252493213106
1.9434717358679343,0.012875574841206229
1.946473236618309,0.012878607975096613
1.9494747373686847,0.012881624417350024
1.9524762381190595,0.01288462425120167
1.955477738869435,0.012887607559574063
1.9584792396198099,0.012890574425076861
1.9614807403701855,0.012893524930006808
1.9644822411205602,0.012896459156347649
1.9674837418709359,0.012899377185770075
1.9704852426213106,0.012902279099631701
1.9734867433716863,0.012905164978977044
1.976488244122061,0.01290803490453753
1.9794897448724358,0.012910888956731521
1.9824912456228114,0.012913727215664363
1.9854927463731862,0.012916549761128429
1.9884942471235618,0.012919356672603225
1.9914957478739366,0.01292214802925546
1.9944972486243122,0.01292492390993919
1.997498749374687,0.012927684393195912
2.0005002501250626,0.012930429557254756
2.0035017508754374,0.01293315948003261
2.006503251625813,0.01293587423913433
2.0095047523761878,0.012938573911852921
2.0125062531265634,0.012941258575169765
2.015507753876938,0.01294392830575483
2.018509254627314,0.012946583179966935
2.0215107553776885,0.012949223273854
2.024512256128064,0.012951848663153314
2.027513756878439,0.01295445942329184
2.0305152576288146,0.012957055629386508
2.0335167583791893,0.012959637356244526
2.036518259129565,0.012962204678363733
2.0395197598799397,0.012964757669932924
2.0425212606303154,0.012967296404832214
2.04552276138069,0.012969820956633418
2.0485242621310658,0.012972331398600429
2.0515257628814405,0.01297482780368961
2.054527263631816,0.012977310244550214
2.057528764382191,0.01297977879352481
2.0605302651325665,0.012982233522649711
2.0635317658829413,0.012984674503655412
2.066533266633317,0.012987101807967071
2.0695347673836917,0.012989515506704954
2.0725362681340673,0.012991915670684936
2.075537768884442,0.012994302370418988
2.0785392696348177,0.012996675676115673
2.0815407703851925,0.01299903565768067
2.084542271135568,0.013001382384717288
2.087543771885943,0.013003715926527023
2.0905452726363185,0.013006036352110062
2.0935467733866933,0.013008343730165895
2.096548274137069,0.013010638129093826
2.0995497748874437,0.013012919616993576
2.1025512756378193,0.013015188261665867
2.105552776388194,0.013017444130612999
2.1085542771385697,0.01301968729103947
2.1115557778889444,0.013021917809852578
2.11455727863932,0.013024135753663043
2.117558779389695,0.013026341188785625
2.1205602801400705,0.013028534181239787
2.1235617808904452,0.013030714796750305
2.12656328164082,0.013032883100747945
2.1295647823911956,0.013035039158370123
2.1325662831415704,0.013037183034461558
2.135567783891946,0.01303931479357496
2.1385692846423208,0.013041434499971713
2.1415707853926964,0.013043542217622557
2.144572286143071,0.013045638010208293
2.147573786893447,0.013047721941120489
2.1505752876438216,0.013049794073462179
2.153576788394197,0.013051854470048599
2.156578289144572,0.013053903193407894
2.1595797898949476,0.013055940305781858
2.1625812906453223,0.01305796586912667
2.165582791395698,0.01305997994511363
2.1685842921460727,0.013061982595129917
2.1715857928964484,0.013063973880279342
2.174587293646823,0.0130659538613831
2.1775887943971988,0.013067922598980536
2.1805902951475735,0.01306988015332993
2.183591795897949,0.013071826584409257
2.186593296648324,0.013073761951916974
2.1895947973986996,0.01307568631527281
2.1925962981490743,0.013077599733618548
2.19559779889945,0.013079502265818827
2.1985992996498247,0.013081393970461949
2.2016008004002003,0.01308327490586066
2.204602301150575,0.013085145130052983
2.2076038019009507,0.013087004700803026
2.2106053026513255,0.013088853675601787
2.213606803401701,0.013090692111667987
2.216608304152076,0.013092520065948897
2.2196098049024515,0.013094337595121155
2.2226113056528263,0.013096144755591609
2.225612806403202,0.013097941603498147
2.2286143071535767,0.01309972819471054
2.2316158079039523,0.013101504584831287
2.234617308654327,0.013103270829196455
2.2376188094047027,0.013105026982876529
2.2406203101550775,0.013106773100677266
2.243621810905453,0.013108509237140556
2.246623311655828,0.013110235446545269
2.2496248124062035,0.013111951782908127
2.2526263131565782,0.013113658299984551
2.255627813906954,0.013115355051269543
2.2586293146573286,0.013117042089998547
2.2616308154077043,0.013118719469148325
2.264632316158079,0.013120387241437818
2.2676338169084547,0.013122045459329032
2.2706353176588294,0.01312369417502791
2.273636818409204,0.013125333440485214
2.27663831915958,0.013126963307397403
2.2796398199099546,0.013128583827207515
2.28264132066033,0.013130195051106058
2.285642821410705,0.01313179703003188
2.2886443221610806,0.013133389814673088
2.2916458229114554,0.013134973455467894
2.294647323661831,0.013136548002605542
2.2976488244122057,0.013138113506027182
2.3006503251625814,0.013139670015426765
2.303651825912956,0.013141217580251944
2.306653326663332,0.013142756249704962
2.3096548274137065,0.013144286072743545
2.312656328164082,0.013145807098081814
2.315657828914457,0.013147319374191165
2.3186593296648326,0.013148822949301182
2.3216608304152073,0.013150317871400533
2.324662331165583,0.01315180418823786
2.3276638319159577,0.013153281947322697
2.3306653326663334,0.01315475119592636
2.333666833416708,0.013156211981082844
2.3366683341670837,0.013157664349589746
2.3396698349174585,0.013159108348009138
2.342671335667834,0.013160544022668506
2.345672836418209,0.013161971419661612
2.3486743371685845,0.013163390584849432
2.3516758379189593,0.013164801563861038
2.354677338669335,0.013166204402094518
2.3576788394197097,0.013167599144717856
2.3606803401700853,0.01316898583666986
2.36368184092046,0.013170364522661048
2.3666833416708357,0.013171735247174562
2.3696848424212105,0.013173098054467057
2.372686343171586,0.013174452988569625
2.375687843921961,0.013175800093288665
2.3786893446723365,0.013177139412206823
2.3816908454227113,0.013178470988683856
2.384692346173087,0.013179794865857561
2.3876938469234616,0.013181111086644657
2.3906953476738373,0.01318241969374169
2.393696848424212,0.01318372072962594
2.3966983491745877,0.013185014236556308
2.3996998499249624,0.013186300256574206
2.402701350675338,0.013187578831504482
2.405702851425713,0.013188850002956283
2.4087043521760885,0.013190113812323974
2.4117058529264632,0.013191370300788017
2.414707353676839,0.013192619509315866
2.4177088544272136,0.013193861478662873
2.4207103551775884,0.01319509624937316
2.423711855927964,0.013196323861780511
2.4267133566783388,0.013197544356009274
2.4297148574287144,0.013198757771975241
2.432716358179089,0.013199964149386524
2.435717858929465,0.013201163527744454
2.4387193596798395,0.013202355946344469
2.441720860430215,0.013203541444276972
2.44472236118059,0.013204720060428238
2.4477238619309656,0.013205891833481273
2.4507253626813403,0.013207056801916715
2.453726863431716,0.013208215004013684
2.4567283641820907,0.013209366477850678
2.4597298649324664,0.013210511261306445
2.462731365682841,0.013211649392060838
2.4657328664332168,0.0132127809075957
2.4687343671835915,0.013213905845195736
2.471735867933967,0.013215024241949376
2.474737368684342,0.013216136134749628
2.4777388694347176,0.013217241560294966
2.4807403701850923,0.013218340555090169
2.483741870935468,0.0132194331554472
2.4867433716858427,0.013220519397486056
2.4897448724362183,0.013221599317135617
2.492746373186593,0.013222672950134524
2.4957478739369687,0.013223740332032002
2.4987493746873435,0.013224801498188745
2.501750875437719,0.013225856483777733
2.504752376188094,0.013226905323785102
2.5077538769384695,0.013227948053010977
2.5107553776888443,0.013228984706070326
2.51375687843922,0.013230015317393795
2.5167583791895947,0.013231039921228545
2.5197598799399703,0.013232058551639093
2.522761380690345,0.013233071242508155
2.5257628814407207,0.013234078027537465
2.5287643821910955,0.01323507894024862
2.531765882941471,0.013236074013983891
2.534767383691846,0.013237063281907076
2.5377688844422215,0.013238046777004304
2.5407703851925962,0.013239024532084857
2.543771885942972,0.013239996579782013
2.5467733866933466,0.013240962952553835
2.5497748874437223,0.013241923682684007
2.552776388194097,0.013242878802282651
2.5557778889444727,0.01324382834328711
2.5587793896948474,0.013244772337462797
2.561780890445222,0.01324571081640397
2.564782391195598,0.01324664381153455
2.5677838919459726,0.013247571354108926
2.570785392696348,0.013248493475212748
2.573786893446723,0.013249410205763732
2.5767883941970986,0.01325032157651245
2.5797898949474733,0.013251227618043118
2.582791395697849,0.013252128360774402
2.5857928964482237,0.013253023834960192
2.5887943971985994,0.013253914070690398
2.591795897948974,0.013254799097891724
2.5947973986993498,0.013255678946328455
2.5977988994497245,0.013256553645603235
2.6008004002001,0.013257423225157834
2.603801900950475,0.013258287714273948
2.6068034017008506,0.013259147142073938
2.6098049024512253,0.013260001537521611
2.612806403201601,0.013260850929422998
2.6158079039519757,0.013261695346427103
2.6188094047023514,0.013262534817026663
2.621810905452726,0.013263369369558924
2.6248124062031017,0.013264199032206377
2.6278139069534765,0.01326502383299752
2.630815407703852,0.013265843799807619
2.633816908454227,0.013266658960359435
2.6368184092046025,0.013267469342223987
2.6398199099549773,0.013268274972821296
2.642821410705353,0.013269075879421112
2.6458229114557277,0.013269872089143667
2.6488244122061033,0.0132706636289604
2.651825912956478,0.013271450525694697
2.6548274137068537,0.01327223280602262
2.6578289144572285,0.013273010496473631
2.660830415207604,0.013273783623431323
2.663831915957979,0.013274552213134143
2.6668334167083545,0.013275316291676106
2.6698349174587293,0.013276075885007519
2.672836418209105,0.013276831018935691
2.6758379189594796,0.01327758171912565
2.6788394197098553,0.013278328011100854
2.68184092046023,0.013279069920243882
2.6848424212106057,0.013279807471797167
2.6878439219609804,0.013280540690863674
2.690845422711356,0.013281269602407606
2.693846923461731,0.01328199423125511
2.6968484242121065,0.013282714602094957
2.699849924962481,0.01328343073947924
2.702851425712857,0.013284142667824067
2.7058529264632316,0.013284850411410237
2.7088544272136064,0.013285553994383931
2.711855927963982,0.013286253440757392
2.7148574287143568,0.013286948774409607
2.7178589294647324,0.013287640019086965
2.720860430215107,0.013288327198403959
2.723861930965483,0.013289010335843827
2.7268634317158575,0.01328968945475924
2.729864932466233,0.013290364578372954
2.732866433216608,0.013291035729778487
2.7358679339669836,0.013291702931940765
2.7388694347173583,0.013292366207696783
2.741870935467734,0.013293025579756264
2.7448724362181087,0.013293681070702303
2.7478739369684844,0.013294332702992032
2.750875437718859,0.013294980498957236
2.7538769384692348,0.013295624480805039
2.7568784392196095,0.013296264670618509
2.759879939969985,0.013296901090357312
2.76288144072036,0.01329753376185835
2.7658829414707355,0.013298162706836387
2.7688844422211103,0.013298787946884692
2.771885942971486,0.013299409503475652
2.7748874437218607,0.013300027397961408
2.7778889444722363,0.013300641651574473
2.780890445222611,0.013301252285428358
2.7838919459729867,0.013301859320518182
2.7868934467233615,0.013302462777721298
2.789894947473737,0.013303062677797888
2.792896448224112,0.013303659041391596
2.7958979489744875,0.013304251889030116
2.7988994497248623,0.013304841241125812
2.801900950475238,0.013305427117976294
2.8049024512256127,0.013306009539765061
2.8079039519759883,0.013306588526562057
2.810905452726363,0.013307164098324288
2.8139069534767387,0.013307736274896407
2.8169084542271134,0.013308305076011299
2.819909954977489,0.01330887052129068
2.822911455727864,0.013309432630245675
2.8259129564782395,0.013309991422277382
2.8289144572286142,0.013310546916677492
2.83191595797899,0.013311099132628824
2.8349174587293646,0.013311648089205928
2.8379189594797403,0.013312193805375636
2.840920460230115,0.013312736299997643
2.8439219609804907,0.013313275591825074
2.8469234617308654,0.013313811699505037
2.849924962481241,0.013314344641579202
2.852926463231616,0.01331487443648434
2.8559279639819906,0.013315401102552896
2.858929464732366,0.013315924658013525
2.861930965482741,0.013316445120991675
2.8649324662331166,0.01331696250951009
2.8679339669834913,0.013317476841489406
2.870935467733867,0.013317988134748653
2.8739369684842417,0.013318496407005819
2.8769384692346174,0.013319001675878388
2.879939969984992,0.013319503958883872
2.8829414707353678,0.013320003273440342
2.8859429714857425,0.013320499636866963
2.888944472236118,0.013320993066384535
2.891945972986493,0.013321483579115988
2.8949474737368686,0.013321971192086949
2.8979489744872433,0.013322455922226226
2.900950475237619,0.013322937786366352
2.9039519759879937,0.013323416801244088
2.9069534767383693,0.013323892983500946
2.909954977488744,0.013324366349683698
2.9129564782391197,0.013324836916244882
2.9159579789894945,0.013325304699543319
2.91895947973987,0.013325769715844612
2.921960980490245,0.013326231981321652
2.9249624812406205,0.013326691512055107
2.9279639819909953,0.013327148324033937
2.930965482741371,0.013327602433155878
2.9339669834917457,0.013328053855227945
2.9369684842421213,0.013328502605966906
2.939969984992496,0.013328948700999793
2.9429714857428717,0.013329392155864372
2.9459729864932465,0.013329832986009631
2.948974487243622,0.013330271206796264
2.951975987993997,0.013330706833497147
2.9549774887443725,0.013331139881297827
2.9579789894947472,0.01333157036529697
2.960980490245123,0.013331998300506869
2.9639819909954976,0.01333242370185388
2.9669834917458733,0.013332846584178916
2.969984992496248,0.013333266962237904
2.9729864932466237,0.013333684850702236
2.9759879939969984,0.013334100264159253
2.978989494747374,0.013334513217112688
2.981990995497749,0.013334923723983124
2.9849924962481245,0.01333533179910846
2.987993996998499,0.013335737456744342
2.990995497748875,0.013336140711064641
2.9939969984992496,0.013336541576161876
2.9969984992496252,0.013336940066047673
3.0,0.013337336194653205
