x_1,x_2,eta,WQ
0.0852359605495114,0.017260917023369522,1.907026052175261,0.02360076176596657
0.0852359605495114,0.04222689235728072,1.907026052175261,0.028072999207332625
0.0852359605495114,0.015425924872511853,1.907026052175261,0.022728644372113232
0.0852359605495114,0.016521384713017076,1.907026052175261,0.02325673475384679
0.0852359605495114,0.022457687016057354,1.907026052175261,0.02566176840836567
0.0852359605495114,0.08497663609202721,1.907026052175261,0.016959587610693324
0.0852359605495114,0.09849330782881296,1.907026052175261,0.01286033513433351
0.0852359605495114,0.07253075611353296,1.907026052175261,0.020992565228507076
0.0852359605495114,0.021063126758152438,1.907026052175261,0.025166365487522713
0.0852359605495114,0.08346263364269672,1.907026052175261,0.017444613381467956
0.0852359605495114,0.01473775509388985,1.907026052175261,0.02237918496318231
0.0852359605495114,0.031405622483489194,1.907026052175261,0.02776230907753403
0.0852359605495114,0.025112350947196736,1.907026052175261,0.026468957713081956
0.0852359605495114,0.030408714930222562,1.907026052175261,0.02761426169793314
0.0852359605495114,0.02055828428998073,1.907026052175261,0.02497604274581982
0.0852359605495114,0.031147618810281934,1.907026052175261,0.027725811552134355
0.0852359605495114,0.05401257190992648,1.907026052175261,0.026268801437940952
0.0852359605495114,0.08170747779835053,1.907026052175261,0.01801088414275321
0.0852359605495114,0.05842597359485902,1.907026052175261,0.0251991064610505
0.0852359605495114,0.018670865737568168,1.907026052175261,0.024222465750365286
0.0852359605495114,0.02367709125197546,1.907026052175261,0.02605221025132907
0.0852359605495114,0.021309417101096594,1.907026052175261,0.02525741786237121
0.0852359605495114,0.08208228627331352,1.907026052175261,0.017889625549789585
0.0852359605495114,0.018781955364385226,1.907026052175261,0.024269075353219892
0.0852359605495114,0.013120217003605314,1.907026052175261,0.021507043609504995
0.0852359605495114,0.043965105311778704,1.907026052175261,0.027925340832057145
0.0852359605495114,0.08393346712567823,1.907026052175261,0.01729340500991869
0.0852359605495114,0.09426298227672904,1.907026052175261,0.014088727690139325
0.0852359605495114,0.02418269951012072,1.907026052175261,0.02620384037793041
0.0852359605495114,0.01369470461279314,1.907026052175261,0.021821778842880446
0.0852359605495114,0.08879693306320054,1.907026052175261,0.015754085947671418
0.0852359605495114,0.014574707254319532,1.907026052175261,0.022293876703919455
0.0852359605495114,0.011217312667150148,1.907026052175261,0.020396132087764675
0.0852359605495114,0.012679589033179414,1.907026052175261,0.021260682697261266
0.0852359605495114,0.019456374620336496,1.907026052175261,0.024545419291019076
0.0852359605495114,0.014360552937103073,1.907026052175261,0.022180577263027842
0.0852359605495114,0.02073936070270717,1.907026052175261,0.025044821644676644
0.0852359605495114,0.06507462116331039,1.907026052175261,0.023322209878026943
0.0852359605495114,0.03188267796569856,1.907026052175261,0.02782620644963474
0.0852359605495114,0.023620497471740165,1.907026052175261,0.026034885236625727
0.0852359605495114,0.018522352279420035,1.907026052175261,0.024159634231497595
0.0852359605495114,0.06435987479315061,1.907026052175261,0.023535861597333445
0.0852359605495114,0.03326072934443197,1.907026052175261,0.027982410118543036
0.0852359605495114,0.05470870330250719,1.907026052175261,0.026111012015559876
0.0852359605495114,0.016888998109141504,1.907026052175261,0.023428806776376005
0.0852359605495114,0.07256521587871134,1.907026052175261,0.020981485013000088
0.0852359605495114,0.018242195556809705,1.907026052175261,0.024039408509945657
0.0852359605495114,0.08152511802129177,1.907026052175261,0.01806994253852141
0.0852359605495114,0.0230418320596269,1.907026052175261,0.025853425471386138
0.0852359605495114,0.011209422515746035,1.907026052175261,0.020391318374182902
