x_1,x_2,eta,WQ
0.02908235339909758,0.058234987348559704,1.9255883904666011,0.02841102520713529
0.2039851929802623,0.058234987348559704,1.9255883904666011,0.005563798209840847
0.9283914903307049,0.058234987348559704,1.9255883904666011,8.60194928745191e-08
0.1931484469130443,0.058234987348559704,1.9255883904666011,0.006355134367496408
0.33432739508583054,0.058234987348559704,1.9255883904666011,0.0013600549101565691
0.23710373027636955,0.058234987348559704,1.9255883904666011,0.003789606451164494
0.02888883012340818,0.058234987348559704,1.9255883904666011,0.028375626705839676
0.1996378670081699,0.058234987348559704,1.9255883904666011,0.005865634320739383
0.07880337265612275,0.058234987348559704,1.9255883904666011,0.02658420102082694
0.6028065783001415,0.058234987348559704,1.9255883904666011,7.759905835208736e-05
0.022019653017904334,0.058234987348559704,1.9255883904666011,0.02689220902275786
0.06232888586464929,0.058234987348559704,1.9255883904666011,0.029153365704435084
0.18602797486824377,0.058234987348559704,1.9255883904666011,0.00695303926666846
0.19605514411306954,0.058234987348559704,1.9255883904666011,0.00612977955568471
0.04061048853273512,0.058234987348559704,1.9255883904666011,0.029851019025637044
0.06447278499911242,0.058234987348559704,1.9255883904666011,0.028893887818841127
0.013240467310281683,0.058234987348559704,1.9255883904666011,0.024702379355054965
0.8170070936739211,0.058234987348559704,1.9255883904666011,2.7989776067043414e-06
0.6797692070840233,0.058234987348559704,1.9255883904666011,2.8699935615710674e-05
0.025911123770911093,0.058234987348559704,1.9255883904666011,0.027779489685929495
0.3289785891562881,0.058234987348559704,1.9255883904666011,0.001436080022451431
0.1221949006644535,0.058234987348559704,1.9255883904666011,0.01702335064406302
0.16692550306474402,0.058234987348559704,1.9255883904666011,0.008956494138292505
0.06512968120064563,0.058234987348559704,1.9255883904666011,0.028809086571942057
0.31808053786743046,0.058234987348559704,1.9255883904666011,0.001605013990386322
0.016439909966700462,0.058234987348559704,1.9255883904666011,0.025483387558297613
0.26792249263931417,0.058234987348559704,1.9255883904666011,0.0027070302309873677
0.08667861510641314,0.058234987348559704,1.9255883904666011,0.025003632152821177
0.8874110467464706,0.058234987348559704,1.9255883904666011,4.424425444040245e-07
0.023964802014659257,0.058234987348559704,1.9255883904666011,0.027348019780241796
0.6870634709593669,0.058234987348559704,1.9255883904666011,2.5908774479862214e-05
0.3093340107879498,0.058234987348559704,1.9255883904666011,0.0017556314809972042
0.08766635209085637,0.058234987348559704,1.9255883904666011,0.0247951728061061
0.15939284846375215,0.058234987348559704,1.9255883904666011,0.009953102490064888
0.022633584386477702,0.058234987348559704,1.9255883904666011,0.027039986660501572
0.07656233920372128,0.058234987348559704,1.9255883904666011,0.0270020780630867
0.05172382218711923,0.058234987348559704,1.9255883904666011,0.02997782292831237
0.038813603248205535,0.058234987348559704,1.9255883904666011,0.029715997098616394
0.10743374010606185,0.058234987348559704,1.9255883904666011,0.02036791632562632
0.23382358782590051,0.058234987348559704,1.9255883904666011,0.0039317606067393795
0.03648788019302484,0.058234987348559704,1.9255883904666011,0.029492695457589216
0.29350371610316045,0.058234987348559704,1.9255883904666011,0.0020678160336199797
0.17545032285594148,0.058234987348559704,1.9255883904666011,0.00798078398244529
0.026104950853956598,0.058234987348559704,1.9255883904666011,0.027821342049010243
0.10514817275184381,0.058234987348559704,1.9255883904666011,0.02089117839118783
0.7901280538492901,0.058234987348559704,1.9255883904666011,4.824268040178151e-06
0.14650781577454386,0.058234987348559704,1.9255883904666011,0.012028173634581887
0.4240464310167245,0.058234987348559704,1.9255883904666011,0.0005481795526263817
0.28726385001565996,0.058234987348559704,1.9255883904666011,0.002206847386587041
0.13553832013242845,0.058234987348559704,1.9255883904666011,0.014176403131799685
0.784762580876978,0.058234987348559704,1.9255883904666011,5.341420862075169e-06
0.11354736701698415,0.058234987348559704,1.9255883904666011,0.018969974975212262
0.8338062651317892,0.058234987348559704,1.9255883904666011,1.9223538127144716e-06
0.011266603315166575,0.058234987348559704,1.9255883904666011,0.024283058838990592
0.09271116129893503,0.058234987348559704,1.9255883904666011,0.023702836609909985
0.17122623791883665,0.058234987348559704,1.9255883904666011,0.008445878832306465
0.08473258809809465,0.058234987348559704,1.9255883904666011,0.025408295016593422
0.01713020068735328,0.058234987348559704,1.9255883904666011,0.025659022735462285
0.6214480420677182,0.058234987348559704,1.9255883904666011,6.174064116026262e-05
0.9335921842604369,0.058234987348559704,1.9255883904666011,6.580816249927299e-08
0.02291817616662265,0.058234987348559704,1.9255883904666011,0.02710709571361585
0.012961653661900035,0.058234987348559704,1.9255883904666011,0.02464038447746301
0.07864151257585991,0.058234987348559704,1.9255883904666011,0.02661493986609345
0.47752608111185907,0.058234987348559704,1.9255883904666011,0.00031526158713245393
0.022818199927841395,0.058234987348559704,1.9255883904666011,0.027083608853493257
0.14239140972365208,0.058234987348559704,1.9255883904666011,0.012807324170651562
0.3366791377519018,0.058234987348559704,1.9255883904666011,0.00132795857618556
0.040403122270672165,0.058234987348559704,1.9255883904666011,0.029837341511933773
0.06478179842034897,0.058234987348559704,1.9255883904666011,0.02885429098849662
0.037153416450794195,0.058234987348559704,1.9255883904666011,0.0295615058282705
0.019245555020972988,0.058234987348559704,1.9255883904666011,0.026199697516417292
0.04562165971414152,0.058234987348559704,1.9255883904666011,0.03004686488474324
0.5038477478046246,0.058234987348559704,1.9255883904666011,0.00023836336619562884
0.6285322013194298,0.058234987348559704,1.9255883904666011,5.6499468580676006e-05
0.21661029688781105,0.058234987348559704,1.9255883904666011,0.004789311170616679
0.9398318224079016,0.058234987348559704,1.9255883904666011,4.6430053840476376e-08
0.03674857804764591,0.058234987348559704,1.9255883904666011,0.029520128917782284
0.010182369570150005,0.058234987348559704,1.9255883904666011,0.024096394443109636
0.23189665881248395,0.058234987348559704,1.9255883904666011,0.004018172815077289
0.01760537018705202,0.058234987348559704,1.9255883904666011,0.02578201726284202
0.0289211969519684,0.058234987348559704,1.9255883904666011,0.028381571713400926
0.18691499337229936,0.058234987348559704,1.9255883904666011,0.006874781377902339
0.38397373688893693,0.058234987348559704,1.9255883904666011,0.0008231768700134492
0.4844868764973122,0.058234987348559704,1.9255883904666011,0.00029296184778339216
0.6824286270396698,0.058234987348559704,1.9255883904666011,2.765431009593907e-05
0.023719497862800833,0.058234987348559704,1.9255883904666011,0.027292281972523987
0.036807362974326935,0.058234987348559704,1.9255883904666011,0.029526228526681898
0.014358448745952103,0.058234987348559704,1.9255883904666011,0.02496829489934612
0.4351532116995653,0.058234987348559704,1.9255883904666011,0.0004893077525951809
0.02103671943962401,0.058234987348559704,1.9255883904666011,0.02664781117975634
0.6486635666323954,0.058234987348559704,1.9255883904666011,4.364205284099203e-05
0.0858673641353019,0.058234987348559704,1.9255883904666011,0.025173333952589822
0.7652828292351871,0.058234987348559704,1.9255883904666011,7.606190396250221e-06
0.08131863853774617,0.058234987348559704,1.9255883904666011,0.026096571932294445
0.018041329389686687,0.058234987348559704,1.9255883904666011,0.025894728810629306
0.03200308022080293,0.058234987348559704,1.9255883904666011,0.02890744127381706
0.011063266056262582,0.058234987348559704,1.9255883904666011,0.024244842219629303
0.07370210831844375,0.058234987348559704,1.9255883904666011,0.027508337211708
0.022380381370038012,0.058234987348559704,1.9255883904666011,0.026979595272660126
0.02217288331535995,0.058234987348559704,1.9255883904666011,0.0269295336142757
