x_1,x_2,eta,WQ
0.0852359605495114,0.08497663609202721,1.907026052175261,0.016959587610693324
0.0852359605495114,0.08497663609202721,2.7210567237865484,0.017557195923415266
0.0852359605495114,0.08497663609202721,0.8343952166692112,0.012973643869195839
0.0852359605495114,0.08497663609202721,2.875257745706468,0.01759741347597357
0.0852359605495114,0.08497663609202721,2.9921974833626823,0.017620714848568864
0.0852359605495114,0.08497663609202721,1.9511588576387717,0.017020441248610872
0.0852359605495114,0.08497663609202721,2.843830712803616,0.017590177735098442
0.0852359605495114,0.08497663609202721,1.9760632416248278,0.017052664965455433
0.0852359605495114,0.08497663609202721,1.8927261367112582,0.016938793041661654
0.0852359605495114,0.08497663609202721,2.2032644676236837,0.017286781009859753
0.0852359605495114,0.08497663609202721,2.068696906626924,0.017160275399520447
0.0852359605495114,0.08497663609202721,0.8930423439035335,0.013345577851314664
0.0852359605495114,0.08497663609202721,2.8262431302458864,0.01758592822887884
0.0852359605495114,0.08497663609202721,1.5726453024764664,0.016304122026961132
0.0852359605495114,0.08497663609202721,1.860141208090081,0.016889340438583814
0.0852359605495114,0.08497663609202721,2.958590825109245,0.01761456066049086
0.0852359605495114,0.08497663609202721,2.531237717449627,0.017487657793578377
0.0852359605495114,0.08497663609202721,1.6867614838127887,0.016571803811100076
0.0852359605495114,0.08497663609202721,2.934815368418282,0.017609952922197917
0.0852359605495114,0.08497663609202721,0.7061759098220941,0.01212078042141066
0.0852359605495114,0.08497663609202721,1.5512301074790382,0.01624791336998577
0.0852359605495114,0.08497663609202721,2.7427530292380906,0.01756361887749433
0.0852359605495114,0.08497663609202721,1.6348144231095618,0.016456358628330083
0.0852359605495114,0.08497663609202721,1.8226835151500245,0.016828775902738378
0.0852359605495114,0.08497663609202721,2.695037560701154,0.017549123221777575
0.0852359605495114,0.08497663609202721,2.200770433822289,0.017284717498210686
0.0852359605495114,0.08497663609202721,2.687951011267427,0.017546852128505777
0.0852359605495114,0.08497663609202721,1.7557541902894456,0.016709921345648047
0.0852359605495114,0.08497663609202721,2.617077055639717,0.017522314324751716
0.0852359605495114,0.08497663609202721,2.40883016395946,0.017427053004731765
0.0852359605495114,0.08497663609202721,2.3336844806715327,0.01738206863976082
0.0852359605495114,0.08497663609202721,1.4715665460385727,0.01602068832602312
0.0852359605495114,0.08497663609202721,1.8855417108695907,0.016928139518660814
0.0852359605495114,0.08497663609202721,1.626783251653128,0.016437578102082098
0.0852359605495114,0.08497663609202721,2.743657985926708,0.017563880872848946
0.0852359605495114,0.08497663609202721,2.8482788873734224,0.017591229345202724
0.0852359605495114,0.08497663609202721,1.851582559349399,0.016875860216379185
0.0852359605495114,0.08497663609202721,2.7017437632511085,0.01755124351414021
0.0852359605495114,0.08497663609202721,2.9537852423651914,0.017613646718343548
0.0852359605495114,0.08497663609202721,2.6966282332262463,0.01754962867177812
0.0852359605495114,0.08497663609202721,2.6311928904316146,0.01752747697530248
0.0852359605495114,0.08497663609202721,2.8774866949046256,0.01759790982121138
0.0852359605495114,0.08497663609202721,1.7419678834571397,0.01668363946958796
0.0852359605495114,0.08497663609202721,2.0780105272266427,0.017170101328208592
0.0852359605495114,0.08497663609202721,1.050069093827579,0.014259297782149408
0.0852359605495114,0.08497663609202721,1.1072090775134136,0.014557894819992395
0.0852359605495114,0.08497663609202721,2.42916249621992,0.017438142639126627
0.0852359605495114,0.08497663609202721,2.3809959444675304,0.01741114658361454
0.0852359605495114,0.08497663609202721,1.8884278887756822,0.01693243605964832
0.0852359605495114,0.08497663609202721,2.2113623512316325,0.017293413902201467
0.0852359605495114,0.08497663609202721,2.0043917624313816,0.0170875612127849
0.0852359605495114,0.08497663609202721,2.538372653878209,0.017490764859197934
0.0852359605495114,0.08497663609202721,1.9975983224231326,0.017079358900452535
0.0852359605495114,0.08497663609202721,1.9734281923783392,0.01704932507923102
0.0852359605495114,0.08497663609202721,2.560791044620031,0.017500250750976415
0.0852359605495114,0.08497663609202721,1.9473852695999454,0.017015428381934324
0.0852359605495114,0.08497663609202721,2.43858553477396,0.017443135854634376
0.0852359605495114,0.08497663609202721,2.3996846509647405,0.017421920762506534
0.0852359605495114,0.08497663609202721,1.784246937739294,0.016762252972387457
0.0852359605495114,0.08497663609202721,2.9375122738864747,0.01761048654906575
0.0852359605495114,0.08497663609202721,2.177572909556974,0.017265048347070062
0.0852359605495114,0.08497663609202721,2.20863865982345,0.0172911943566848
0.0852359605495114,0.08497663609202721,2.7398194916289773,0.017562766371727722
0.0852359605495114,0.08497663609202721,0.25863997878945755,0.009415376243861767
0.0852359605495114,0.08497663609202721,2.182059711937238,0.017268920607639945
0.0852359605495114,0.08497663609202721,2.9925801249094004,0.01762078258907419
0.0852359605495114,0.08497663609202721,0.4569850255178767,0.01046465381965126
0.0852359605495114,0.08497663609202721,1.7795292820347821,0.0167537696859494
0.0852359605495114,0.08497663609202721,2.9694278818162676,0.017616590072243074
0.0852359605495114,0.08497663609202721,2.7351044486469274,0.017561385801596423
0.0852359605495114,0.08497663609202721,2.8399590486206114,0.017589254877861164
0.0852359605495114,0.08497663609202721,1.5654989161303041,0.016285585866395853
0.0852359605495114,0.08497663609202721,2.946305193709111,0.017612206737384964
0.0852359605495114,0.08497663609202721,1.1915477453736305,0.014963589968359685
0.0852359605495114,0.08497663609202721,2.7746016912579576,0.017572564439904
0.0852359605495114,0.08497663609202721,1.4029727615008185,0.015800620792447678
0.0852359605495114,0.08497663609202721,2.5386746588284534,0.017490895422775966
0.0852359605495114,0.08497663609202721,2.4688348027882148,0.017458561687531796
0.0852359605495114,0.08497663609202721,2.9484654756504747,0.01761262480265663
0.0852359605495114,0.08497663609202721,2.3470346286422847,0.017390544078286142
0.0852359605495114,0.08497663609202721,2.069465692392636,0.017161092982063662
0.0852359605495114,0.08497663609202721,2.6151267614741207,0.01752158975116718
0.0852359605495114,0.08497663609202721,1.6903236275301676,0.016579348542146842
0.0852359605495114,0.08497663609202721,2.727416732812915,0.017559107201118633
0.0852359605495114,0.08497663609202721,1.4301185684699567,0.01589053032813541
0.0852359605495114,0.08497663609202721,1.056686292284249,0.014294846747916992
0.0852359605495114,0.08497663609202721,1.572551482583402,0.016303880100209812
0.0852359605495114,0.08497663609202721,2.4540365705158016,0.017451128345612063
0.0852359605495114,0.08497663609202721,2.519127435757552,0.017482284173961835
0.0852359605495114,0.08497663609202721,0.8627210194055794,0.013155072477310185
0.0852359605495114,0.08497663609202721,1.0868633514835242,0.014453754407891393
0.0852359605495114,0.08497663609202721,1.1817520998023459,0.014918622292847414
0.0852359605495114,0.08497663609202721,1.0522038865680658,0.014270793819819712
0.0852359605495114,0.08497663609202721,2.3820565702240653,0.017411768513274733
0.0852359605495114,0.08497663609202721,2.213863505960581,0.017295441987207748
0.0852359605495114,0.08497663609202721,0.7977111407220967,0.012734272824475309
0.0852359605495114,0.08497663609202721,0.623554017182141,0.011558250463279159
0.0852359605495114,0.08497663609202721,0.9088608901061597,0.013443325310188919
0.0852359605495114,0.08497663609202721,2.6805964646238993,0.017544461501433333
0.0852359605495114,0.08497663609202721,1.4880556598245123,0.016070144428697596
0.0852359605495114,0.08497663609202721,1.7772179669557726,0.01674958748095577
0.0852359605495114,0.08497663609202721,2.694239586289491,0.017548869063243103
0.0852359605495114,0.08497663609202721,2.1382487871093896,0.017229663648624195
0.0852359605495114,0.08497663609202721,1.2984952647543193,0.015418256883348639
0.0852359605495114,0.08497663609202721,2.324979336119635,0.01737642362189011
0.0852359605495114,0.08497663609202721,0.7639292697815456,0.012510103834430722
0.0852359605495114,0.08497663609202721,0.5091240449943033,0.010794892458685692
0.0852359605495114,0.08497663609202721,2.8456042451466166,0.017590598129336273
0.0852359605495114,0.08497663609202721,1.9307578536843584,0.01699292177279827
0.0852359605495114,0.08497663609202721,1.0570125210457104,0.01429659280363463
0.0852359605495114,0.08497663609202721,2.193839291307478,0.01727893114752731
0.0852359605495114,0.08497663609202721,2.830955614214727,0.017587081353254548
0.0852359605495114,0.08497663609202721,2.878574824117993,0.017598151334812448
0.0852359605495114,0.08497663609202721,1.9675092716576708,0.01704176343404022
0.0852359605495114,0.08497663609202721,1.9127337822928898,0.01696773738524549
0.0852359605495114,0.08497663609202721,2.571400835847681,0.017504597402797903
0.0852359605495114,0.08497663609202721,1.689266766395166,0.016577114927700386
0.0852359605495114,0.08497663609202721,1.7939779260102284,0.0167795281364984
0.0852359605495114,0.08497663609202721,2.5915652007322088,0.01751261415052717
0.0852359605495114,0.08497663609202721,2.957859860765587,0.017614422202884176
0.0852359605495114,0.08497663609202721,2.6546531391831976,0.017535747642237632
0.0852359605495114,0.08497663609202721,0.4785553069589352,0.010599393265456343
0.0852359605495114,0.08497663609202721,2.3339192970970633,0.01738221960490487
0.0852359605495114,0.08497663609202721,2.082612729174095,0.017174893708353168
0.0852359605495114,0.08497663609202721,2.781528400652446,0.017574436856876357
0.0852359605495114,0.08497663609202721,2.1857134610139095,0.017272049639629434
0.0852359605495114,0.08497663609202721,1.5309491490622527,0.016192822530309358
0.0852359605495114,0.08497663609202721,2.5834701206628248,0.0175094336935503
0.0852359605495114,0.08497663609202721,2.9428093887135987,0.01761152642149932
0.0852359605495114,0.08497663609202721,2.020191685559463,0.01710624248218722
0.0852359605495114,0.08497663609202721,1.6170224295204971,0.01641440596595813
0.0852359605495114,0.08497663609202721,2.7526653676009323,0.017566463347518758
0.0852359605495114,0.08497663609202721,2.196495732498216,0.017281157851520176
0.0852359605495114,0.08497663609202721,2.13942717359326,0.01723076269879563
0.0852359605495114,0.08497663609202721,2.0991406457757287,0.01719176724055629
0.0852359605495114,0.08497663609202721,1.7856622782611786,0.016764784205341735
0.0852359605495114,0.08497663609202721,1.9273112857959367,0.0169881700407567
0.0852359605495114,0.08497663609202721,2.105640310621141,0.01719826054415394
0.0852359605495114,0.08497663609202721,1.2046906752052353,0.015023038332521879
0.0852359605495114,0.08497663609202721,2.0871441180402623,0.017179572088020765
0.0852359605495114,0.08497663609202721,2.4294475133798827,0.017438295009509348
0.0852359605495114,0.08497663609202721,2.5224832658515943,0.01748378595889771
0.0852359605495114,0.08497663609202721,1.8211536080262076,0.01682621448039526
0.0852359605495114,0.08497663609202721,1.8487840057082372,0.016871406999756408
0.0852359605495114,0.08497663609202721,2.264275057122778,0.01733432177173468
0.0852359605495114,0.08497663609202721,2.577766551721657,0.017507162422473455
0.0852359605495114,0.08497663609202721,2.393711518363108,0.017418519436070912
0.0852359605495114,0.08497663609202721,2.6405699667580644,0.017530828445448943
0.0852359605495114,0.08497663609202721,2.3208212578223506,0.017373693689889124
0.0852359605495114,0.08497663609202721,2.477195065794959,0.017462667660115984
0.0852359605495114,0.08497663609202721,2.339302195555233,0.01738566165987995
0.0852359605495114,0.08497663609202721,2.8659465017601513,0.017595316251912886
0.0852359605495114,0.08497663609202721,1.84305579185934,0.016862221571245114
0.0852359605495114,0.08497663609202721,2.5757537344500943,0.017506354818018897
0.0852359605495114,0.08497663609202721,2.4853899621943816,0.017466628181232468
0.0852359605495114,0.08497663609202721,2.6087872338226727,0.017519215292088216
0.0852359605495114,0.08497663609202721,1.9181505120135969,0.016975393461371464
0.0852359605495114,0.08497663609202721,2.8524770196012494,0.01759221341148998
0.0852359605495114,0.08497663609202721,2.4593795174723,0.017453836845792825
0.0852359605495114,0.08497663609202721,2.6170022865479945,0.01752228659748324
0.0852359605495114,0.08497663609202721,2.2872089973958953,0.0173508066063395
0.0852359605495114,0.08497663609202721,2.6521326295659216,0.017534877184654712
0.0852359605495114,0.08497663609202721,2.0522338979727133,0.017142482133487267
0.0852359605495114,0.08497663609202721,1.9176316527916255,0.016974663377648424
0.0852359605495114,0.08497663609202721,2.844027675216665,0.01759022449528087
0.0852359605495114,0.08497663609202721,2.751485996812082,0.017566127812125045
0.0852359605495114,0.08497663609202721,1.5002532307110374,0.016105898804049768
0.0852359605495114,0.08497663609202721,2.3324852331370147,0.01738129656997289
0.0852359605495114,0.08497663609202721,2.0459459449184196,0.017135540251930044
0.0852359605495114,0.08497663609202721,2.35955035145576,0.01739829419001806
0.0852359605495114,0.08497663609202721,2.094195293383604,0.01718677328950354
0.0852359605495114,0.08497663609202721,2.732176758015651,0.01756052210669846
0.0852359605495114,0.08497663609202721,1.5018039123234048,0.016110394265393346
0.0852359605495114,0.08497663609202721,2.844961656804534,0.01759044598150008
0.0852359605495114,0.08497663609202721,2.621576333933892,0.017523975383579565
0.0852359605495114,0.08497663609202721,2.6685844319524534,0.01754048197918468
0.0852359605495114,0.08497663609202721,2.40742544820138,0.017426270603362628
0.0852359605495114,0.08497663609202721,1.6747986027204365,0.016546123497345886
0.0852359605495114,0.08497663609202721,2.8549890460426637,0.017592798358294498
0.0852359605495114,0.08497663609202721,1.5384136994298399,0.016213312383727512
0.0852359605495114,0.08497663609202721,0.08043161875353899,0.00890976342837482
0.0852359605495114,0.08497663609202721,0.48675833296587445,0.010651363332504885
0.0852359605495114,0.08497663609202721,2.8962712900790013,0.017602007128493226
0.0852359605495114,0.08497663609202721,2.3415380820584653,0.017387080926583875
0.0852359605495114,0.08497663609202721,2.2707517559621055,0.01733905080899946
0.0852359605495114,0.08497663609202721,2.3281292879406426,0.017378477194296197
0.0852359605495114,0.08497663609202721,1.673135028417717,0.016542510207011238
0.0852359605495114,0.08497663609202721,0.9287314841656911,0.013564429045727562
0.0852359605495114,0.08497663609202721,2.830607326945995,0.017586996495127627
0.0852359605495114,0.08497663609202721,1.0268456568356228,0.014132557120332524
0.0852359605495114,0.08497663609202721,0.729157400352408,0.01227642668620241
0.0852359605495114,0.08497663609202721,1.4643683437121855,0.015998688823812723
0.0852359605495114,0.08497663609202721,2.9598907854428287,0.01761480640187705
0.0852359605495114,0.08497663609202721,1.6783370891007656,0.01655377474106584
0.0852359605495114,0.08497663609202721,2.6290303581153713,0.017526695288344427
0.0852359605495114,0.08497663609202721,2.1803777552446446,0.017267472885396266
0.0852359605495114,0.08497663609202721,1.7646536390079581,0.016726550885644915
0.0852359605495114,0.08497663609202721,2.2773423577176723,0.017343803182077677
0.0852359605495114,0.08497663609202721,2.595011887546185,0.017513953108151438
0.0852359605495114,0.08497663609202721,2.303221114730634,0.017361893818161524
0.0852359605495114,0.08497663609202721,0.9921404697247631,0.013937509618628628
0.0852359605495114,0.08497663609202721,2.4755544910542113,0.017461867177237037
0.0852359605495114,0.08497663609202721,1.632485167533752,0.016450938117312804
0.0852359605495114,0.08497663609202721,2.24914710549004,0.017323044924877087
0.0852359605495114,0.08497663609202721,1.3702755608083252,0.01568726155623169
0.0852359605495114,0.08497663609202721,2.9502547620799593,0.017612969721591015
0.0852359605495114,0.08497663609202721,2.945962992466573,0.017612140349362985
0.0852359605495114,0.08497663609202721,1.8964253621082103,0.016944224416432018
0.0852359605495114,0.08497663609202721,1.7433205780196097,0.01668624651572347
0.0852359605495114,0.08497663609202721,2.510714216263949,0.017478475688471943
0.0852359605495114,0.08497663609202721,2.582950497465435,0.017509227816095346
0.0852359605495114,0.08497663609202721,2.6270210491422623,0.01752596601387723
0.0852359605495114,0.08497663609202721,2.973888747089769,0.017617412878654398
0.0852359605495114,0.08497663609202721,2.1041842447199492,0.017196812796557097
0.0852359605495114,0.08497663609202721,0.4192966392618449,0.010236804818752809
0.0852359605495114,0.08497663609202721,2.212954928064783,0.017294706375255032
0.0852359605495114,0.08497663609202721,2.8143453330312167,0.01758296876454012
0.0852359605495114,0.08497663609202721,1.4961138901843303,0.016093843684034752
0.0852359605495114,0.08497663609202721,2.3391130456528497,0.017385541313176954
0.0852359605495114,0.08497663609202721,2.3766140572026226,0.017408563584446025
0.0852359605495114,0.08497663609202721,2.740360176185679,0.0175629238682386
0.0852359605495114,0.08497663609202721,2.595210675818279,0.017514030057883472
0.0852359605495114,0.08497663609202721,1.9420193335885587,0.01700824008395657
0.0852359605495114,0.08497663609202721,1.9110539592880866,0.016965347666458023
0.0852359605495114,0.08497663609202721,2.623916173635004,0.017524833448085173
0.0852359605495114,0.08497663609202721,2.9199911730262675,0.017606968359910005
0.0852359605495114,0.08497663609202721,0.7314452763429822,0.012291876331552078
0.0852359605495114,0.08497663609202721,0.7711543023394278,0.012558311287952345
0.0852359605495114,0.08497663609202721,1.7576720954378975,0.01671352726939227
0.0852359605495114,0.08497663609202721,2.9894238581925574,0.01762022228587996
0.0852359605495114,0.08497663609202721,2.3793097250803985,0.017410155191471165
0.0852359605495114,0.08497663609202721,0.7883964273524664,0.01267278832735347
0.0852359605495114,0.08497663609202721,1.2483026173990692,0.015213081789996724
0.0852359605495114,0.08497663609202721,2.686038249356515,0.01754623369354746
0.0852359605495114,0.08497663609202721,0.3694706150074514,0.009953223349400082
0.0852359605495114,0.08497663609202721,2.429704097017331,0.017438432107341292
0.0852359605495114,0.08497663609202721,1.5016111194959476,0.016109835965506965
0.0852359605495114,0.08497663609202721,2.77191217038195,0.01757183050244071
0.0852359605495114,0.08497663609202721,1.9329272336623142,0.016995897309183487
0.0852359605495114,0.08497663609202721,2.0902640063751052,0.01718277012420333
0.0852359605495114,0.08497663609202721,1.8112070960872564,0.01680938942299131
0.0852359605495114,0.08497663609202721,2.5407362262206243,0.017491784633912134
0.0852359605495114,0.08497663609202721,1.6492195359660198,0.016489408004717963
0.0852359605495114,0.08497663609202721,1.9694010394051928,0.017044189225472392
0.0852359605495114,0.08497663609202721,1.7555974327338109,0.016709626080333728
0.0852359605495114,0.08497663609202721,2.2331753599387576,0.017310779914213648
0.0852359605495114,0.08497663609202721,1.0158419414294741,0.014071439905589183
0.0852359605495114,0.08497663609202721,2.9005421264134537,0.01760291766361704
0.0852359605495114,0.08497663609202721,2.8539741133691083,0.017592562371611203
0.0852359605495114,0.08497663609202721,1.786229340261278,0.01676579656904963
0.0852359605495114,0.08497663609202721,2.787718387007505,0.01757608865010727
0.0852359605495114,0.08497663609202721,1.7430473897332044,0.016685720499763922
0.0852359605495114,0.08497663609202721,1.6966095342240923,0.01659254928350025
0.0852359605495114,0.08497663609202721,1.3279685075673102,0.015532126946196717
0.0852359605495114,0.08497663609202721,2.002647640245799,0.017085465232838815
0.0852359605495114,0.08497663609202721,1.2586893327900166,0.015256719502489594
0.0852359605495114,0.08497663609202721,2.1320521224898106,0.017223843753029006
0.0852359605495114,0.08497663609202721,2.554765948188546,0.017497741990045154
0.0852359605495114,0.08497663609202721,2.06404375357331,0.017155301699062202
0.0852359605495114,0.08497663609202721,2.9146132719758584,0.017605863821375578
0.0852359605495114,0.08497663609202721,2.4797656742797898,0.017463916810929552
0.0852359605495114,0.08497663609202721,0.4940647219253558,0.010697966399160666
0.0852359605495114,0.08497663609202721,2.2310822903041942,0.01730914471076483
0.0852359605495114,0.08497663609202721,2.7935069165787176,0.01757761519887055
0.0852359605495114,0.08497663609202721,1.741455310172418,0.016682649967564026
0.0852359605495114,0.08497663609202721,1.7961476771051912,0.01678333941211666
0.0852359605495114,0.08497663609202721,2.863507179229876,0.01759476042712046
0.0852359605495114,0.08497663609202721,2.7625586182186037,0.01756924756261867
0.0852359605495114,0.08497663609202721,2.1820240306601644,0.017268889943414818
0.0852359605495114,0.08497663609202721,2.3190690743847617,0.017372536763010153
0.0852359605495114,0.08497663609202721,2.931836544038289,0.017609360196139304
0.0852359605495114,0.08497663609202721,2.841563989535068,0.01758963829015095
0.0852359605495114,0.08497663609202721,2.129897103756354,0.017221803751779473
0.0852359605495114,0.08497663609202721,2.751222915002104,0.017566052858104277
0.0852359605495114,0.08497663609202721,2.575132542093026,0.017506104934470138
0.0852359605495114,0.08497663609202721,2.7893187828179076,0.017576512448272488
0.0852359605495114,0.08497663609202721,1.3685855386972856,0.01568124918390495
0.0852359605495114,0.08497663609202721,2.326678860179516,0.017377533151488527
0.0852359605495114,0.08497663609202721,2.470344377365155,0.01745930802720828
0.0852359605495114,0.08497663609202721,2.935707634051476,0.017610129786657127
0.0852359605495114,0.08497663609202721,2.7225840582798524,0.017557657092477096
0.0852359605495114,0.08497663609202721,2.3344812357657454,0.017382580602325795
0.0852359605495114,0.08497663609202721,1.2523732345059555,0.015230257594512782
0.0852359605495114,0.08497663609202721,2.321358034621077,0.017374047332112213
0.0852359605495114,0.08497663609202721,1.9349243105560219,0.01699862606992583
0.0852359605495114,0.08497663609202721,2.4094793290409546,0.017427413859992198
0.0852359605495114,0.08497663609202721,2.763861264625196,0.017569610138828993
0.0852359605495114,0.08497663609202721,2.3030563343040855,0.017361781446420265
0.0852359605495114,0.08497663609202721,1.698871779289502,0.016597265021478583
0.0852359605495114,0.08497663609202721,1.0195784079790955,0.014092269264142542
0.0852359605495114,0.08497663609202721,2.947436091128301,0.017612425815378134
0.0852359605495114,0.08497663609202721,2.6395644899788864,0.0175304720167207
0.0852359605495114,0.08497663609202721,2.9293375233778653,0.017608860241374924
0.0852359605495114,0.08497663609202721,2.0661512193462936,0.017157559713440365
0.0852359605495114,0.08497663609202721,1.2715971741360457,0.015310087441029414
0.0852359605495114,0.08497663609202721,2.4409570061063945,0.017444378181836646
0.0852359605495114,0.08497663609202721,2.748993876297478,0.017565416228705538
0.0852359605495114,0.08497663609202721,1.5722337197891902,0.016303060427490024
0.0852359605495114,0.08497663609202721,2.1695867534056825,0.01725807394090704
0.0852359605495114,0.08497663609202721,0.7997792639621637,0.012747887779519572
0.0852359605495114,0.08497663609202721,2.0241959590688596,0.01711089048408278
0.0852359605495114,0.08497663609202721,2.2149680602414503,0.017296334554660245
0.0852359605495114,0.08497663609202721,2.334731650863949,0.01738274134681579
0.0852359605495114,0.08497663609202721,2.8880498361987454,0.017600232551911153
0.0852359605495114,0.08497663609202721,1.3900740648275913,0.015756570637065058
0.0852359605495114,0.08497663609202721,1.992933105587739,0.017073666052044186
0.0852359605495114,0.08497663609202721,2.572864518958423,0.017505190010504622
0.0852359605495114,0.08497663609202721,2.4166789952200967,0.017431385725693915
0.0852359605495114,0.08497663609202721,1.616488907008982,0.01641312832559337
0.0852359605495114,0.08497663609202721,1.6725123310367889,0.016541155040715863
0.0852359605495114,0.08497663609202721,2.22072781536961,0.01730095858016693
0.0852359605495114,0.08497663609202721,2.573792246835645,0.017505564747338644
0.0852359605495114,0.08497663609202721,2.691169791806104,0.017547887598668918
0.0852359605495114,0.08497663609202721,2.6701345045041727,0.017541000795308865
0.0852359605495114,0.08497663609202721,2.790205437512889,0.017576746667365938
0.0852359605495114,0.08497663609202721,1.8510817480774597,0.016875064948091992
0.0852359605495114,0.08497663609202721,2.637224538775117,0.01752963981040941
0.0852359605495114,0.08497663609202721,2.726234668627466,0.017558753778512008
0.0852359605495114,0.08497663609202721,1.7994056898626556,0.016789034666795113
0.0852359605495114,0.08497663609202721,2.7599346558994258,0.017568514385701155
0.0852359605495114,0.08497663609202721,1.3338063865673175,0.015554111886549234
0.0852359605495114,0.08497663609202721,1.301470653420365,0.015429971830759377
0.0852359605495114,0.08497663609202721,1.3945152735662116,0.015771835416057915
0.0852359605495114,0.08497663609202721,1.9516506390238686,0.017021091976514403
0.0852359605495114,0.08497663609202721,1.827313227118009,0.016836484446414918
0.0852359605495114,0.08497663609202721,2.069382546542881,0.017161004615502885
0.0852359605495114,0.08497663609202721,2.5503806613889424,0.017495897381686297
0.0852359605495114,0.08497663609202721,1.0988939375780336,0.014515626597699413
0.0852359605495114,0.08497663609202721,1.2431724545971214,0.015191299244016637
0.0852359605495114,0.08497663609202721,1.4773287203926586,0.016038118783321925
0.0852359605495114,0.08497663609202721,2.9657678563336822,0.017615909535077724
0.0852359605495114,0.08497663609202721,2.9411438430075454,0.017611200632874312
0.0852359605495114,0.08497663609202721,2.2066224635472125,0.017289543922458545
0.0852359605495114,0.08497663609202721,2.751257924177698,0.017566062834724193
0.0852359605495114,0.08497663609202721,0.4238154800586993,0.010263566394262454
0.0852359605495114,0.08497663609202721,1.8500026534154563,0.016873348944590135
0.0852359605495114,0.08497663609202721,2.6391066624935435,0.01753030948991179
0.0852359605495114,0.08497663609202721,1.2987695052677268,0.015419338721535248
0.0852359605495114,0.08497663609202721,0.7292042421496543,0.012276743092791286
0.0852359605495114,0.08497663609202721,2.018441403656185,0.017104199924646315
0.0852359605495114,0.08497663609202721,2.0540738786488117,0.017144498091370145
0.0852359605495114,0.08497663609202721,2.3972690607158653,0.017420549964353715
0.0852359605495114,0.08497663609202721,2.6879782467239197,0.017546860917529026
0.0852359605495114,0.08497663609202721,2.895184807267813,0.01760177426376406
0.0852359605495114,0.08497663609202721,2.974775547121379,0.01761757558511806
0.0852359605495114,0.08497663609202721,2.9592647940779795,0.017614688144863676
0.0852359605495114,0.08497663609202721,1.2949899268785159,0.01540439167088202
0.0852359605495114,0.08497663609202721,2.656881948902063,0.017536513786195192
0.0852359605495114,0.08497663609202721,2.581289499048733,0.01750856831573221
0.0852359605495114,0.08497663609202721,2.042622476435609,0.01713183809473275
0.0852359605495114,0.08497663609202721,2.8035505751210694,0.01758022294993711
0.0852359605495114,0.08497663609202721,2.5278784847240146,0.017486179910258862
0.0852359605495114,0.08497663609202721,1.600921364002931,0.01637533771845531
0.0852359605495114,0.08497663609202721,2.1911149512864636,0.017276635820215235
0.0852359605495114,0.08497663609202721,1.909884408843886,0.016963679527804372
0.0852359605495114,0.08497663609202721,2.1587392032289356,0.01724842992974691
0.0852359605495114,0.08497663609202721,2.897496345713934,0.017602269094575754
0.0852359605495114,0.08497663609202721,2.165352880987743,0.017254333386781246
0.0852359605495114,0.08497663609202721,2.739844074308805,0.017562773536074095
0.0852359605495114,0.08497663609202721,1.312798463856318,0.015474119991708927
0.0852359605495114,0.08497663609202721,1.7275028032424764,0.01665537048942973
0.0852359605495114,0.08497663609202721,2.8472149712290395,0.01759097865977657
0.0852359605495114,0.08497663609202721,0.9984144393534464,0.013973263126742266
0.0852359605495114,0.08497663609202721,0.839190953350422,0.013004581645275138
0.0852359605495114,0.08497663609202721,2.3105788869731048,0.017366875363506038
0.0852359605495114,0.08497663609202721,1.7096674163770393,0.01661951545023757
0.0852359605495114,0.08497663609202721,1.8864458451081194,0.016929487893572695
0.0852359605495114,0.08497663609202721,2.0362540480608127,0.017124679557946634
0.0852359605495114,0.08497663609202721,1.4189578396839593,0.01585401959662427
0.0852359605495114,0.08497663609202721,2.5766226641292045,0.017506703849062777
0.0852359605495114,0.08497663609202721,2.794456542168205,0.01757786397588166
0.0852359605495114,0.08497663609202721,2.0171151340413527,0.017102647750776353
0.0852359605495114,0.08497663609202721,1.8669260293372407,0.016899879600437075
0.0852359605495114,0.08497663609202721,1.221012996141206,0.015095460187688281
0.0852359605495114,0.08497663609202721,2.437339842958726,0.017442480989963344
0.0852359605495114,0.08497663609202721,2.8077950533083205,0.01758130957325418
0.0852359605495114,0.08497663609202721,2.0800863238700593,0.017172268026139074
0.0852359605495114,0.08497663609202721,2.446379315351372,0.01744719735402695
0.0852359605495114,0.08497663609202721,1.621951886780523,0.016426156316453444
0.0852359605495114,0.08497663609202721,2.6058754227362853,0.017518114767765616
0.0852359605495114,0.08497663609202721,1.1223116391380525,0.014633625891357995
0.0852359605495114,0.08497663609202721,1.957285881691255,0.017028506675862618
0.0852359605495114,0.08497663609202721,2.1695944941154814,0.017258080752234718
0.0852359605495114,0.08497663609202721,2.42557946021651,0.01743621994932164
0.0852359605495114,0.08497663609202721,1.3936534660113244,0.015768881360430826
0.0852359605495114,0.08497663609202721,1.7665474696173848,0.016730056086699325
0.0852359605495114,0.08497663609202721,1.7958912187000566,0.016782889697582973
0.0852359605495114,0.08497663609202721,2.6379208316908205,0.017529887846607858
0.0852359605495114,0.08497663609202721,1.8180801830001518,0.016821047572985113
0.0852359605495114,0.08497663609202721,2.8947711372746814,0.01760168547084486
0.0852359605495114,0.08497663609202721,2.170121018168744,0.0172585438250195
0.0852359605495114,0.08497663609202721,2.890911290666326,0.01760085346080576
0.0852359605495114,0.08497663609202721,1.076425116868287,0.014399386552087811
0.0852359605495114,0.08497663609202721,1.3543490954562019,0.015629996169121172
0.0852359605495114,0.08497663609202721,2.685610802591134,0.017546095173582955
0.0852359605495114,0.08497663609202721,2.633581106394605,0.01752833640142475
0.0852359605495114,0.08497663609202721,1.5807090813971512,0.016324775106227284
0.0852359605495114,0.08497663609202721,2.16897661924448,0.017257536747430805
0.0852359605495114,0.08497663609202721,2.7982817547366317,0.017578861381204573
0.0852359605495114,0.08497663609202721,2.7071381686991867,0.01755292890683105
0.0852359605495114,0.08497663609202721,2.793423590311804,0.017577593347354255
0.0852359605495114,0.08497663609202721,1.8969498210877935,0.016944991494829746
0.0852359605495114,0.08497663609202721,2.7295561367135597,0.017559744771970445
0.0852359605495114,0.08497663609202721,2.668388529976151,0.017540416297576928
0.0852359605495114,0.08497663609202721,2.1764299781687133,0.01726405667830976
0.0852359605495114,0.08497663609202721,2.5098616193592935,0.01747808624222871
0.0852359605495114,0.08497663609202721,2.703851327151486,0.017551904113906606
0.0852359605495114,0.08497663609202721,2.5462987182298438,0.01749416612835004
0.0852359605495114,0.08497663609202721,1.665445132290975,0.01652567263181653
0.0852359605495114,0.08497663609202721,1.559818305205302,0.016270694231374457
0.0852359605495114,0.08497663609202721,2.5325414461215447,0.017488228763005265
0.0852359605495114,0.08497663609202721,1.7015649611586356,0.016602854971388768
0.0852359605495114,0.08497663609202721,2.825630317161569,0.017585777487288186
0.0852359605495114,0.08497663609202721,1.2687929978435588,0.015298574396991426
0.0852359605495114,0.08497663609202721,1.7512796834098,0.016701461093175416
0.0852359605495114,0.08497663609202721,2.9914725733966723,0.017620586374181457
0.0852359605495114,0.08497663609202721,1.9471148015277058,0.017015067752257085
0.0852359605495114,0.08497663609202721,1.6637211950663513,0.016521867310686774
0.0852359605495114,0.08497663609202721,0.8553076465009881,0.013107898789030549
0.0852359605495114,0.08497663609202721,2.0660457262304726,0.01715744689601461
0.0852359605495114,0.08497663609202721,2.329441561243521,0.017379329049064515
0.0852359605495114,0.08497663609202721,2.875965579874171,0.017597571334159085
0.0852359605495114,0.08497663609202721,1.7610111303608778,0.016719776061289642
0.0852359605495114,0.08497663609202721,2.333788545766315,0.0173821355523674
0.0852359605495114,0.08497663609202721,2.2061884460722805,0.017289187811677455
0.0852359605495114,0.08497663609202721,1.7234332520100681,0.016647287418405283
0.0852359605495114,0.08497663609202721,2.3861484438167935,0.017414155998946003
0.0852359605495114,0.08497663609202721,0.9706579094448076,0.01381347292955048
0.0852359605495114,0.08497663609202721,2.707912504934971,0.01755316937298934
0.0852359605495114,0.08497663609202721,1.9733694568675921,0.017049250447504754
0.0852359605495114,0.08497663609202721,2.9163897780345134,0.017606229987922724
0.0852359605495114,0.08497663609202721,2.9791445598534834,0.01761837303781742
0.0852359605495114,0.08497663609202721,2.493510085118184,0.01747049080523201
0.0852359605495114,0.08497663609202721,2.344788939814714,0.01738913358987851
0.0852359605495114,0.08497663609202721,1.9137177430901264,0.016969133767439686
0.0852359605495114,0.08497663609202721,2.3506369026515603,0.017392793910916565
0.0852359605495114,0.08497663609202721,1.7808158104921175,0.01675609017219005
0.0852359605495114,0.08497663609202721,2.090386414795926,0.01718289521714333
0.0852359605495114,0.08497663609202721,1.4960368784461195,0.01609361863957372
0.0852359605495114,0.08497663609202721,0.9263591006171548,0.013550071207240055
0.0852359605495114,0.08497663609202721,2.3495225089442737,0.017392099574119423
0.0852359605495114,0.08497663609202721,1.6337042707232274,0.016453777821284776
0.0852359605495114,0.08497663609202721,1.6668140182850846,0.0165286862168206
0.0852359605495114,0.08497663609202721,2.9764393223350383,0.017617880078432277
0.0852359605495114,0.08497663609202721,0.6332369977612906,0.011624118087517368
0.0852359605495114,0.08497663609202721,1.847495283571747,0.016869348741140565
0.0852359605495114,0.08497663609202721,2.1437382265405613,0.017234762713544804
0.0852359605495114,0.08497663609202721,1.3920291475397362,0.015763303088638176
0.0852359605495114,0.08497663609202721,1.8394332800515092,0.016856363606011327
0.0852359605495114,0.08497663609202721,2.499428483771923,0.017473267906635996
0.0852359605495114,0.08497663609202721,2.5965652336942773,0.017514553603412916
0.0852359605495114,0.08497663609202721,1.8446729167646283,0.016864824311510193
0.0852359605495114,0.08497663609202721,2.0374288104938834,0.017126006472716046
0.0852359605495114,0.08497663609202721,2.1697703624987468,0.017258235478188146
0.0852359605495114,0.08497663609202721,0.6413956968021517,0.011679672748721412
0.0852359605495114,0.08497663609202721,2.352459608573141,0.01739392636073937
0.0852359605495114,0.08497663609202721,1.159189101538166,0.014812895228722596
0.0852359605495114,0.08497663609202721,1.714213876638029,0.016628761590916894
0.0852359605495114,0.08497663609202721,2.282751581365917,0.017347659092696283
0.0852359605495114,0.08497663609202721,2.187911571610192,0.01727392164454257
0.0852359605495114,0.08497663609202721,1.7039965459808482,0.016607879535968418
0.0852359605495114,0.08497663609202721,2.656218685155112,0.017536286141859484
0.0852359605495114,0.08497663609202721,2.4038180738446893,0.017424251589980982
0.0852359605495114,0.08497663609202721,2.093892603046676,0.01718646611444589
0.0852359605495114,0.08497663609202721,2.383616757280097,0.017412681062778903
0.0852359605495114,0.08497663609202721,2.4122876540161453,0.01742896972737281
0.0852359605495114,0.08497663609202721,2.793911000500473,0.017577721115153183
0.0852359605495114,0.08497663609202721,2.7952517491272753,0.01757807194151203
0.0852359605495114,0.08497663609202721,2.4632844704092984,0.017455798687875012
0.0852359605495114,0.08497663609202721,2.861445667044723,0.017594288599166657
0.0852359605495114,0.08497663609202721,2.1812853999787105,0.01726825470289725
0.0852359605495114,0.08497663609202721,1.5953535726579882,0.016361579756928542
0.0852359605495114,0.08497663609202721,1.871377073596533,0.016906723626553356
0.0852359605495114,0.08497663609202721,2.335320324505452,0.017383118918508383
0.0852359605495114,0.08497663609202721,2.54640850297266,0.01749421287143099
0.0852359605495114,0.08497663609202721,2.5399571901497917,0.017491449034230933
0.0852359605495114,0.08497663609202721,1.4555718626053469,0.015971462471413737
0.0852359605495114,0.08497663609202721,0.7382536150094983,0.01233779568346001
0.0852359605495114,0.08497663609202721,1.3260917076851777,0.015525019323306051
0.0852359605495114,0.08497663609202721,1.7386551693869814,0.01667722865193931
0.0852359605495114,0.08497663609202721,2.067467425401016,0.017158965430878775
0.0852359605495114,0.08497663609202721,2.680289571921495,0.017544360992699577
0.0852359605495114,0.08497663609202721,0.3455730346265633,0.009825518641347048
0.0852359605495114,0.08497663609202721,2.0713840758876327,0.017163128002996512
0.0852359605495114,0.08497663609202721,2.2612650969338897,0.017332103981371687
0.0852359605495114,0.08497663609202721,1.7961783330031569,0.016783393155243388
0.0852359605495114,0.08497663609202721,1.620764032742358,0.016423333781019428
0.0852359605495114,0.08497663609202721,1.5902505488920538,0.016348856963337374
0.0852359605495114,0.08497663609202721,1.1448450306444076,0.01474411938430224
0.0852359605495114,0.08497663609202721,2.035280193837577,0.01712357736711596
0.0852359605495114,0.08497663609202721,1.5005024778071465,0.016106622134350608
0.0852359605495114,0.08497663609202721,2.073459708277854,0.017165321610873256
0.0852359605495114,0.08497663609202721,0.5826273720741919,0.011281246757901427
0.0852359605495114,0.08497663609202721,2.986011655989855,0.01761961259740535
0.0852359605495114,0.08497663609202721,1.2884543503438193,0.01537835595882555
0.0852359605495114,0.08497663609202721,2.66623950578476,0.01753969411778527
0.0852359605495114,0.08497663609202721,2.2405981324636786,0.017316526550361644
0.0852359605495114,0.08497663609202721,2.3358545828535293,0.01738346121835875
0.0852359605495114,0.08497663609202721,2.7786520755440267,0.017573662432642648
0.0852359605495114,0.08497663609202721,1.8347907330461555,0.01684880009022927
