x_1,x_2,eta,WQ
0.5356933610043647,0.06113226523516796,0.7375177692551764,6.094599283738812e-11
0.005101987394149507,0.06113226523516796,0.7375177692551764,0.00011871973940811354
0.3569583702201883,0.06113226523516796,0.7375177692551764,5.17074673331601e-10
0.5022806159675209,0.06113226523516796,0.7375177692551764,9.225688737385297e-11
0.23047724088581797,0.06113226523516796,0.7375177692551764,2.6384959298705824e-09
0.07143582522660594,0.06113226523516796,0.7375177692551764,1.0019201628916452e-07
0.060790808350567244,0.06113226523516796,0.7375177692551764,1.6151166500837011e-07
0.5194569366561709,0.06113226523516796,0.7375177692551764,7.467197758869301e-11
0.05000674527127533,0.06113226523516796,0.7375177692551764,2.854638625189229e-07
0.023593729161330373,0.06113226523516796,0.7375177692551764,2.329464088186304e-06
0.41728359026726647,0.06113226523516796,0.7375177692551764,2.540595156796789e-10
0.8836868297495329,0.06113226523516796,0.7375177692551764,6.871557316356255e-14
0.0009512487988670992,0.06113226523516796,0.7375177692551764,0.006456561591931215
0.24150201967586857,0.06113226523516796,0.7375177692551764,2.251405926731385e-09
0.6018713664150609,0.06113226523516796,0.7375177692551764,2.552888781736701e-11
0.33439034664645617,0.06113226523516796,0.7375177692551764,6.777579498587298e-10
0.46445679831474684,0.06113226523516796,0.7375177692551764,1.4555845724925257e-10
0.10135276713178687,0.06113226523516796,0.7375177692551764,3.498278732423164e-08
0.8031570114335339,0.06113226523516796,0.7375177692551764,7.502931879128858e-13
0.45482240916461025,0.06113226523516796,0.7375177692551764,1.6322377823584757e-10
0.26728376882071203,0.06113226523516796,0.7375177692551764,1.5804245796901757e-09
0.0406225106932773,0.06113226523516796,0.7375177692551764,5.178124209500769e-07
0.14479037441341178,0.06113226523516796,0.7375177692551764,1.172025893631502e-08
0.4035444522671332,0.06113226523516796,0.7375177692551764,2.9851346463817265e-10
0.18848406957206668,0.06113226523516796,0.7375177692551764,5.105888628673043e-09
0.18312550755667226,0.06113226523516796,0.7375177692551764,5.599844301659864e-09
0.33988384496735635,0.06113226523516796,0.7375177692551764,6.34285014690002e-10
0.24227754810362087,0.06113226523516796,0.7375177692551764,2.226828367832509e-09
0.37568435474339845,0.06113226523516796,0.7375177692551764,4.1421977592266907e-10
0.3225883980745917,0.06113226523516796,0.7375177692551764,7.82388186197957e-10
0.5895306048176367,0.06113226523516796,0.7375177692551764,3.021061628193845e-11
0.2493329317988757,0.06113226523516796,0.7375177692551764,2.01724562862815e-09
0.783609340025437,0.06113226523516796,0.7375177692551764,1.1721880298776766e-12
0.1150057763864262,0.06113226523516796,0.7375177692551764,2.381247752259637e-08
0.024223483780622154,0.06113226523516796,0.7375177692551764,2.168934296305527e-06
0.10565858311549367,0.06113226523516796,0.7375177692551764,3.083532689485797e-08
0.031432412811421645,0.06113226523516796,0.7375177692551764,1.0626616363449721e-06
0.6294284053022817,0.06113226523516796,0.7375177692551764,1.7310331182270773e-11
0.011901906036386078,0.06113226523516796,0.7375177692551764,1.4112330232292361e-05
0.34896331397646463,0.06113226523516796,0.7375177692551764,5.688220337132249e-10
