x_1,x_2,eta,WQ
0.07143582522660594,0.06113226523516796,2.5278693317823997,1.4798365976311024e-07
0.07143582522660594,0.06113226523516796,0.7375177692551764,1.0019201628916452e-07
0.07143582522660594,0.06113226523516796,2.06909900548708,1.447915368766325e-07
0.07143582522660594,0.06113226523516796,1.4323011937283436,1.325996288765121e-07
0.07143582522660594,0.06113226523516796,1.8029867734916336,1.4123150067647915e-07
0.07143582522660594,0.06113226523516796,0.02237311286140331,7.532465389792441e-08
0.07143582522660594,0.06113226523516796,0.3827787774910485,8.166381988290481e-08
0.07143582522660594,0.06113226523516796,0.21572177908327816,7.65026953235013e-08
0.07143582522660594,0.06113226523516796,2.6658394513455006,1.4850912662466465e-07
0.07143582522660594,0.06113226523516796,2.9012282284331983,1.491349018242872e-07
0.07143582522660594,0.06113226523516796,2.9267542329918705,1.4918694163968476e-07
0.07143582522660594,0.06113226523516796,2.40998817437739,1.474086427044308e-07
0.07143582522660594,0.06113226523516796,2.6741022823229406,1.4853633127746834e-07
0.07143582522660594,0.06113226523516796,0.008409345388413758,7.545501554582299e-08
0.07143582522660594,0.06113226523516796,1.3384376478260256,1.2950458652392212e-07
0.07143582522660594,0.06113226523516796,2.6331840350280156,1.483972081344555e-07
0.07143582522660594,0.06113226523516796,2.9071319557613937,1.4914717169566714e-07
0.07143582522660594,0.06113226523516796,1.869160558878451,1.422815388394107e-07
0.07143582522660594,0.06113226523516796,1.9320614752202405,1.4317130738216439e-07
0.07143582522660594,0.06113226523516796,1.6225962727808767,1.37677189897258e-07
0.07143582522660594,0.06113226523516796,2.2768602917467815,1.4658146713020057e-07
0.07143582522660594,0.06113226523516796,2.8656185811157258,1.4905778699369173e-07
0.07143582522660594,0.06113226523516796,1.7595020660066023,1.404721148326588e-07
0.07143582522660594,0.06113226523516796,0.06823181999774208,7.510075419916332e-08
0.07143582522660594,0.06113226523516796,2.8237865084600426,1.4896001049722627e-07
0.07143582522660594,0.06113226523516796,0.13881466781339968,7.537190288345705e-08
0.07143582522660594,0.06113226523516796,1.615636102726581,1.3751729660081888e-07
0.07143582522660594,0.06113226523516796,2.2953728488754357,1.4670946843424563e-07
0.07143582522660594,0.06113226523516796,2.7834498554595544,1.488577954687227e-07
0.07143582522660594,0.06113226523516796,2.3997924720214074,1.4735248654273916e-07
0.07143582522660594,0.06113226523516796,2.5560242205911816,1.4810264256117784e-07
0.07143582522660594,0.06113226523516796,1.7276870864675156,1.3987920783132415e-07
0.07143582522660594,0.06113226523516796,1.9397543178725476,1.432733789725154e-07
0.07143582522660594,0.06113226523516796,1.81909661062922,1.414985203076147e-07
0.07143582522660594,0.06113226523516796,2.5605889127520496,1.4812132718170493e-07
0.07143582522660594,0.06113226523516796,2.293789122771724,1.4669869374063765e-07
0.07143582522660594,0.06113226523516796,1.890964892236992,1.426013950332327e-07
0.07143582522660594,0.06113226523516796,2.5307568639943656,1.4799616402563446e-07
0.07143582522660594,0.06113226523516796,2.47667712267376,1.4774994878447044e-07
0.07143582522660594,0.06113226523516796,2.3414606456699785,1.4700917433930082e-07
0.07143582522660594,0.06113226523516796,2.788343747903352,1.488706330590369e-07
0.07143582522660594,0.06113226523516796,2.5904260198570337,1.4823945633955697e-07
0.07143582522660594,0.06113226523516796,0.5721438782763077,9.081783045060172e-08
0.07143582522660594,0.06113226523516796,2.140329957660615,1.4548519042436397e-07
0.07143582522660594,0.06113226523516796,1.0193286811628164,1.1575928956024047e-07
0.07143582522660594,0.06113226523516796,1.1456920107197763,1.2179803052256704e-07
0.07143582522660594,0.06113226523516796,0.9251516556967223,1.108087654562117e-07
0.07143582522660594,0.06113226523516796,2.480650326973225,1.4776892878744178e-07
0.07143582522660594,0.06113226523516796,1.4662258391487957,1.3361788310578285e-07
0.07143582522660594,0.06113226523516796,2.7497845994704013,1.4876606152561664e-07
0.07143582522660594,0.06113226523516796,0.5149250632825622,8.779054727752138e-08
0.07143582522660594,0.06113226523516796,1.9981655867498365,1.4400360705045235e-07
0.07143582522660594,0.06113226523516796,2.6550800343379155,1.484730371082244e-07
0.07143582522660594,0.06113226523516796,1.3056732083493128,1.28324709793965e-07
0.07143582522660594,0.06113226523516796,2.0400560936572534,1.4448132092566498e-07
0.07143582522660594,0.06113226523516796,2.5292542176614914,1.4798966566278422e-07
0.07143582522660594,0.06113226523516796,1.1612460288929178,1.2248854634604554e-07
0.07143582522660594,0.06113226523516796,2.667310295400759,1.4851400146095814e-07
0.07143582522660594,0.06113226523516796,0.9901105350636699,1.1426076184108144e-07
0.07143582522660594,0.06113226523516796,2.9560354335852455,1.4924349676070333e-07
0.07143582522660594,0.06113226523516796,0.021921380865916884,7.532841943050522e-08
0.07143582522660594,0.06113226523516796,0.8292515989976668,1.0546570228294359e-07
0.07143582522660594,0.06113226523516796,2.568555879524129,1.4815354360070941e-07
0.07143582522660594,0.06113226523516796,0.9610341403410008,1.1273514139771208e-07
0.07143582522660594,0.06113226523516796,2.927938012155869,1.4918929200733112e-07
0.07143582522660594,0.06113226523516796,2.278818989801964,1.4659522450485664e-07
0.07143582522660594,0.06113226523516796,2.4333703710519874,1.47533339485554e-07
0.07143582522660594,0.06113226523516796,0.5783880387818026,9.115795213093466e-08
0.07143582522660594,0.06113226523516796,1.3153439471634254,1.286784304660082e-07
0.07143582522660594,0.06113226523516796,2.416908079717783,1.474461333615984e-07
0.07143582522660594,0.06113226523516796,2.501475075702725,1.4786605604851905e-07
0.07143582522660594,0.06113226523516796,1.2975402403771414,1.2802366962831498e-07
0.07143582522660594,0.06113226523516796,2.2339283829032057,1.4626670402942305e-07
0.07143582522660594,0.06113226523516796,2.378553538208986,1.4723191043293402e-07
0.07143582522660594,0.06113226523516796,0.9831758649510887,1.1389993242172446e-07
0.07143582522660594,0.06113226523516796,2.2597270241275673,1.4645891833325613e-07
0.07143582522660594,0.06113226523516796,2.6444937232147785,1.4843677996623646e-07
0.07143582522660594,0.06113226523516796,2.914072274765973,1.4916141443822143e-07
0.07143582522660594,0.06113226523516796,1.9393928293992542,1.43268614326962e-07
0.07143582522660594,0.06113226523516796,2.180002743698198,1.458333209298184e-07
0.07143582522660594,0.06113226523516796,1.5862493865897898,1.3682180880021712e-07
0.07143582522660594,0.06113226523516796,1.172776724473429,1.2299272417497543e-07
0.07143582522660594,0.06113226523516796,2.9152189153761143,1.4916374883414593e-07
0.07143582522660594,0.06113226523516796,2.308667321401701,1.4679864447767922e-07
0.07143582522660594,0.06113226523516796,2.0064389824130506,1.4410088881820965e-07
0.07143582522660594,0.06113226523516796,1.2061060328047235,1.2441283206181804e-07
0.07143582522660594,0.06113226523516796,2.5003482567932473,1.4786090016613925e-07
0.07143582522660594,0.06113226523516796,1.8129138435488343,1.413969325433883e-07
0.07143582522660594,0.06113226523516796,2.58874082885984,1.482329656682798e-07
0.07143582522660594,0.06113226523516796,2.227635116293122,1.4621837271557758e-07
0.07143582522660594,0.06113226523516796,0.4333932042686035,8.383885682418768e-08
0.07143582522660594,0.06113226523516796,2.0815540312521748,1.4491954878561925e-07
0.07143582522660594,0.06113226523516796,1.349805938980007,1.2990174846284017e-07
0.07143582522660594,0.06113226523516796,2.153471210420823,1.4560338713424475e-07
0.07143582522660594,0.06113226523516796,1.7467372440446232,1.4023811699547644e-07
0.07143582522660594,0.06113226523516796,2.68432390743092,1.4856938244825502e-07
0.07143582522660594,0.06113226523516796,1.479023053875466,1.33988656065027e-07
0.07143582522660594,0.06113226523516796,1.5447032655356363,1.3578053631852298e-07
0.07143582522660594,0.06113226523516796,1.1742276612841693,1.2305569870653618e-07
0.07143582522660594,0.06113226523516796,2.7260289321464253,1.4869758515266274e-07
0.07143582522660594,0.06113226523516796,-1.9308008447594103,1.4497017772412144e-07
0.07143582522660594,0.06113226523516796,-2.6087107821687376,1.4880682531794048e-07
0.07143582522660594,0.06113226523516796,-2.177357900556263,1.4695685800217603e-07
0.07143582522660594,0.06113226523516796,-2.095201424654112,1.4639465947592647e-07
0.07143582522660594,0.06113226523516796,-1.4897082920627662,1.3818989016219537e-07
0.07143582522660594,0.06113226523516796,-2.558360988915086,1.4866204058165546e-07
0.07143582522660594,0.06113226523516796,-0.8686792272686485,1.1601766547128348e-07
0.07143582522660594,0.06113226523516796,-1.9815798380699385,1.4545788492814989e-07
0.07143582522660594,0.06113226523516796,-2.1991727860336874,1.4709190738672116e-07
0.07143582522660594,0.06113226523516796,-1.8840383943211134,1.4447848991368163e-07
0.07143582522660594,0.06113226523516796,-2.824227869708275,1.492873883701787e-07
0.07143582522660594,0.06113226523516796,-2.6330782196025146,1.488719225104173e-07
0.07143582522660594,0.06113226523516796,-2.734051766031649,1.4911076504756591e-07
0.07143582522660594,0.06113226523516796,-2.391405708526362,1.480659043484714e-07
0.07143582522660594,0.06113226523516796,-1.8273372144365774,1.4382259662271453e-07
0.07143582522660594,0.06113226523516796,-2.469783579294225,1.4836997486981603e-07
0.07143582522660594,0.06113226523516796,-2.6890807714178435,1.4901022726188436e-07
0.07143582522660594,0.06113226523516796,-1.380453924061727,1.3555914634689012e-07
0.07143582522660594,0.06113226523516796,-2.81539525723479,1.4927144405167564e-07
0.07143582522660594,0.06113226523516796,-2.4135267220403946,1.481564728129931e-07
0.07143582522660594,0.06113226523516796,-1.1172394024356427,1.2709544190330714e-07
0.07143582522660594,0.06113226523516796,-1.5793108827372186,1.400197076823305e-07
0.07143582522660594,0.06113226523516796,-1.4665339615839077,1.376702760041556e-07
0.07143582522660594,0.06113226523516796,-1.2492474473938238,1.3174234071802176e-07
0.07143582522660594,0.06113226523516796,-2.14203478006835,1.467258809509219e-07
0.07143582522660594,0.06113226523516796,-2.800293754693413,1.492435305668183e-07
0.07143582522660594,0.06113226523516796,-1.1958841890451428,1.29965372179321e-07
0.07143582522660594,0.06113226523516796,-1.4628705494320744,1.375863037867677e-07
0.07143582522660594,0.06113226523516796,-2.759401255586162,1.491636309589075e-07
0.07143582522660594,0.06113226523516796,-1.3042870692909887,1.334362627123883e-07
0.07143582522660594,0.06113226523516796,-0.08805047846635805,7.712394507424898e-08
0.07143582522660594,0.06113226523516796,-1.5201032746530037,1.3884178858856282e-07
0.07143582522660594,0.06113226523516796,-2.95765894905132,1.4949724899367384e-07
0.07143582522660594,0.06113226523516796,-1.7664486032540028,1.430384832838835e-07
0.07143582522660594,0.06113226523516796,-0.6201723587282273,1.0241030593306228e-07
0.07143582522660594,0.06113226523516796,-2.397790770942419,1.480924472851957e-07
0.07143582522660594,0.06113226523516796,-0.9867310736174626,1.2165443387965078e-07
0.07143582522660594,0.06113226523516796,-2.396296359767329,1.480862644521464e-07
0.07143582522660594,0.06113226523516796,-2.4408578753446992,1.48263121588515e-07
0.07143582522660594,0.06113226523516796,-1.9919648452974812,1.4555205756549645e-07
0.07143582522660594,0.06113226523516796,-2.841281875806367,1.4931739729736394e-07
0.07143582522660594,0.06113226523516796,-0.6790419136237063,1.0578110564089619e-07
0.07143582522660594,0.06113226523516796,-0.9827902340576546,1.2147697064559059e-07
0.07143582522660594,0.06113226523516796,-2.2452162275452663,1.4735906145235935e-07
0.07143582522660594,0.06113226523516796,-1.2084740963051304,1.3039682318364793e-07
0.07143582522660594,0.06113226523516796,-2.1547414932057847,1.468107690941105e-07
0.07143582522660594,0.06113226523516796,-1.7177568655309985,1.4234643726167002e-07
0.07143582522660594,0.06113226523516796,-1.9681429115077131,1.453332903555791e-07
0.07143582522660594,0.06113226523516796,-0.7003969225647264,1.0698866982145369e-07
0.07143582522660594,0.06113226523516796,-2.776558948534668,1.4919794206479284e-07
0.07143582522660594,0.06113226523516796,-2.5273332476675,1.4856543710117325e-07
0.07143582522660594,0.06113226523516796,-2.137623503921331,1.4669592686704093e-07
0.07143582522660594,0.06113226523516796,-2.4597432983558214,1.4833356635509953e-07
0.07143582522660594,0.06113226523516796,-2.3457220552008913,1.4786608656859358e-07
0.07143582522660594,0.06113226523516796,-2.943123176980449,1.4947698349952535e-07
0.07143582522660594,0.06113226523516796,-1.492925471210857,1.3826046363424332e-07
0.07143582522660594,0.06113226523516796,-2.1128203700545165,1.4652273947510626e-07
0.07143582522660594,0.06113226523516796,-2.6582739542321883,1.4893603414339966e-07
0.07143582522660594,0.06113226523516796,-2.626232013170497,1.4885394655958901e-07
0.07143582522660594,0.06113226523516796,-2.856355144893423,1.4934309160585895e-07
0.07143582522660594,0.06113226523516796,-2.326467403959265,1.4777642069809205e-07
0.07143582522660594,0.06113226523516796,-2.570996988510519,1.4869973062682135e-07
0.07143582522660594,0.06113226523516796,-1.7058625509044847,1.421680326774503e-07
0.07143582522660594,0.06113226523516796,-1.8872627418443884,1.4451377365374349e-07
0.07143582522660594,0.06113226523516796,-1.3416372957629021,1.3450847378624372e-07
0.07143582522660594,0.06113226523516796,-2.189188930348105,1.4703079986824848e-07
0.07143582522660594,0.06113226523516796,-0.8365516760780709,1.1437487090571254e-07
0.07143582522660594,0.06113226523516796,-0.5867244557428251,1.0047910033915729e-07
0.07143582522660594,0.06113226523516796,-1.4901471573059866,1.3819953951714173e-07
0.07143582522660594,0.06113226523516796,-2.613699562797801,1.4882040752449924e-07
0.07143582522660594,0.06113226523516796,-1.9042388292907046,1.4469611748233623e-07
0.07143582522660594,0.06113226523516796,-0.4523977632571299,9.280093614220822e-08
0.07143582522660594,0.06113226523516796,-0.4888866816131823,9.485462445619065e-08
0.07143582522660594,0.06113226523516796,-1.2544144497474465,1.319072752451775e-07
0.07143582522660594,0.06113226523516796,-2.8011396110227413,1.4924511614707007e-07
0.07143582522660594,0.06113226523516796,-2.564631287081304,1.4868085997348911e-07
0.07143582522660594,0.06113226523516796,-1.5697013735752898,1.3983649981991468e-07
0.07143582522660594,0.06113226523516796,-2.1179391092867084,1.4655915328899873e-07
0.07143582522660594,0.06113226523516796,-2.89679779388665,1.4940836352233325e-07
0.07143582522660594,0.06113226523516796,-0.8819035433645341,1.1668100828266131e-07
0.07143582522660594,0.06113226523516796,-1.9706765776813284,1.453570238796961e-07
0.07143582522660594,0.06113226523516796,-2.1780841097390016,1.4696144505702217e-07
0.07143582522660594,0.06113226523516796,-2.945426193296678,1.4948023335620082e-07
0.07143582522660594,0.06113226523516796,-1.7294756204327193,1.425185483815224e-07
0.07143582522660594,0.06113226523516796,-0.14654393755199502,7.875247611852022e-08
0.07143582522660594,0.06113226523516796,-2.5805919117299836,1.4872773283134477e-07
0.07143582522660594,0.06113226523516796,-2.069618247729797,1.4620089727060362e-07
0.07143582522660594,0.06113226523516796,-1.3971484372981755,1.3599168877591916e-07
0.07143582522660594,0.06113226523516796,-1.9160688997408222,1.448198448679233e-07
0.07143582522660594,0.06113226523516796,-2.8737906669123734,1.493718729250828e-07
0.07143582522660594,0.06113226523516796,-2.123317265061948,1.4659703262292262e-07
0.07143582522660594,0.06113226523516796,-2.09696659386943,1.4640768522909125e-07
0.07143582522660594,0.06113226523516796,-2.3424521412454626,1.4785109380278787e-07
0.07143582522660594,0.06113226523516796,-1.8264852085329926,1.4381221245787593e-07
0.07143582522660594,0.06113226523516796,-2.7105960237463105,1.490594387757377e-07
0.07143582522660594,0.06113226523516796,-2.9939626320180928,1.4954538498895697e-07
0.07143582522660594,0.06113226523516796,-2.7538870639839,1.4915235505298803e-07
0.07143582522660594,0.06113226523516796,-1.2767816033882093,1.3260701857691158e-07
0.07143582522660594,0.06113226523516796,-1.0952706122956757,1.2623909673469594e-07
0.07143582522660594,0.06113226523516796,-2.5149151054175025,1.4852509992239832e-07
