x_1,x_2,eta,WQ
0.07143582522660594,0.2717510614876968,0.7375177692551764,1.6392285858141283e-09
0.07143582522660594,0.6131805398771323,0.7375177692551764,2.157479348148461e-11
0.07143582522660594,0.06113226523516796,0.7375177692551764,1.0019201628916452e-07
0.07143582522660594,0.6804006766058351,0.7375177692551764,7.674491953454157e-12
0.07143582522660594,0.13238521117868665,0.7375177692551764,1.4216875782793035e-08
0.07143582522660594,0.5107796880562435,0.7375177692551764,8.594010799880708e-11
0.07143582522660594,0.103335101394496,0.7375177692551764,2.7167102210861133e-08
0.07143582522660594,0.7327698319343189,0.7375177692551764,3.061081765743628e-12
0.07143582522660594,0.11826567284798101,0.7375177692551764,1.91505457770573e-08
0.07143582522660594,0.0485410018795753,0.7375177692551764,1.7398508025669286e-07
0.07143582522660594,0.15631680642718856,0.7375177692551764,9.042380305073782e-09
0.07143582522660594,0.025120638055977,0.7375177692551764,8.222597946832176e-07
0.07143582522660594,0.6162974841889497,0.7375177692551764,2.0621813986406653e-11
0.07143582522660594,0.04368406545567713,0.7375177692551764,2.2320532504023553e-07
0.07143582522660594,0.1511967274195257,0.7375177692551764,9.91530394753303e-09
0.07143582522660594,0.8623791349074653,0.7375177692551764,1.3089608874718307e-13
0.07143582522660594,0.967839410539164,0.7375177692551764,2.370442216991791e-16
0.07143582522660594,0.1986704233543474,0.7375177692551764,4.527462591951806e-09
0.07143582522660594,0.6249670807700202,0.7375177692551764,1.8164229737652916e-11
0.07143582522660594,0.082717096170934,0.7375177692551764,4.7681276974222135e-08
0.07143582522660594,0.3188885262480806,0.7375177692551764,9.029498511647686e-10
0.07143582522660594,0.7713695734532483,0.7375177692551764,1.4150865371832415e-12
0.07143582522660594,0.26031698735743203,0.7375177692551764,1.904050270885491e-09
0.07143582522660594,0.31174788988228286,0.7375177692551764,9.866351361214708e-10
0.07143582522660594,0.00987724080477334,0.7375177692551764,8.867936298997225e-06
0.07143582522660594,0.1354867471608913,0.7375177692551764,1.3362761029874243e-08
0.07143582522660594,0.021034307507172167,0.7375177692551764,1.2617786192948994e-06
0.07143582522660594,0.10801934500569563,0.7375177692551764,2.424866818713323e-08
0.07143582522660594,0.1210083449618373,0.7375177692551764,1.802824707105852e-08
0.07143582522660594,0.5395304244250794,0.7375177692551764,5.929128952635604e-11
0.07143582522660594,0.010055874145737526,0.7375177692551764,8.447532745353133e-06
0.07143582522660594,0.18007220652022757,0.7375177692551764,6.05244206282393e-09
0.07143582522660594,0.11279554950251583,0.7375177692551764,2.167942514745713e-08
0.07143582522660594,0.36008409552261944,0.7375177692551764,5.45383559936914e-10
0.07143582522660594,0.12944753091820557,0.7375177692551764,1.5089429341115085e-08
0.07143582522660594,0.010887162775596468,0.7375177692551764,6.819196178800158e-06
0.07143582522660594,0.724778300395766,0.7375177692551764,3.551470507354067e-12
0.07143582522660594,0.5234952718850493,0.7375177692551764,7.301013279896869e-11
0.07143582522660594,0.7211895621982909,0.7375177692551764,3.792525202912292e-12
0.07143582522660594,0.17213911516208216,0.7375177692551764,6.890978986379367e-09
