x_1,x_2,eta,WQ
0.14171186403792446,0.10000000000000009,0.600400266844563,0.0028592822827685663
0.14171186403792446,0.11373182055591391,0.600400266844563,0.001999751979346235
0.14171186403792446,0.1276350619261728,0.600400266844563,0.0014387564589359114
0.14171186403792446,0.14171186403792446,0.600400266844563,0.0010618034103247488
0.14171186403792446,0.1559643935320396,0.600400266844563,0.0008014639682991277
0.14171186403792446,0.1703948440965919,0.600400266844563,0.0006159706851108146
0.14171186403792446,0.185005436804502,0.600400266844563,0.00048080173148814506
0.14171186403792446,0.19979842045539442,0.600400266844563,0.00038019758496841613
0.14171186403792446,0.21477607192172377,0.600400266844563,0.0003039018390265513
0.14171186403792446,0.22994069649922078,0.600400266844563,0.00024507378447233264
0.14171186403792446,0.24529462826171433,0.600400266844563,0.00019903362965512393
0.14171186403792446,0.26084023042038096,0.600400266844563,0.00016250512025553892
0.14171186403792446,0.27657989568748054,0.600400266844563,0.0001332533153080725
0.14171186403792446,0.2925160466446328,0.600400266844563,0.00010958895566395292
0.14171186403792446,0.3086511361156903,0.600400266844563,9.04243491406463e-05
0.14171186403792446,0.3249876475442659,0.600400266844563,7.499316690316286e-05
0.14171186403792446,0.34152809537597517,0.600400266844563,6.254922495289229e-05
0.14171186403792446,0.3582750254454474,0.600400266844563,5.2290798147766435e-05
0.14171186403792446,0.37523101536817105,0.600400266844563,4.371081829408534e-05
0.14171186403792446,0.39239867493722835,0.600400266844563,3.652796819096218e-05
0.14171186403792446,0.4097806465249829,0.600400266844563,3.0485633800420563e-05
0.14171186403792446,0.4273796054897838,0.600400266844563,2.5404940223734748e-05
0.14171186403792446,0.4451982605877445,0.600400266844563,2.114863154409653e-05
0.14171186403792446,0.46323935438966224,0.600400266844563,1.752409759432126e-05
0.14171186403792446,0.48150566370314407,0.600400266844563,1.43639805696804e-05
