x_1,x_2,eta,WQ
0.5356933610043647,0.06113226523516796,0.7375177692551764,6.299179248876035e-11
0.005101987394149507,0.06113226523516796,0.7375177692551764,0.00011797072170925763
0.3569583702201883,0.06113226523516796,0.7375177692551764,5.403642647929886e-10
0.5022806159675209,0.06113226523516796,0.7375177692551764,9.577715360128832e-11
0.23047724088581797,0.06113226523516796,0.7375177692551764,2.771998183054592e-09
0.07143582522660594,0.06113226523516796,0.7375177692551764,1.0371985806698444e-07
0.060790808350567244,0.06113226523516796,0.7375177692551764,1.6662995870376753e-07
0.5194569366561709,0.06113226523516796,0.7375177692551764,7.736763527685704e-11
0.05000674527127533,0.06113226523516796,0.7375177692551764,2.935496750129858e-07
0.023593729161330373,0.06113226523516796,0.7375177692551764,2.355759285006949e-06
0.41728359026726647,0.06113226523516796,0.7375177692551764,2.650723926407736e-10
0.8836868297495329,0.06113226523516796,0.7375177692551764,5.416615424469346e-14
0.0009512487988670992,0.06113226523516796,0.7375177692551764,0.006353679327899858
0.24150201967586857,0.06113226523516796,0.7375177692551764,2.364642548279236e-09
0.6018713664150609,0.06113226523516796,0.7375177692551764,2.595690515738368e-11
0.33439034664645617,0.06113226523516796,0.7375177692551764,7.089074820563256e-10
0.46445679831474684,0.06113226523516796,0.7375177692551764,1.5155329658044052e-10
0.10135276713178687,0.06113226523516796,0.7375177692551764,3.6431372647654835e-08
0.8031570114335339,0.06113226523516796,0.7375177692551764,6.629965799381097e-13
0.45482240916461025,0.06113226523516796,0.7375177692551764,1.7002149249794896e-10
0.26728376882071203,0.06113226523516796,0.7375177692551764,1.6583743322268302e-09
0.0406225106932773,0.06113226523516796,0.7375177692551764,5.295508027441966e-07
0.14479037441341178,0.06113226523516796,0.7375177692551764,1.226699667120848e-08
0.4035444522671332,0.06113226523516796,0.7375177692551764,3.1153770139405786e-10
0.18848406957206668,0.06113226523516796,0.7375177692551764,5.361237538718015e-09
0.18312550755667226,0.06113226523516796,0.7375177692551764,5.878376450253372e-09
0.33988384496735635,0.06113226523516796,0.7375177692551764,6.632602406889809e-10
0.24227754810362087,0.06113226523516796,0.7375177692551764,2.3387712527303517e-09
0.37568435474339845,0.06113226523516796,0.7375177692551764,4.3264594655949884e-10
0.3225883980745917,0.06113226523516796,0.7375177692551764,8.18770136315978e-10
0.5895306048176367,0.06113226523516796,0.7375177692551764,3.0841063390493323e-11
0.2493329317988757,0.06113226523516796,0.7375177692551764,2.118199827121165e-09
0.783609340025437,0.06113226523516796,0.7375177692551764,1.0573596794263182e-12
0.1150057763864262,0.06113226523516796,0.7375177692551764,2.4841121822108542e-08
0.024223483780622154,0.06113226523516796,0.7375177692551764,2.1949994746831818e-06
0.10565858311549367,0.06113226523516796,0.7375177692551764,3.212309813644138e-08
0.031432412811421645,0.06113226523516796,0.7375177692551764,1.0803181222592187e-06
0.6294284053022817,0.06113226523516796,0.7375177692551764,1.7421588562557207e-11
0.011901906036386078,0.06113226523516796,0.7375177692551764,1.4133547342166028e-05
0.34896331397646463,0.06113226523516796,0.7375177692551764,5.945798355363052e-10
