x_1,x_2,eta,WQ
0.07880337265612275,0.058234987348559704,1.9255883904666011,0.02658420102082694
0.07880337265612275,0.058234987348559704,1.3294952985220936,0.02366716672276746
0.07880337265612275,0.058234987348559704,2.27566174055149,0.02733168960876967
0.07880337265612275,0.058234987348559704,2.5102368138568165,0.0276187589446932
0.07880337265612275,0.058234987348559704,2.8275141127662935,0.02784838084117269
0.07880337265612275,0.058234987348559704,1.7442171263093114,0.025968803752207278
0.07880337265612275,0.058234987348559704,2.345724877111427,0.027431232009189187
0.07880337265612275,0.058234987348559704,1.9798359449868717,0.026733385102206148
0.07880337265612275,0.058234987348559704,1.9111954971042917,0.026542143286785932
0.07880337265612275,0.058234987348559704,2.160297408558743,0.027136289465220564
0.07880337265612275,0.058234987348559704,2.373991633192813,0.027467790877816672
0.07880337265612275,0.058234987348559704,0.42894815207384696,0.015086751864380918
0.07880337265612275,0.058234987348559704,2.086815029053046,0.026988094277526256
0.07880337265612275,0.058234987348559704,1.5616051828138766,0.0251292512017064
0.07880337265612275,0.058234987348559704,2.656624281716856,0.02774232766218064
0.07880337265612275,0.058234987348559704,1.4757254922533365,0.024643735933082632
0.07880337265612275,0.058234987348559704,2.603926349919347,0.02770182534826454
0.07880337265612275,0.058234987348559704,2.1848903885332125,0.027181549366425615
0.07880337265612275,0.058234987348559704,2.270108841270483,0.027323221716533643
0.07880337265612275,0.058234987348559704,2.207601833748873,0.027221543408409224
0.07880337265612275,0.058234987348559704,1.014589675646783,0.020903905754340632
0.07880337265612275,0.058234987348559704,1.4397007524645418,0.024421132989859436
0.07880337265612275,0.058234987348559704,1.823666106239077,0.026262181839331558
0.07880337265612275,0.058234987348559704,1.0804287258095013,0.021551033911464706
0.07880337265612275,0.058234987348559704,0.0010824818819461512,0.014368278894530396
0.07880337265612275,0.058234987348559704,2.7815410803178917,0.027823240186066977
0.07880337265612275,0.058234987348559704,2.9480724817623685,0.027904475377014983
0.07880337265612275,0.058234987348559704,2.9923451580001306,0.027921954386520856
0.07880337265612275,0.058234987348559704,0.4268019813662076,0.015071659157621582
0.07880337265612275,0.058234987348559704,1.1985297131445392,0.02262430353803265
0.07880337265612275,0.058234987348559704,2.25802299833202,0.027304482173499005
0.07880337265612275,0.058234987348559704,2.445535226656454,0.02755196795019634
0.07880337265612275,0.058234987348559704,0.20213478807953855,0.014092431771223348
0.07880337265612275,0.058234987348559704,0.6169390423953391,0.016712440116642534
0.07880337265612275,0.058234987348559704,2.9838013755829906,0.02791869901713385
0.07880337265612275,0.058234987348559704,2.66390545417962,0.027747604411295913
0.07880337265612275,0.058234987348559704,2.825233281173702,0.02784718626136804
0.07880337265612275,0.058234987348559704,2.7521802810049487,0.027805957925233372
0.07880337265612275,0.058234987348559704,2.423527019493551,0.027527289676878577
0.07880337265612275,0.058234987348559704,2.1490348665723453,0.02711486155924125
0.07880337265612275,0.058234987348559704,1.9347992461319907,0.026610558703996524
0.07880337265612275,0.058234987348559704,2.7719313944631923,0.027817692740036155
0.07880337265612275,0.058234987348559704,2.6208735267708754,0.02771530572403524
0.07880337265612275,0.058234987348559704,2.007445495151935,0.026803922176303823
0.07880337265612275,0.058234987348559704,2.974597504452632,0.02791513021500377
0.07880337265612275,0.058234987348559704,2.238492123506743,0.027273283293379375
0.07880337265612275,0.058234987348559704,1.8812833238880082,0.026451245028382357
0.07880337265612275,0.058234987348559704,2.5287479687396863,0.027636385476128206
0.07880337265612275,0.058234987348559704,1.7034659586374163,0.02580239770967168
0.07880337265612275,0.058234987348559704,1.5205299255187963,0.0249048053286627
0.07880337265612275,0.058234987348559704,2.0746745276130936,0.026961621425990262
0.07880337265612275,0.058234987348559704,1.8471600653700073,0.026341565093174747
0.07880337265612275,0.058234987348559704,1.62029495880152,0.025426275643956754
0.07880337265612275,0.058234987348559704,1.5860867424639367,0.02525646485068211
0.07880337265612275,0.058234987348559704,1.6339572916771838,0.025491571384585004
0.07880337265612275,0.058234987348559704,0.9680659198517265,0.02042894504761663
0.07880337265612275,0.058234987348559704,2.929183405873423,0.027896541072389976
0.07880337265612275,0.058234987348559704,2.029086040694316,0.02685680245140402
0.07880337265612275,0.058234987348559704,2.780192193346284,0.027822467789354172
0.07880337265612275,0.058234987348559704,2.5972342177178747,0.027696378841869453
0.07880337265612275,0.058234987348559704,2.14451888358461,0.02710614301590758
0.07880337265612275,0.058234987348559704,2.4840303660354497,0.027592703972692024
0.07880337265612275,0.058234987348559704,2.4732897522883297,0.0275816396789311
0.07880337265612275,0.058234987348559704,2.6713387147950898,0.02775291474253753
0.07880337265612275,0.058234987348559704,2.2756201354673937,0.02733162649229976
0.07880337265612275,0.058234987348559704,2.8550363758598407,0.027862381736549792
0.07880337265612275,0.058234987348559704,0.8786826426867558,0.01948543677061691
0.07880337265612275,0.058234987348559704,2.905017691855404,0.027885950423038215
0.07880337265612275,0.058234987348559704,2.853579735419362,0.02786165953624651
0.07880337265612275,0.058234987348559704,2.608650661780529,0.027705627933730527
0.07880337265612275,0.058234987348559704,1.662284542340747,0.025622488164205415
0.07880337265612275,0.058234987348559704,2.977245934082171,0.02791616379024821
0.07880337265612275,0.058234987348559704,2.0410746634510186,0.026885216311589816
0.07880337265612275,0.058234987348559704,1.1577405972208799,0.022267276964086747
0.07880337265612275,0.058234987348559704,1.2470646362676476,0.023029404653861205
0.07880337265612275,0.058234987348559704,2.7797973044102924,0.027822241282525615
0.07880337265612275,0.058234987348559704,2.273063541889512,0.027327738524373108
0.07880337265612275,0.058234987348559704,2.883682678487767,0.027876172466315657
0.07880337265612275,0.058234987348559704,0.5879110038768753,0.016429123303774783
0.07880337265612275,0.058234987348559704,2.305196585586447,0.027375266585051076
0.07880337265612275,0.058234987348559704,1.929198279348778,0.0265945824161337
0.07880337265612275,0.058234987348559704,2.6936323897033088,0.027768387723243575
0.07880337265612275,0.058234987348559704,1.3180558119674688,0.023582461548687907
0.07880337265612275,0.058234987348559704,2.7869649794748885,0.027826325488647066
0.07880337265612275,0.058234987348559704,2.7863997893617283,0.027826005516633202
0.07880337265612275,0.058234987348559704,2.4776403522682626,0.027586148959245046
0.07880337265612275,0.058234987348559704,2.0128007460991317,0.026817201656724163
0.07880337265612275,0.058234987348559704,2.5745572858361476,0.027677388232858664
0.07880337265612275,0.058234987348559704,1.9436349598975247,0.026635440668534287
0.07880337265612275,0.058234987348559704,2.113251350215539,0.027043737807951634
0.07880337265612275,0.058234987348559704,0.8076636418376295,0.01871925503553398
0.07880337265612275,0.058234987348559704,2.5058944425673984,0.027614532123971886
0.07880337265612275,0.058234987348559704,1.2174369793385957,0.02278469367399311
0.07880337265612275,0.058234987348559704,2.007420707684209,0.026803860411158235
0.07880337265612275,0.058234987348559704,0.39068138501416927,0.014832146554276233
0.07880337265612275,0.058234987348559704,2.9238412792441544,0.02789424306272037
0.07880337265612275,0.058234987348559704,1.8743184396260861,0.026429385768748384
0.07880337265612275,0.058234987348559704,2.315990920245248,0.027390595220034855
0.07880337265612275,0.058234987348559704,2.5232760038674185,0.0276312404213199
0.07880337265612275,0.058234987348559704,2.9088724466698594,0.027887673721738452
