x_1,x_2,eta,WQ
0.07797530152243645,0.05147638978614366,1.8738414796852247,1.82459046019943e-07
0.1286537908181289,0.05147638978614366,1.8738414796852247,4.560916679564473e-08
0.4086930134729885,0.05147638978614366,1.8738414796852247,7.003839053952392e-10
0.09668672235891648,0.05147638978614366,1.8738414796852247,1.0141206189189824e-07
0.6131095391296023,0.05147638978614366,1.8738414796852247,4.3181864616896906e-11
0.763524267060991,0.05147638978614366,1.8738414796852247,2.841735969934218e-12
0.7001386282843074,0.05147638978614366,1.8738414796852247,1.011959610720018e-11
0.6120438723304383,0.05147638978614366,1.8738414796852247,4.3890707234510826e-11
0.689073551138978,0.05147638978614366,1.8738414796852247,1.236056229902657e-11
0.8552273921315959,0.05147638978614366,1.8738414796852247,2.4506592842112673e-13
0.3679649076367868,0.05147638978614366,1.8738414796852247,1.1784113352295336e-09
0.20840506927189154,0.05147638978614366,1.8738414796852247,1.0618523475714883e-08
0.6044337186937173,0.05147638978614366,1.8738414796852247,4.926465015004867e-11
0.007044918940390832,0.05147638978614366,1.8738414796852247,8.405217493350545e-05
0.029268579945113393,0.05147638978614366,1.8738414796852247,2.4048512335257704e-06
0.022765315620621188,0.05147638978614366,1.8738414796852247,4.563625744173277e-06
0.1301939006909727,0.05147638978614366,1.8738414796852247,4.408625726088639e-08
0.04588906174207455,0.05147638978614366,1.8738414796852247,7.497555030822374e-07
0.14299528579954549,0.05147638978614366,1.8738414796852247,3.365923721759216e-08
0.13034823872174447,0.05147638978614366,1.8738414796852247,4.393733062988586e-08
0.07035410960204858,0.05147638978614366,1.8738414796852247,2.4079260128429447e-07
0.020224995771510115,0.05147638978614366,1.8738414796852247,6.154733940151495e-06
0.27549761750090007,0.05147638978614366,1.8738414796852247,3.987369729860175e-09
0.4082474222141912,0.05147638978614366,1.8738414796852247,7.043762098806069e-10
0.1646570783124802,0.05147638978614366,1.8738414796852247,2.2188264273258157e-08
0.02475104935182848,0.05147638978614366,1.8738414796852247,3.691018306114104e-06
0.48613655903859065,0.05147638978614366,1.8738414796852247,2.5764373056288004e-10
0.23150476008652485,0.05147638978614366,1.8738414796852247,7.466477117631664e-09
0.059009070349578086,0.05147638978614366,1.8738414796852247,3.85599486283093e-07
0.09853644054441155,0.05147638978614366,1.8738414796852247,9.624993511851714e-08
0.6763680304929603,0.05147638978614366,1.8738414796852247,1.5449730670670074e-11
0.7257469224707838,0.05147638978614366,1.8738414796852247,6.229582306250946e-12
0.4288314662213455,0.05147638978614366,1.8738414796852247,5.414811131327085e-10
0.10598615804273456,0.05147638978614366,1.8738414796852247,7.865756376008613e-08
0.31868768748854237,0.05147638978614366,1.8738414796852247,2.2318588634055382e-09
0.19387005609102423,0.05147638978614366,1.8738414796852247,1.3403390953667577e-08
0.1709291787015835,0.05147638978614366,1.8738414796852247,1.9817324099691323e-08
0.006657614853774113,0.05147638978614366,1.8738414796852247,9.644974691363206e-05
0.03157267214432427,0.05147638978614366,1.8738414796852247,1.9784113931749196e-06
0.0921908624146231,0.05147638978614366,1.8738414796852247,1.1558041975139384e-07
0.14557999492799964,0.05147638978614366,1.8738414796852247,3.19494647349232e-08
0.6603967929719013,0.05147638978614366,1.8738414796852247,2.027902881079815e-11
0.44630905851746006,0.05147638978614366,1.8738414796852247,4.325294739525695e-10
0.814075284642075,0.05147638978614366,1.8738414796852247,8.339024342408763e-13
0.9217306179146459,0.05147638978614366,1.8738414796852247,1.461915461526432e-14
0.7392475640148173,0.05147638978614366,1.8738414796852247,4.756302719782553e-12
0.11113538304493811,0.05147638978614366,1.8738414796852247,6.892709508975883e-08
0.22420611717673464,0.05147638978614366,1.8738414796852247,8.328066654861857e-09
0.45139367407958864,0.05147638978614366,1.8738414796852247,4.050697280596178e-10
0.12823025900356436,0.05147638978614366,1.8738414796852247,4.604001504730034e-08
