x_1,x_2,eta,WQ
0.07797530152243645,0.05147638978614366,1.8738414796852247,1.82459046019943e-07
0.07797530152243645,0.05147638978614366,1.3920773036177954,1.648798942749205e-07
0.07797530152243645,0.05147638978614366,2.719027532797023,1.9293127343666045e-07
0.07797530152243645,0.05147638978614366,1.9223661109190722,1.8358696847321815e-07
0.07797530152243645,0.05147638978614366,2.5057204170575496,1.9160614498280184e-07
0.07797530152243645,0.05147638978614366,0.15461085519696294,9.801052738054335e-08
0.07797530152243645,0.05147638978614366,2.827584697652451,1.934219932980256e-07
0.07797530152243645,0.05147638978614366,2.029155001307421,1.8575573641518454e-07
0.07797530152243645,0.05147638978614366,1.9250184093975673,1.836459221421906e-07
0.07797530152243645,0.05147638978614366,2.555458548062647,1.9196561451277007e-07
0.07797530152243645,0.05147638978614366,1.9036302684720907,1.831626705636309e-07
0.07797530152243645,0.05147638978614366,1.0158707604568304,1.4142901429543015e-07
0.07797530152243645,0.05147638978614366,2.939665361607883,1.938302898768741e-07
0.07797530152243645,0.05147638978614366,0.6311917607356414,1.1336804068931128e-07
0.07797530152243645,0.05147638978614366,1.8712910458498526,1.823971074078731e-07
0.07797530152243645,0.05147638978614366,1.660671318332131,1.762515905640959e-07
0.07797530152243645,0.05147638978614366,2.4962835842028444,1.9153397886881935e-07
0.07797530152243645,0.05147638978614366,2.2733119532652593,1.8939044307715623e-07
0.07797530152243645,0.05147638978614366,1.6689707029028922,1.76535685370405e-07
0.07797530152243645,0.05147638978614366,2.6660484100633086,1.9265135336182474e-07
0.07797530152243645,0.05147638978614366,2.476251627012306,1.9137639134428464e-07
0.07797530152243645,0.05147638978614366,0.014180019008287026,1.0130463620518777e-07
0.07797530152243645,0.05147638978614366,2.6218198391915566,1.9239457162612697e-07
0.07797530152243645,0.05147638978614366,2.9800374318428737,1.9395668572137033e-07
0.07797530152243645,0.05147638978614366,2.91633643991789,1.9375254485096372e-07
0.07797530152243645,0.05147638978614366,1.8755465997503862,1.8250030454973213e-07
0.07797530152243645,0.05147638978614366,1.6350144369387232,1.753495815367732e-07
0.07797530152243645,0.05147638978614366,1.2019449614259266,1.540690941984423e-07
0.07797530152243645,0.05147638978614366,1.0294934418810562,1.4241000736547475e-07
0.07797530152243645,0.05147638978614366,1.2362461194683503,1.5618954165550945e-07
0.07797530152243645,0.05147638978614366,2.589374682749608,1.9219171242908984e-07
0.07797530152243645,0.05147638978614366,2.3620202048109107,1.9035292096971057e-07
0.07797530152243645,0.05147638978614366,1.7490537907247006,1.790917346663121e-07
0.07797530152243645,0.05147638978614366,1.8942697955458587,1.8294546213190776e-07
0.07797530152243645,0.05147638978614366,2.4629303389082877,1.9126819796488344e-07
0.07797530152243645,0.05147638978614366,2.5714000382743905,1.9207373058687583e-07
0.07797530152243645,0.05147638978614366,2.987159343149215,1.939779592927459e-07
0.07797530152243645,0.05147638978614366,2.95137845863811,1.9386800035667168e-07
0.07797530152243645,0.05147638978614366,2.0221551026946774,1.8562582940917275e-07
0.07797530152243645,0.05147638978614366,1.9160661940831378,1.834458397340596e-07
0.07797530152243645,0.05147638978614366,2.600270985624517,1.9226126450821962e-07
0.07797530152243645,0.05147638978614366,0.9635467161493052,1.376019264626459e-07
0.07797530152243645,0.05147638978614366,1.7107961239318474,1.7791175239449097e-07
0.07797530152243645,0.05147638978614366,0.3089581205202929,9.873283631191996e-08
0.07797530152243645,0.05147638978614366,1.2103316950099137,1.5459420867893545e-07
0.07797530152243645,0.05147638978614366,2.679385367056967,1.9272455850642166e-07
0.07797530152243645,0.05147638978614366,0.8714614507357568,1.3071737487019114e-07
0.07797530152243645,0.05147638978614366,1.0613230333958343,1.4467285312848676e-07
0.07797530152243645,0.05147638978614366,2.2030540473505553,1.8850612427266396e-07
0.07797530152243645,0.05147638978614366,2.1286862767842423,1.8743580078136357e-07
0.07797530152243645,0.05147638978614366,2.148173384662682,1.8773057700735582e-07
0.07797530152243645,0.05147638978614366,2.153961326914562,1.878161184108385e-07
0.07797530152243645,0.05147638978614366,2.972125908820588,1.9393270115901952e-07
0.07797530152243645,0.05147638978614366,1.4622896335977935,1.6828157930050136e-07
0.07797530152243645,0.05147638978614366,0.9868042485857225,1.393136400785103e-07
0.07797530152243645,0.05147638978614366,0.6478628040696006,1.1447440547955851e-07
0.07797530152243645,0.05147638978614366,2.6794940133470737,1.9272514710020432e-07
0.07797530152243645,0.05147638978614366,1.5594236866767885,1.724757996063256e-07
0.07797530152243645,0.05147638978614366,2.0084426291108697,1.8536658301605984e-07
0.07797530152243645,0.05147638978614366,2.117473131665716,1.8726135362035135e-07
0.07797530152243645,0.05147638978614366,2.9296442274026684,1.9379733010209492e-07
0.07797530152243645,0.05147638978614366,1.2599050448858728,1.576094679125938e-07
0.07797530152243645,0.05147638978614366,2.4072092197721746,1.9078458000471706e-07
0.07797530152243645,0.05147638978614366,1.8850264553188194,1.8272749189566145e-07
0.07797530152243645,0.05147638978614366,1.5183825096775831,1.7077446237432268e-07
0.07797530152243645,0.05147638978614366,2.285878100473159,1.8953673805831797e-07
0.07797530152243645,0.05147638978614366,0.10672700467129159,9.872472023899217e-08
0.07797530152243645,0.05147638978614366,2.624178769411705,1.9240882984767143e-07
0.07797530152243645,0.05147638978614366,1.7203112883037197,1.7821211718499542e-07
0.07797530152243645,0.05147638978614366,1.81519505440737,1.8096429842569412e-07
0.07797530152243645,0.05147638978614366,0.38591580058693076,1.0077807072878324e-07
0.07797530152243645,0.05147638978614366,2.605364825500142,1.9229327980103818e-07
0.07797530152243645,0.05147638978614366,2.569061338475437,1.92058076699438e-07
0.07797530152243645,0.05147638978614366,2.1073591970049668,1.871009131919453e-07
0.07797530152243645,0.05147638978614366,1.5571956084159022,1.723860382524528e-07
0.07797530152243645,0.05147638978614366,1.9895673375692817,1.8499919656983392e-07
0.07797530152243645,0.05147638978614366,1.829904121956495,1.8135330461019246e-07
0.07797530152243645,0.05147638978614366,0.3369014092126763,9.935140134291512e-08
0.07797530152243645,0.05147638978614366,1.7722721553807728,1.7977264098794365e-07
0.07797530152243645,0.05147638978614366,2.0301749480021085,1.8577452932679446e-07
0.07797530152243645,0.05147638978614366,1.5999802780718415,1.7405857837066004e-07
0.07797530152243645,0.05147638978614366,2.6048118155845934,1.922898193197296e-07
0.07797530152243645,0.05147638978614366,2.306325962735104,1.8976754078473252e-07
0.07797530152243645,0.05147638978614366,1.6272974671066962,1.7507115763972633e-07
0.07797530152243645,0.05147638978614366,2.199745609074504,1.88461565247212e-07
0.07797530152243645,0.05147638978614366,2.2292430745753253,1.8884935667793748e-07
0.07797530152243645,0.05147638978614366,1.0985524982986452,1.4726175665272258e-07
0.07797530152243645,0.05147638978614366,1.3397648147010612,1.6213793827580479e-07
0.07797530152243645,0.05147638978614366,1.3703363296561584,1.6376197928200468e-07
0.07797530152243645,0.05147638978614366,1.6861695200830318,1.771126704279233e-07
0.07797530152243645,0.05147638978614366,2.545507991708135,1.918964257447558e-07
0.07797530152243645,0.05147638978614366,1.7173642335367578,1.7811958119329432e-07
0.07797530152243645,0.05147638978614366,2.358287883026823,1.9031558769748635e-07
0.07797530152243645,0.05147638978614366,0.38268347412089954,1.0067097300629058e-07
0.07797530152243645,0.05147638978614366,1.7559892729417848,1.7929786182933736e-07
0.07797530152243645,0.05147638978614366,0.6415954500230567,1.1405580855231946e-07
0.07797530152243645,0.05147638978614366,1.4146722091507369,1.6600921115520522e-07
0.07797530152243645,0.05147638978614366,2.343783618032046,1.9016797764702884e-07
0.07797530152243645,0.05147638978614366,1.0543448724340392,1.4418045727692848e-07
0.07797530152243645,0.05147638978614366,0.20657147658144703,9.773636650710194e-08
0.07797530152243645,0.05147638978614366,2.244713549379328,1.8904439507458497e-07
0.07797530152243645,0.05147638978614366,2.180749916565061,1.8820037675958417e-07
0.07797530152243645,0.05147638978614366,2.4893438348422467,1.9148006881195625e-07
0.07797530152243645,0.05147638978614366,2.052639600503464,1.8617983643437475e-07
0.07797530152243645,0.05147638978614366,2.632037723263773,1.924558648866752e-07
0.07797530152243645,0.05147638978614366,2.595032657745997,1.9222801058686787e-07
0.07797530152243645,0.05147638978614366,2.6012352500672344,1.9226734922925058e-07
0.07797530152243645,0.05147638978614366,2.4393649749909168,1.910699230452634e-07
0.07797530152243645,0.05147638978614366,0.28687687914256577,9.834741756292386e-08
0.07797530152243645,0.05147638978614366,2.7195034665902074,1.92933659599108e-07
0.07797530152243645,0.05147638978614366,1.8926007983412307,1.8290636211791077e-07
0.07797530152243645,0.05147638978614366,2.817962648671558,1.9338257903941974e-07
0.07797530152243645,0.05147638978614366,2.6067430068184625,1.9230188773561086e-07
0.07797530152243645,0.05147638978614366,1.521262839581004,1.7089720155190124e-07
0.07797530152243645,0.05147638978614366,2.229506415167841,1.8885272387791434e-07
0.07797530152243645,0.05147638978614366,0.8058438738239944,1.2579184032914474e-07
0.07797530152243645,0.05147638978614366,2.8574962017833383,1.9353988108813755e-07
0.07797530152243645,0.05147638978614366,2.9322706623118444,1.938060313991951e-07
0.07797530152243645,0.05147638978614366,1.9230641261259744,1.8360250999696204e-07
0.07797530152243645,0.05147638978614366,1.5989254680422933,1.740186256244733e-07
0.07797530152243645,0.05147638978614366,0.8930050287500508,1.3233730527507606e-07
0.07797530152243645,0.05147638978614366,2.200217991010199,1.8846794415498043e-07
0.07797530152243645,0.05147638978614366,1.4748063768229573,1.6885492305923656e-07
0.07797530152243645,0.05147638978614366,2.018128626725539,1.8555036334620403e-07
0.07797530152243645,0.05147638978614366,0.8320054532060377,1.277508446069065e-07
0.07797530152243645,0.05147638978614366,2.3213048536534204,1.899310705068289e-07
0.07797530152243645,0.05147638978614366,0.5610875979008441,1.0899700962088797e-07
0.07797530152243645,0.05147638978614366,2.6329988487528704,1.9246156813654403e-07
0.07797530152243645,0.05147638978614366,1.4274771666416872,1.6663457163530726e-07
0.07797530152243645,0.05147638978614366,1.6152544006910106,1.7462997177127763e-07
0.07797530152243645,0.05147638978614366,2.5421426465003547,1.9187272394381984e-07
0.07797530152243645,0.05147638978614366,1.5613569764291535,1.725534455334333e-07
0.07797530152243645,0.05147638978614366,0.8965931400248999,1.3260683055703916e-07
0.07797530152243645,0.05147638978614366,1.966371913213727,1.8453052983002102e-07
0.07797530152243645,0.05147638978614366,1.6820670085117058,1.7697646751564362e-07
0.07797530152243645,0.05147638978614366,1.7807947303528227,1.800160888014413e-07
0.07797530152243645,0.05147638978614366,2.420915654665759,1.9090834850796486e-07
0.07797530152243645,0.05147638978614366,0.7755104535884625,1.2353746293384687e-07
0.07797530152243645,0.05147638978614366,1.828372542806529,1.81313249065184e-07
0.07797530152243645,0.05147638978614366,2.2537478622012364,1.89155716952182e-07
0.07797530152243645,0.05147638978614366,2.1648200543825102,1.8797416630201919e-07
0.07797530152243645,0.05147638978614366,2.986721087156602,1.9397665879274488e-07
0.07797530152243645,0.05147638978614366,2.0902429500707487,1.8682256581561582e-07
0.07797530152243645,0.05147638978614366,1.9070346149587123,1.832407977152408e-07
0.07797530152243645,0.05147638978614366,1.2982289785174639,1.598340128200635e-07
0.07797530152243645,0.05147638978614366,2.7780854468733343,1.9321108921799505e-07
0.07797530152243645,0.05147638978614366,1.8704541689920813,1.8237672421021923e-07
0.07797530152243645,0.05147638978614366,1.516647557360154,1.7070028550461743e-07
0.07797530152243645,0.05147638978614366,2.4963572203356867,1.9153454705820363e-07
0.07797530152243645,0.05147638978614366,1.1164072270641525,1.484791411227762e-07
0.07797530152243645,0.05147638978614366,2.909758610802632,1.9372997200661504e-07
0.07797530152243645,0.05147638978614366,1.744406375637408,1.7895229140259717e-07
0.07797530152243645,0.05147638978614366,1.2668024010307914,1.5801676212581307e-07
0.07797530152243645,0.05147638978614366,1.9518598360460089,1.8422739007662317e-07
0.07797530152243645,0.05147638978614366,2.1541937805829345,1.878195349300672e-07
0.07797530152243645,0.05147638978614366,2.9691536092973214,1.9392359337718543e-07
0.07797530152243645,0.05147638978614366,2.490376816071848,1.9148813883358587e-07
0.07797530152243645,0.05147638978614366,0.9518050754622531,1.3673226716670064e-07
0.07797530152243645,0.05147638978614366,0.512196682083295,1.0626957760866276e-07
0.07797530152243645,0.05147638978614366,2.1323853227241214,1.8749256776189662e-07
0.07797530152243645,0.05147638978614366,2.9917387364278714,1.9399148145617566e-07
0.07797530152243645,0.05147638978614366,2.4108351804609107,1.9081763702544764e-07
0.07797530152243645,0.05147638978614366,2.6665483061081776,1.9265413157953563e-07
0.07797530152243645,0.05147638978614366,1.549388405755238,1.7206917462451837e-07
0.07797530152243645,0.05147638978614366,1.198856045846616,1.5387461724030913e-07
0.07797530152243645,0.05147638978614366,2.187968322157713,1.883007113859736e-07
0.07797530152243645,0.05147638978614366,2.543786233668293,1.918843187582355e-07
0.07797530152243645,0.05147638978614366,0.8996620020055954,1.328372619590776e-07
0.07797530152243645,0.05147638978614366,2.704506103568885,1.928573949647149e-07
0.07797530152243645,0.05147638978614366,2.311216586952316,1.8982144113727048e-07
0.07797530152243645,0.05147638978614366,2.4608045788014996,1.9125067633055248e-07
0.07797530152243645,0.05147638978614366,1.691957494534282,1.7730332170310078e-07
0.07797530152243645,0.05147638978614366,1.2099443919407498,1.5457005275170756e-07
0.07797530152243645,0.05147638978614366,1.530576603196688,1.7129061630377045e-07
0.07797530152243645,0.05147638978614366,2.56124851456116,1.920052672549467e-07
0.07797530152243645,0.05147638978614366,2.8993291219117445,1.9369357844522253e-07
0.07797530152243645,0.05147638978614366,0.6233193277988782,1.1285373001419245e-07
0.07797530152243645,0.05147638978614366,1.6632074825303638,1.7633880020283635e-07
0.07797530152243645,0.05147638978614366,1.4045182351041157,1.6550579459555407e-07
0.07797530152243645,0.05147638978614366,0.4734697300310562,1.0433029021359907e-07
0.07797530152243645,0.05147638978614366,0.8389247462921379,1.2827042908006226e-07
0.07797530152243645,0.05147638978614366,2.740351712272772,1.930360434720272e-07
0.07797530152243645,0.05147638978614366,1.6128295794424115,1.745401492391652e-07
0.07797530152243645,0.05147638978614366,1.4734059422588723,1.6879126592084255e-07
0.07797530152243645,0.05147638978614366,2.63303848308729,1.924618030958995e-07
0.07797530152243645,0.05147638978614366,1.9095703837223457,1.8329869223425112e-07
0.07797530152243645,0.05147638978614366,1.8515206880915693,1.819076757080911e-07
0.07797530152243645,0.05147638978614366,2.4509422419079097,1.9116844773685613e-07
0.07797530152243645,0.05147638978614366,2.0531448130866004,1.8618876439975883e-07
0.07797530152243645,0.05147638978614366,2.7736155872907657,1.9319102050878325e-07
0.07797530152243645,0.05147638978614366,2.5613329691172386,1.920058423754682e-07
0.07797530152243645,0.05147638978614366,2.6804505060812462,1.9273032356253082e-07
0.07797530152243645,0.05147638978614366,1.7444335795390085,1.7895311073551924e-07
0.07797530152243645,0.05147638978614366,2.9219985790522514,1.9377174311387677e-07
0.07797530152243645,0.05147638978614366,0.9198452291574402,1.3435011683013936e-07
0.07797530152243645,0.05147638978614366,2.4998771369576565,1.9156161395058702e-07
0.07797530152243645,0.05147638978614366,0.6683472357794029,1.1586362693343704e-07
0.07797530152243645,0.05147638978614366,1.534637058977245,1.71460476847626e-07
0.07797530152243645,0.05147638978614366,2.90526184300427,1.9371437195712196e-07
0.07797530152243645,0.05147638978614366,1.7128188098445232,1.7797598953592303e-07
0.07797530152243645,0.05147638978614366,2.7658855690693467,1.9315589827679656e-07
0.07797530152243645,0.05147638978614366,0.5473818224927895,1.0820320058042434e-07
0.07797530152243645,0.05147638978614366,2.2476545738728237,1.8908084096725784e-07
0.07797530152243645,0.05147638978614366,1.8866312435928267,1.8276558499741958e-07
0.07797530152243645,0.05147638978614366,0.9619884908567204,1.3748671180123944e-07
0.07797530152243645,0.05147638978614366,0.6873315449412107,1.1717764835970624e-07
0.07797530152243645,0.05147638978614366,1.4133639323378682,1.6594472301674756e-07
0.07797530152243645,0.05147638978614366,2.5908703235098876,1.922013461785794e-07
0.07797530152243645,0.05147638978614366,0.8890445809296743,1.320396948597515e-07
0.07797530152243645,0.05147638978614366,2.1211465781442786,1.8731889712796617e-07
0.07797530152243645,0.05147638978614366,0.9375718228690091,1.3567382443334682e-07
0.07797530152243645,0.05147638978614366,2.204919550800306,1.8853112922557125e-07
0.07797530152243645,0.05147638978614366,2.160857906126867,1.8791686319427877e-07
0.07797530152243645,0.05147638978614366,1.5685756991601159,1.728414078083043e-07
0.07797530152243645,0.05147638978614366,2.333565570850485,1.9006153280597098e-07
0.07797530152243645,0.05147638978614366,2.8301048625964556,1.9343219441052113e-07
0.07797530152243645,0.05147638978614366,2.5595209488855937,1.9199348226627465e-07
0.07797530152243645,0.05147638978614366,1.831528300462535,1.8139566854728456e-07
0.07797530152243645,0.05147638978614366,1.7827320062550667,1.8007094805355892e-07
0.07797530152243645,0.05147638978614366,1.1462258683206703,1.504746982602278e-07
0.07797530152243645,0.05147638978614366,1.6583873246693888,1.7617275382710475e-07
0.07797530152243645,0.05147638978614366,2.6566159936930838,1.9259842328793357e-07
0.07797530152243645,0.05147638978614366,1.4745745939394932,1.6884439583620726e-07
0.07797530152243645,0.05147638978614366,2.73869129807257,1.9302804091983965e-07
0.07797530152243645,0.05147638978614366,2.455255607264036,1.912046017939698e-07
0.07797530152243645,0.05147638978614366,2.125037948559002,1.8737943442905883e-07
0.07797530152243645,0.05147638978614366,1.4514288286302317,1.6777604467281347e-07
0.07797530152243645,0.05147638978614366,2.303290576025404,1.897338371012267e-07
0.07797530152243645,0.05147638978614366,1.1901672260380798,1.533245008161758e-07
0.07797530152243645,0.05147638978614366,1.5677880887152522,1.7281013917659604e-07
0.07797530152243645,0.05147638978614366,1.6707987318520316,1.7659776179733134e-07
0.07797530152243645,0.05147638978614366,0.3542887715421217,9.980854115700396e-08
0.07797530152243645,0.05147638978614366,2.1181532362435216,1.8727203641738166e-07
0.07797530152243645,0.05147638978614366,2.645256805261121,1.9253338181498474e-07
0.07797530152243645,0.05147638978614366,2.1706847152026487,1.8805822075150805e-07
0.07797530152243645,0.05147638978614366,2.7748349054239076,1.9319651237421212e-07
0.07797530152243645,0.05147638978614366,0.12085761565834474,9.846855229855318e-08
0.07797530152243645,0.05147638978614366,2.0971500692033156,1.8693593492284176e-07
0.07797530152243645,0.05147638978614366,2.7921925254258473,1.9327328977525993e-07
0.07797530152243645,0.05147638978614366,1.4843437367829502,1.6928516639827417e-07
0.07797530152243645,0.05147638978614366,2.6871083003026666,1.9276608963861678e-07
0.07797530152243645,0.05147638978614366,2.7070472162682604,1.9287047420083014e-07
0.07797530152243645,0.05147638978614366,2.1450051693768426,1.8768336659257282e-07
0.07797530152243645,0.05147638978614366,2.143007082861788,1.8765345108128397e-07
0.07797530152243645,0.05147638978614366,2.5363160280407238,1.9183132278636416e-07
0.07797530152243645,0.05147638978614366,2.2573677137567763,1.8919979696461917e-07
0.07797530152243645,0.05147638978614366,2.7865748635583776,1.932487257752431e-07
0.07797530152243645,0.05147638978614366,2.7590257876861415,1.9312428308667926e-07
0.07797530152243645,0.05147638978614366,2.004699283565498,1.85294701618551e-07
0.07797530152243645,0.05147638978614366,2.9086425648716947,1.9372611309810705e-07
0.07797530152243645,0.05147638978614366,2.6884561334710337,1.9277327411301324e-07
0.07797530152243645,0.05147638978614366,1.0784685612133549,1.4587331521608457e-07
0.07797530152243645,0.05147638978614366,2.686470290912588,1.9276268223050234e-07
0.07797530152243645,0.05147638978614366,2.2786602730876897,1.894531295205127e-07
0.07797530152243645,0.05147638978614366,2.0273066241446576,1.8572159164759517e-07
0.07797530152243645,0.05147638978614366,1.1054890662622014,1.477366503862108e-07
0.07797530152243645,0.05147638978614366,1.681863928786408,1.769697021614869e-07
0.07797530152243645,0.05147638978614366,2.806808569266907,1.9333595069769692e-07
0.07797530152243645,0.05147638978614366,1.940556814112667,1.8398586233185345e-07
0.07797530152243645,0.05147638978614366,2.6257232229275784,1.9241812985902083e-07
0.07797530152243645,0.05147638978614366,0.5769509015368963,1.0994225331236813e-07
0.07797530152243645,0.05147638978614366,1.96702545648513,1.84543999825141e-07
0.07797530152243645,0.05147638978614366,1.6874803558800364,1.77156002692358e-07
0.07797530152243645,0.05147638978614366,2.226429275938002,1.8881327490547473e-07
0.07797530152243645,0.05147638978614366,2.0749082012751945,1.8656573030151086e-07
0.07797530152243645,0.05147638978614366,2.371447816986335,1.904460558996097e-07
0.07797530152243645,0.05147638978614366,2.5633716547194476,1.9201969708279343e-07
0.07797530152243645,0.05147638978614366,1.9369432338524737,1.8390762966323533e-07
0.07797530152243645,0.05147638978614366,2.498017259112258,1.9154733493397626e-07
0.07797530152243645,0.05147638978614366,2.1291851768042895,1.8744347953786334e-07
0.07797530152243645,0.05147638978614366,1.9350630240745719,1.8386672747541887e-07
0.07797530152243645,0.05147638978614366,1.460958500111097,1.6822002216898443e-07
0.07797530152243645,0.05147638978614366,2.2175146492385926,1.8869770672236617e-07
0.07797530152243645,0.05147638978614366,2.7010051685695,1.9283926921610348e-07
0.07797530152243645,0.05147638978614366,2.000971642833332,1.8522264345769988e-07
0.07797530152243645,0.05147638978614366,2.1095051005061696,1.871352021588538e-07
0.07797530152243645,0.05147638978614366,2.45812382887277,1.9122847839569375e-07
0.07797530152243645,0.05147638978614366,2.8585512112086158,1.9354391428506109e-07
0.07797530152243645,0.05147638978614366,2.540694814596027,1.9186247965994475e-07
0.07797530152243645,0.05147638978614366,2.8866434409333697,1.936482956246962e-07
0.07797530152243645,0.05147638978614366,1.9657376234804684,1.845174417901016e-07
0.07797530152243645,0.05147638978614366,0.1372499251448107,9.821884489831865e-08
0.07797530152243645,0.05147638978614366,2.3521207390552528,1.902533189639332e-07
0.07797530152243645,0.05147638978614366,2.2499103203030244,1.891086595197323e-07
0.07797530152243645,0.05147638978614366,1.6973028493233813,1.7747783366114707e-07
0.07797530152243645,0.05147638978614366,2.204383452109337,1.8852395228420927e-07
0.07797530152243645,0.05147638978614366,1.7597691651185636,1.794092164929578e-07
0.07797530152243645,0.05147638978614366,1.766078778513118,1.795935566985674e-07
0.07797530152243645,0.05147638978614366,0.65516447387642,1.1496597958482236e-07
0.07797530152243645,0.05147638978614366,2.285032513258572,1.8952700151427394e-07
0.07797530152243645,0.05147638978614366,2.6488399746777667,1.925540535945473e-07
0.07797530152243645,0.05147638978614366,2.141365460043417,1.8762879036371536e-07
0.07797530152243645,0.05147638978614366,1.8449264698343801,1.817407180521777e-07
0.07797530152243645,0.05147638978614366,0.8008080804657571,1.254160892900885e-07
0.07797530152243645,0.05147638978614366,1.6032740979195315,1.7418292590694003e-07
0.07797530152243645,0.05147638978614366,2.6322825924634503,1.9245731893140524e-07
0.07797530152243645,0.05147638978614366,1.2613498334935946,1.5769503410588084e-07
0.07797530152243645,0.05147638978614366,2.690663353302704,1.9278499886826415e-07
0.07797530152243645,0.05147638978614366,1.7444834471663064,1.78954612564589e-07
0.07797530152243645,0.05147638978614366,0.5835888315287785,1.1034586501024173e-07
0.07797530152243645,0.05147638978614366,-2.2730753835725115,1.927726785064014e-07
0.07797530152243645,0.05147638978614366,-0.6452807593753223,1.4461838686383136e-07
0.07797530152243645,0.05147638978614366,-2.3162731026666865,1.9299328657847574e-07
0.07797530152243645,0.05147638978614366,-1.5771894669561304,1.8505627019172502e-07
0.07797530152243645,0.05147638978614366,-2.290266643913241,1.92862701226061e-07
0.07797530152243645,0.05147638978614366,-1.7142391583484342,1.8744844504778438e-07
0.07797530152243645,0.05147638978614366,-1.4763602954471775,1.8288354758096167e-07
0.07797530152243645,0.05147638978614366,-2.0278149286120697,1.9110180872024287e-07
0.07797530152243645,0.05147638978614366,-2.3851853367553684,1.93308928627115e-07
0.07797530152243645,0.05147638978614366,-2.1021713605107273,1.916939686416906e-07
0.07797530152243645,0.05147638978614366,-1.2557327237752332,1.7660463981107862e-07
0.07797530152243645,0.05147638978614366,-2.6992252669953487,1.9431197398846422e-07
0.07797530152243645,0.05147638978614366,-1.3609693185407328,1.7988635962529616e-07
0.07797530152243645,0.05147638978614366,-2.44403291155022,1.9354677859681097e-07
0.07797530152243645,0.05147638978614366,-1.2237623294325797,1.754931916961667e-07
0.07797530152243645,0.05147638978614366,-1.6189649607599232,1.8584897616239403e-07
0.07797530152243645,0.05147638978614366,-2.887605717686731,1.9467479952166544e-07
0.07797530152243645,0.05147638978614366,-2.579189159249416,1.9399945356213184e-07
0.07797530152243645,0.05147638978614366,-2.887583589989684,1.9467476436217213e-07
0.07797530152243645,0.05147638978614366,-1.4945112987847122,1.8330347062552207e-07
0.07797530152243645,0.05147638978614366,-1.4153948821033102,1.8137313298155705e-07
0.07797530152243645,0.05147638978614366,-0.19404369184874826,1.1195235557620098e-07
0.07797530152243645,0.05147638978614366,-0.3485644356466917,1.2267642300508347e-07
0.07797530152243645,0.05147638978614366,-1.438279075058321,1.819586273630984e-07
0.07797530152243645,0.05147638978614366,-2.803792500117012,1.945299246856851e-07
0.07797530152243645,0.05147638978614366,-2.319199861885342,1.9300757274501838e-07
0.07797530152243645,0.05147638978614366,-2.118746997691683,1.9181485076080186e-07
0.07797530152243645,0.05147638978614366,-1.3023314047529824,1.7812700927833285e-07
0.07797530152243645,0.05147638978614366,-2.9566024860984768,1.947772548145262e-07
0.07797530152243645,0.05147638978614366,-1.1843083641994432,1.7404332023424348e-07
0.07797530152243645,0.05147638978614366,-1.5834328885256679,1.8517852999711168e-07
0.07797530152243645,0.05147638978614366,-2.8190898347531474,1.945581929909675e-07
0.07797530152243645,0.05147638978614366,-2.546680446013037,1.9390129552851057e-07
0.07797530152243645,0.05147638978614366,-2.3449670984907156,1.9312989136790483e-07
0.07797530152243645,0.05147638978614366,-2.6159608178794995,1.9410316510104882e-07
0.07797530152243645,0.05147638978614366,-2.3379987583614943,1.9309741635770286e-07
0.07797530152243645,0.05147638978614366,-1.055671163802291,1.6867887723629435e-07
0.07797530152243645,0.05147638978614366,-2.393128555343868,1.9334265506438473e-07
0.07797530152243645,0.05147638978614366,-1.4844046024632556,1.8307128352837392e-07
0.07797530152243645,0.05147638978614366,-0.6530747011456408,1.4516603949584618e-07
0.07797530152243645,0.05147638978614366,-2.2633249572622645,1.9272026661011472e-07
0.07797530152243645,0.05147638978614366,-0.9841216950390139,1.6524903860611918e-07
0.07797530152243645,0.05147638978614366,-1.0381171169542873,1.6786769818144859e-07
0.07797530152243645,0.05147638978614366,-1.056294203800805,1.6870730981889585e-07
0.07797530152243645,0.05147638978614366,-1.901536499777557,1.8988243180881546e-07
0.07797530152243645,0.05147638978614366,-0.4237712844022372,1.2827909961142498e-07
0.07797530152243645,0.05147638978614366,-2.6748316817454203,1.9425431344022876e-07
0.07797530152243645,0.05147638978614366,-2.1026735883161134,1.9169768813688538e-07
0.07797530152243645,0.05147638978614366,-1.9779148439130914,1.906545451675731e-07
0.07797530152243645,0.05147638978614366,-2.541635058293373,1.9388549037304453e-07
0.07797530152243645,0.05147638978614366,-1.5480771594168656,1.8446796138326274e-07
0.07797530152243645,0.05147638978614366,-2.4499540869196874,1.9356922747400174e-07
0.07797530152243645,0.05147638978614366,-2.354149092511272,1.9317201393541872e-07
0.07797530152243645,0.05147638978614366,-2.1233654838437923,1.9184785139294017e-07
0.07797530152243645,0.05147638978614366,-0.5042877296570336,1.343285211337855e-07
0.07797530152243645,0.05147638978614366,-1.607064824663647,1.8562916422421665e-07
0.07797530152243645,0.05147638978614366,-1.4696283124901162,1.8272441891461537e-07
0.07797530152243645,0.05147638978614366,-2.0451957421209093,1.9124786759671874e-07
0.07797530152243645,0.05147638978614366,-2.7487413472323947,1.9442080657146264e-07
0.07797530152243645,0.05147638978614366,-1.6880471382825324,1.87035942480657e-07
0.07797530152243645,0.05147638978614366,-2.2444174661825027,1.9261575907389024e-07
0.07797530152243645,0.05147638978614366,-0.7603405267806167,1.5239275139958496e-07
0.07797530152243645,0.05147638978614366,-2.8505365630494226,1.9461368124097199e-07
0.07797530152243645,0.05147638978614366,-2.327662412626532,1.9304842476239527e-07
0.07797530152243645,0.05147638978614366,-0.7847628100450388,1.5394870297888578e-07
0.07797530152243645,0.05147638978614366,-1.9836940776509353,1.9070854653173034e-07
0.07797530152243645,0.05147638978614366,-0.4171351172370734,1.2778075911914577e-07
0.07797530152243645,0.05147638978614366,-2.0058418203238197,1.909100865350964e-07
0.07797530152243645,0.05147638978614366,-1.9615843981822638,1.904987105192096e-07
0.07797530152243645,0.05147638978614366,-2.3295677086989874,1.930575297749209e-07
0.07797530152243645,0.05147638978614366,-0.8095237563401376,1.5548955894077775e-07
0.07797530152243645,0.05147638978614366,-1.7651621218189382,1.8819591292544358e-07
0.07797530152243645,0.05147638978614366,-1.6806270897494433,1.8691545653093694e-07
0.07797530152243645,0.05147638978614366,-1.7368026631738178,1.877882887769027e-07
0.07797530152243645,0.05147638978614366,-0.47548480482271716,1.321681403515268e-07
0.07797530152243645,0.05147638978614366,-2.1950372058015906,1.923240361635561e-07
0.07797530152243645,0.05147638978614366,-1.294169353521978,1.778685102344425e-07
0.07797530152243645,0.05147638978614366,-0.21010310540921528,1.1298731009320742e-07
0.07797530152243645,0.05147638978614366,-2.7029686842335785,1.9432057913695876e-07
0.07797530152243645,0.05147638978614366,-0.5149547965603141,1.351257816974199e-07
0.07797530152243645,0.05147638978614366,-2.8324943864949503,1.9458226900329817e-07
0.07797530152243645,0.05147638978614366,-1.3339641557420985,1.7909709149149046e-07
0.07797530152243645,0.05147638978614366,-2.6118126609698837,1.940918381739536e-07
0.07797530152243645,0.05147638978614366,-2.945979198115443,1.9476237927055953e-07
0.07797530152243645,0.05147638978614366,-2.073680182653441,1.9147698046742687e-07
0.07797530152243645,0.05147638978614366,-1.366253868199779,1.8003672528038365e-07
0.07797530152243645,0.05147638978614366,-2.2327338835384887,1.925492364518971e-07
0.07797530152243645,0.05147638978614366,-1.3002772184833076,1.7806227211119799e-07
0.07797530152243645,0.05147638978614366,-2.6052033834644974,1.940735984520498e-07
0.07797530152243645,0.05147638978614366,-2.9088486496920414,1.9470785110319502e-07
0.07797530152243645,0.05147638978614366,-2.880485412014161,1.9466340579019957e-07
0.07797530152243645,0.05147638978614366,-0.9340928058603053,1.6265430681320115e-07
0.07797530152243645,0.05147638978614366,-2.3054034866514153,1.9293951065738344e-07
0.07797530152243645,0.05147638978614366,-2.824613491581308,1.9456819159228483e-07
0.07797530152243645,0.05147638978614366,-0.218301252112171,1.1352447111427534e-07
0.07797530152243645,0.05147638978614366,-2.1572260975016597,1.920810352112554e-07
0.07797530152243645,0.05147638978614366,-1.4469492207455712,1.8217455507172543e-07
0.07797530152243645,0.05147638978614366,-0.8876495706969849,1.6009973241601242e-07
0.07797530152243645,0.05147638978614366,-0.49281968260106535,1.334694927497088e-07
0.07797530152243645,0.05147638978614366,-1.9327102544116004,1.90211092297384e-07
0.07797530152243645,0.05147638978614366,-1.5131330661985627,1.837207340390944e-07
0.07797530152243645,0.05147638978614366,-2.972124935852539,1.9479843399206368e-07
0.07797530152243645,0.05147638978614366,-1.9923643646035212,1.9078845750137266e-07
0.07797530152243645,0.05147638978614366,-1.8203938968267395,1.8893097354506948e-07
0.07797530152243645,0.05147638978614366,-2.387764986279101,1.9331993916366522e-07
0.07797530152243645,0.05147638978614366,-2.735350368611441,1.9439241743978264e-07
0.07797530152243645,0.05147638978614366,-1.2325330506303993,1.7580366571515082e-07
0.07797530152243645,0.05147638978614366,-1.6978329452872185,1.8719237337091007e-07
0.07797530152243645,0.05147638978614366,-1.5973986747728401,1.8544713712348097e-07
0.07797530152243645,0.05147638978614366,-2.633055619094425,1.9414887849633717e-07
0.07797530152243645,0.05147638978614366,-0.7055130938520824,1.4877490210185282e-07
0.07797530152243645,0.05147638978614366,-2.2777656337090244,1.9279753852426402e-07
0.07797530152243645,0.05147638978614366,-2.563871876550833,1.9395398608648878e-07
0.07797530152243645,0.05147638978614366,-1.09925508577067,1.706092408443935e-07
0.07797530152243645,0.05147638978614366,-2.1456120047743186,1.9200276265371206e-07
0.07797530152243645,0.05147638978614366,-1.1623773671867537,1.7319887865878866e-07
0.07797530152243645,0.05147638978614366,-1.4862698599485453,1.8311444213746103e-07
0.07797530152243645,0.05147638978614366,-0.8225418734202852,1.5628453076326712e-07
0.07797530152243645,0.05147638978614366,-2.917210079751504,1.9472048321441638e-07
0.07797530152243645,0.05147638978614366,-2.4217555633052177,1.934599459745348e-07
0.07797530152243645,0.05147638978614366,-2.6075317602221686,1.9408005123957798e-07
0.07797530152243645,0.05147638978614366,-2.319970936670229,1.9301132299026385e-07
0.07797530152243645,0.05147638978614366,-0.5397914416236067,1.369737068003776e-07
0.07797530152243645,0.05147638978614366,-1.9190106797609692,1.9006903754892283e-07
0.07797530152243645,0.05147638978614366,-2.787374148980997,1.944986165957695e-07
0.07797530152243645,0.05147638978614366,-2.6761851179838034,1.9425758595836846e-07
0.07797530152243645,0.05147638978614366,-2.984838190649303,1.948153003872037e-07
0.07797530152243645,0.05147638978614366,-2.371445650993148,1.9324933975448943e-07
0.07797530152243645,0.05147638978614366,-1.5361014232711743,1.8421702856739488e-07
0.07797530152243645,0.05147638978614366,-0.9853534834317976,1.6531087304618847e-07
0.07797530152243645,0.05147638978614366,-2.556259801082578,1.9393087538899367e-07
0.07797530152243645,0.05147638978614366,-1.9110698463763982,1.899849994486417e-07
0.07797530152243645,0.05147638978614366,-2.4882857535088236,1.937084131767433e-07
0.07797530152243645,0.05147638978614366,-2.754189215157151,1.9443214265480132e-07
0.07797530152243645,0.05147638978614366,-1.4310997609443217,1.817773924924123e-07
0.07797530152243645,0.05147638978614366,-2.576655097049995,1.9399202587076686e-07
0.07797530152243645,0.05147638978614366,-1.8214212208124925,1.8894394410889827e-07
0.07797530152243645,0.05147638978614366,-1.9144285843410551,1.900206987393539e-07
0.07797530152243645,0.05147638978614366,-2.629540735891853,1.941396047688381e-07
0.07797530152243645,0.05147638978614366,-2.7632250151347932,1.944506772728569e-07
0.07797530152243645,0.05147638978614366,-1.4249084816160218,1.8161930958597e-07
0.07797530152243645,0.05147638978614366,-2.308738402150626,1.92956130946558e-07
0.07797530152243645,0.05147638978614366,-1.6309122711385895,1.8606498569413846e-07
0.07797530152243645,0.05147638978614366,-2.8543335422428138,1.946201500725543e-07
0.07797530152243645,0.05147638978614366,-2.4250332138379354,1.9347296059283983e-07
0.07797530152243645,0.05147638978614366,-2.8785307447170507,1.946602497287919e-07
0.07797530152243645,0.05147638978614366,-0.3576909055274049,1.2334901540116442e-07
0.07797530152243645,0.05147638978614366,-2.541896441058051,1.9388631303845452e-07
0.07797530152243645,0.05147638978614366,-2.7539980376681514,1.9443174691233843e-07
0.07797530152243645,0.05147638978614366,-0.1431345762767786,1.0883984446899627e-07
0.07797530152243645,0.05147638978614366,-2.26882280902537,1.9274994153941088e-07
0.07797530152243645,0.05147638978614366,-1.3567760502900792,1.7976610299997133e-07
0.07797530152243645,0.05147638978614366,-1.8827582798031155,1.896749364946393e-07
0.07797530152243645,0.05147638978614366,-1.531335191658409,1.8411567894851885e-07
0.07797530152243645,0.05147638978614366,-2.541271172545835,1.9388434438930857e-07
0.07797530152243645,0.05147638978614366,-1.1337310266341643,1.7205331155496273e-07
0.07797530152243645,0.05147638978614366,-1.2900157065123505,1.7773564827583442e-07
0.07797530152243645,0.05147638978614366,-1.9918902541533343,1.9078412176549963e-07
0.07797530152243645,0.05147638978614366,-2.167630681161615,1.921496821381208e-07
0.07797530152243645,0.05147638978614366,-2.6489684041116837,1.9419006767963454e-07
0.07797530152243645,0.05147638978614366,-0.3478663171510763,1.2262508742494491e-07
0.07797530152243645,0.05147638978614366,-1.479659892169173,1.8296086902526267e-07
0.07797530152243645,0.05147638978614366,-0.559355788192565,1.384191639431448e-07
0.07797530152243645,0.05147638978614366,-1.1613218873739206,1.7315753085932613e-07
0.07797530152243645,0.05147638978614366,-1.69044067368221,1.870744624894111e-07
0.07797530152243645,0.05147638978614366,-0.9035447740444487,1.6098981088617443e-07
0.07797530152243645,0.05147638978614366,-1.9401234859203453,1.9028644252431737e-07
0.07797530152243645,0.05147638978614366,-2.931376354492465,1.9474141238008557e-07
0.07797530152243645,0.05147638978614366,-1.24885036646153,1.7637006740697065e-07
0.07797530152243645,0.05147638978614366,-2.593042425864783,1.9403941047656333e-07
0.07797530152243645,0.05147638978614366,-1.7912844548041584,1.8855295728790429e-07
0.07797530152243645,0.05147638978614366,-0.02385230838406871,1.0279199112854307e-07
0.07797530152243645,0.05147638978614366,-2.0430005606138346,1.9122968703724428e-07
0.07797530152243645,0.05147638978614366,-1.2197990427677246,1.753514995993796e-07
0.07797530152243645,0.05147638978614366,-0.2182295188911949,1.1351974605137467e-07
0.07797530152243645,0.05147638978614366,-1.902829917136133,1.8989645570664748e-07
0.07797530152243645,0.05147638978614366,-2.452490669751269,1.9357876493603695e-07
0.07797530152243645,0.05147638978614366,-2.7256439555250664,1.9437136450943437e-07
0.07797530152243645,0.05147638978614366,-2.1514662490638266,1.920424361790118e-07
0.07797530152243645,0.05147638978614366,-1.7444033565572052,1.8789963383976294e-07
0.07797530152243645,0.05147638978614366,-0.866195934760583,1.5887250747276544e-07
0.07797530152243645,0.05147638978614366,-2.4587975191312186,1.9360227385599503e-07
0.07797530152243645,0.05147638978614366,-1.9266516247847967,1.9014872172914622e-07
0.07797530152243645,0.05147638978614366,-1.374324763792745,1.8026383678341335e-07
0.07797530152243645,0.05147638978614366,-0.6734389667076175,1.4658363637804561e-07
0.07797530152243645,0.05147638978614366,-1.6148111736454254,1.8577278226756313e-07
0.07797530152243645,0.05147638978614366,-1.2454297397090275,1.76252531133175e-07
0.07797530152243645,0.05147638978614366,-2.8350555324152786,1.9458679677275882e-07
0.07797530152243645,0.05147638978614366,-0.7704308342853032,1.5303989583068327e-07
0.07797530152243645,0.05147638978614366,-1.8956525887014406,1.898182026068251e-07
0.07797530152243645,0.05147638978614366,-0.8123957149350822,1.556658440821857e-07
0.07797530152243645,0.05147638978614366,-2.852063695082044,1.9461628883799332e-07
0.07797530152243645,0.05147638978614366,-1.0652585540783903,1.6911369326873138e-07
0.07797530152243645,0.05147638978614366,-1.2127894133219694,1.7509875565526716e-07
0.07797530152243645,0.05147638978614366,-2.990760092713776,1.948230126064472e-07
0.07797530152243645,0.05147638978614366,-2.9001753696607,1.946945245099915e-07
0.07797530152243645,0.05147638978614366,-2.117096420393911,1.918029855161087e-07
0.07797530152243645,0.05147638978614366,-2.4410855027561498,1.9353550660898554e-07
0.07797530152243645,0.05147638978614366,-1.5853578242548245,1.852159512577241e-07
0.07797530152243645,0.05147638978614366,-2.575037510436153,1.939872650761915e-07
0.07797530152243645,0.05147638978614366,-1.69252222360955,1.871078252908047e-07
0.07797530152243645,0.05147638978614366,-2.119651420140446,1.918213362771723e-07
0.07797530152243645,0.05147638978614366,-1.5676478030139167,1.8486678304942026e-07
0.07797530152243645,0.05147638978614366,-1.5790250723592862,1.850923563744718e-07
0.07797530152243645,0.05147638978614366,-2.1824187507003208,1.9224490693828634e-07
0.07797530152243645,0.05147638978614366,-0.038109820820617646,1.0340882743894141e-07
0.07797530152243645,0.05147638978614366,-1.4372041089845107,1.8193163198161272e-07
0.07797530152243645,0.05147638978614366,-2.8158301751569597,1.9455224100103426e-07
0.07797530152243645,0.05147638978614366,-1.5700448141081949,1.8491468739895957e-07
0.07797530152243645,0.05147638978614366,-1.980979571638346,1.906832559359461e-07
0.07797530152243645,0.05147638978614366,-1.2264422155241679,1.755885072742433e-07
0.07797530152243645,0.05147638978614366,-2.0978186465034883,1.916615816831968e-07
0.07797530152243645,0.05147638978614366,-2.0259135808809647,1.91085534629141e-07
0.07797530152243645,0.05147638978614366,-1.504754821530404,1.8353467542789637e-07
0.07797530152243645,0.05147638978614366,-2.2183982442295496,1.9246552736590553e-07
0.07797530152243645,0.05147638978614366,-1.8980264922243235,1.8984420194663627e-07
0.07797530152243645,0.05147638978614366,-2.9733738159614833,1.948001097822555e-07
0.07797530152243645,0.05147638978614366,-2.6476042131163346,1.9418658702955685e-07
0.07797530152243645,0.05147638978614366,-1.8831667988719887,1.8967952893363148e-07
0.07797530152243645,0.05147638978614366,-2.1599007592361783,1.9209881384891332e-07
0.07797530152243645,0.05147638978614366,-0.9001106486191524,1.6079889865887724e-07
0.07797530152243645,0.05147638978614366,-0.15227343977771524,1.0937827741810871e-07
0.07797530152243645,0.05147638978614366,-2.923560899463519,1.9472993868135374e-07
0.07797530152243645,0.05147638978614366,-1.1077011798275829,1.7096971121639035e-07
0.07797530152243645,0.05147638978614366,-1.9899848430672482,1.9076665730913143e-07
0.07797530152243645,0.05147638978614366,-2.9975264724668564,1.948317142546339e-07
0.07797530152243645,0.05147638978614366,-1.8576844059110784,1.8938621668059104e-07
0.07797530152243645,0.05147638978614366,-0.9578444243666304,1.6390648332958655e-07
0.07797530152243645,0.05147638978614366,-1.2830868591725897,1.775120319331512e-07
0.07797530152243645,0.05147638978614366,-1.9500492969175787,1.9038569074491138e-07
0.07797530152243645,0.05147638978614366,-1.9928427671434228,1.9079282852635841e-07
0.07797530152243645,0.05147638978614366,-0.3335317941153302,1.2157489399386644e-07
0.07797530152243645,0.05147638978614366,-2.350096566060164,1.9315351593944016e-07
0.07797530152243645,0.05147638978614366,-1.1221352550855073,1.7157565839335565e-07
0.07797530152243645,0.05147638978614366,-0.439492456597387,1.29460982944462e-07
0.07797530152243645,0.05147638978614366,-2.186061739550081,1.9226795040031562e-07
0.07797530152243645,0.05147638978614366,-1.6965528310442026,1.8717206847198207e-07
0.07797530152243645,0.05147638978614366,-0.5969784119883803,1.4116691016753745e-07
0.07797530152243645,0.05147638978614366,-2.5444127972496347,1.9389421131175138e-07
0.07797530152243645,0.05147638978614366,-1.535374526841385,1.8420162659779055e-07
0.07797530152243645,0.05147638978614366,-2.692385261994148,1.942960852193781e-07
0.07797530152243645,0.05147638978614366,-2.1686524118034836,1.92156349210635e-07
0.07797530152243645,0.05147638978614366,-2.543681452201921,1.938919198143853e-07
0.07797530152243645,0.05147638978614366,-2.6031326103365355,1.9406783464295375e-07
0.07797530152243645,0.05147638978614366,-1.207251268332804,1.7489712328281327e-07
0.07797530152243645,0.05147638978614366,-0.24553649136534617,1.153485216929692e-07
0.07797530152243645,0.05147638978614366,-1.4931648195445946,1.8327277191332997e-07
0.07797530152243645,0.05147638978614366,-2.1209333917733817,1.918305098419337e-07
0.07797530152243645,0.05147638978614366,-2.1028422959589808,1.9169893677915144e-07
0.07797530152243645,0.05147638978614366,-1.91713685501094,1.900493201241856e-07
0.07797530152243645,0.05147638978614366,-2.6197421038866855,1.9411340984375918e-07
0.07797530152243645,0.05147638978614366,-1.2302445830796298,1.757230653626409e-07
0.07797530152243645,0.05147638978614366,-1.338999836963217,1.7924694465925937e-07
0.07797530152243645,0.05147638978614366,-2.0085158231859985,1.9093384952283616e-07
0.07797530152243645,0.05147638978614366,-0.5862136179177906,1.403854719902938e-07
0.07797530152243645,0.05147638978614366,-2.123592470612181,1.9184946573943028e-07
0.07797530152243645,0.05147638978614366,-2.28772826116243,1.92849597584866e-07
0.07797530152243645,0.05147638978614366,-2.8389761428581215,1.9459368353175605e-07
0.07797530152243645,0.05147638978614366,-2.2253750374113053,1.9250655708413152e-07
0.07797530152243645,0.05147638978614366,-0.812286505994535,1.5565915001055805e-07
0.07797530152243645,0.05147638978614366,-2.987397406682149,1.9481864444414514e-07
0.07797530152243645,0.05147638978614366,-1.3329573828419603,1.7906698274959442e-07
0.07797530152243645,0.05147638978614366,-2.919581958725596,1.947240285554895e-07
0.07797530152243645,0.05147638978614366,-1.702950791521058,1.8727307920590604e-07
0.07797530152243645,0.05147638978614366,-0.5088887516405505,1.3467263194910618e-07
0.07797530152243645,0.05147638978614366,-2.7891160665175265,1.9450198672548492e-07
0.07797530152243645,0.05147638978614366,-2.361500596246007,1.9320519896882672e-07
0.07797530152243645,0.05147638978614366,-1.759877290445024,1.881215580272818e-07
0.07797530152243645,0.05147638978614366,-2.246161520450465,1.9262556043026114e-07
0.07797530152243645,0.05147638978614366,-1.6335029885731607,1.8611121700222053e-07
0.07797530152243645,0.05147638978614366,-2.8790560795806033,1.946610991520603e-07
0.07797530152243645,0.05147638978614366,-2.533386819293461,1.9385931172190316e-07
0.07797530152243645,0.05147638978614366,-0.838890047672793,1.5726785002313082e-07
0.07797530152243645,0.05147638978614366,-1.2571703851133416,1.7665331855096672e-07
0.07797530152243645,0.05147638978614366,-2.581699849830544,1.9400677627602165e-07
0.07797530152243645,0.05147638978614366,-2.102406111495401,1.9169570765243866e-07
0.07797530152243645,0.05147638978614366,-1.4223726476670495,1.815540797420609e-07
0.07797530152243645,0.05147638978614366,-2.1935426694308733,1.9231476456607855e-07
0.07797530152243645,0.05147638978614366,-0.9654669212731601,1.6430055218181387e-07
0.07797530152243645,0.05147638978614366,-2.63330435316637,1.941495323275149e-07
0.07797530152243645,0.05147638978614366,-1.7647507903244892,1.8819015169842765e-07
0.07797530152243645,0.05147638978614366,-1.8927502850267717,1.8978625795876595e-07
0.07797530152243645,0.05147638978614366,-1.6777374373785774,1.8686809285269128e-07
0.07797530152243645,0.05147638978614366,-1.7986387474680186,1.8865039897992098e-07
0.07797530152243645,0.05147638978614366,-0.9675114686806694,1.6440560860307952e-07
0.07797530152243645,0.05147638978614366,-2.507762016562955,1.9377522035845328e-07
0.07797530152243645,0.05147638978614366,-2.4833203782281754,1.9369096827065328e-07
0.07797530152243645,0.05147638978614366,-1.2557096830159225,1.766038587567444e-07
0.07797530152243645,0.05147638978614366,-1.3297718655367736,1.7897138792171354e-07
0.07797530152243645,0.05147638978614366,-2.5610285197994376,1.9394539398516767e-07
0.07797530152243645,0.05147638978614366,-1.0159487247753465,1.6681525307917542e-07
0.07797530152243645,0.05147638978614366,-2.7135407161858116,1.9434454050780298e-07
0.07797530152243645,0.05147638978614366,-1.8974729825930965,1.8983815020819683e-07
0.07797530152243645,0.05147638978614366,-0.47687465546992547,1.3227257748125038e-07
0.07797530152243645,0.05147638978614366,-1.648425588540322,1.86373347644192e-07
0.07797530152243645,0.05147638978614366,-1.2884950887854094,1.7768678601099874e-07
0.07797530152243645,0.05147638978614366,-2.8239657924479813,1.9456702482059666e-07
0.07797530152243645,0.05147638978614366,-2.3794341556473695,1.932841804198765e-07
0.07797530152243645,0.05147638978614366,-2.5414452442036732,1.9388489269474839e-07
0.07797530152243645,0.05147638978614366,-0.14114408808883105,1.0872382601242082e-07
