x_1,x_2,eta,WQ
0.07143582522660594,0.2717510614876968,0.7375177692551764,1.7334784543713441e-09
0.07143582522660594,0.6131805398771323,0.7375177692551764,2.2025112958254237e-11
0.07143582522660594,0.06113226523516796,0.7375177692551764,1.0371985806698444e-07
0.07143582522660594,0.6804006766058351,0.7375177692551764,7.588963270096751e-12
0.07143582522660594,0.13238521117868665,0.7375177692551764,1.4957202682111292e-08
0.07143582522660594,0.5107796880562435,0.7375177692551764,8.978368252514634e-11
0.07143582522660594,0.103335101394496,0.7375177692551764,2.8456088557131774e-08
0.07143582522660594,0.7327698319343189,0.7375177692551764,2.9192470637248207e-12
0.07143582522660594,0.11826567284798101,0.7375177692551764,2.011802011784624e-08
0.07143582522660594,0.0485410018795753,0.7375177692551764,1.7926764103245003e-07
0.07143582522660594,0.15631680642718856,0.7375177692551764,9.54367227638833e-09
0.07143582522660594,0.025120638055977,0.7375177692551764,8.337254907445911e-07
0.07143582522660594,0.6162974841889497,0.7375177692551764,2.1029766207763046e-11
0.07143582522660594,0.04368406545567713,0.7375177692551764,2.293246622122749e-07
0.07143582522660594,0.1511967274195257,0.7375177692551764,1.045932069481345e-08
0.07143582522660594,0.8623791349074653,0.7375177692551764,1.0795375901953792e-13
0.07143582522660594,0.967839410539164,0.7375177692551764,1.6945008918900379e-16
0.07143582522660594,0.1986704233543474,0.7375177692551764,4.7944818283316105e-09
0.07143582522660594,0.6249670807700202,0.7375177692551764,1.8461920219698967e-11
0.07143582522660594,0.082717096170934,0.7375177692551764,4.9719879310964683e-08
0.07143582522660594,0.3188885262480806,0.7375177692551764,9.521301036039264e-10
0.07143582522660594,0.7713695734532483,0.7375177692551764,1.3043272973530233e-12
0.07143582522660594,0.26031698735743203,0.7375177692551764,2.01466592460665e-09
0.07143582522660594,0.31174788988228286,0.7375177692551764,1.0408240524377025e-09
0.07143582522660594,0.00987724080477334,0.7375177692551764,8.861207241798992e-06
0.07143582522660594,0.1354867471608913,0.7375177692551764,1.4064398039625863e-08
0.07143582522660594,0.021034307507172167,0.7375177692551764,1.2742664140960071e-06
0.07143582522660594,0.10801934500569563,0.7375177692551764,2.54120367570758e-08
0.07143582522660594,0.1210083449618373,0.7375177692551764,1.8951613023695855e-08
0.07143582522660594,0.5395304244250794,0.7375177692551764,6.168546474323626e-11
0.07143582522660594,0.010055874145737526,0.7375177692551764,8.444250409872131e-06
0.07143582522660594,0.18007220652022757,0.7375177692551764,6.402602469063285e-09
0.07143582522660594,0.11279554950251583,0.7375177692551764,2.274025696801151e-08
0.07143582522660594,0.36008409552261944,0.7375177692551764,5.739314563023336e-10
0.07143582522660594,0.12944753091820557,0.7375177692551764,1.587277004823558e-08
0.07143582522660594,0.010887162775596468,0.7375177692551764,6.826240509201355e-06
0.07143582522660594,0.724778300395766,0.7375177692551764,3.4096108874105475e-12
0.07143582522660594,0.5234952718850493,0.7375177692551764,7.616443628787562e-11
0.07143582522660594,0.7211895621982909,0.7375177692551764,3.651936187990999e-12
0.07143582522660594,0.17213911516208216,0.7375177692551764,7.285665118612365e-09
