Theta,WQ
2.684733476058579,1.408802944886695e-10
0.2847039604858899,2.354431216151807e-10
2.9955613063395887,4.681127164363717e-10
0.7529743017047525,7.714006549087442e-11
2.9793786593467813,4.2071794856920335e-10
0.4464277339404847,1.4459596766131898e-10
1.7843923337867895,3.6805793939930624e-11
1.1243426684463311,4.527783931063462e-11
0.6037047591314845,1.0172974422959459e-10
1.6631137774325133,3.4863638898507346e-11
2.6576039681438863,1.3193734391086323e-10
3.0362873596690156,6.513602555180554e-10
2.635768335526645,1.2540837194425658e-10
0.07150811464107866,9.611235548060804e-10
0.6229008311392052,9.792635016772331e-11
2.5607821528564725,1.0658166909487326e-10
1.9962654144006038,4.42302620036852e-11
0.1346238366324361,5.08317920615299e-10
0.3179550615784776,2.0945563659700784e-10
0.06661431745338658,1.0319643303601194e-09
0.7910450666211577,7.233923238341371e-11
2.446950795518105,8.551793859040463e-11
0.1939323595252789,3.5059754442309636e-10
1.905610542152918,4.0381733540258954e-11
1.466358823158411,3.4987371526989945e-11
2.9720500013380553,4.0220846578430333e-10
1.4532750809936859,3.5138253743868e-11
2.6732031955345574,1.3695813145619298e-10
1.9266711739520264,4.11815605797481e-11
1.514129596031366,3.45885826364684e-11
2.8615225442168337,2.395425232886787e-10
0.4294646447761634,1.5100777828065222e-10
2.780555117772337,1.827342238268958e-10
0.058551647961504284,1.1744622849587347e-09
1.676080845359529,3.4996594475423014e-11
2.2913730190698454,6.575355613140196e-11
1.1663157820189527,4.324327677801798e-11
0.4996866101409433,1.271883563020091e-10
0.1500746853945995,4.5532013947280413e-10
1.6274527639244598,3.458852230817031e-11
0.9071889531328825,6.027472461697833e-11
0.6200563978818029,9.84756024644293e-11
1.572110247110127,3.4422735689346775e-11
0.3586214203737445,1.8406776281679123e-10
0.16155696728469357,4.224586716239407e-10
3.0201468560731115,5.641064983503185e-10
0.9654803332269923,5.541405756313333e-11
0.11422340276023675,6.001142299255197e-10
2.4797084874960214,9.08593450668786e-11
0.23495095146799652,2.877197640495565e-10
2.132353006746948,5.220007898152088e-11
0.44542636131898217,1.449614396336489e-10
2.719585306810036,1.5398314136066762e-10
2.3353970851134296,7.055727062563616e-11
1.4013769267879599,3.5915468381469944e-11
0.18113253851471284,3.759677312026975e-10
3.1251956349213663,4.198270736626273e-09
0.7266230224996155,8.075947609808702e-11
0.23912704162558746,2.8251163214216086e-10
3.0732748776811754,1.0061559919055895e-09
0.5286214001526246,1.191439631089787e-10
0.5302712854558536,1.1871061457787825e-10
1.8526881962925081,3.8610195076134026e-11
2.429543751113288,8.287563807408693e-11
2.708945531123055,1.4976804559310927e-10
0.5599902454707523,1.113241717577391e-10
0.6110902547779463,1.0023918588871901e-10
3.0239757799662876,5.826475600906574e-10
0.07051158472577079,9.747528910389362e-10
1.3911070147391587,3.610347507160694e-11
2.7727617598979855,1.785481093930574e-10
0.3225599822027245,2.0626880158099254e-10
0.5524629811823224,1.1312301564714604e-10
0.8461596954668053,6.61745320239774e-11
3.0604028990026673,8.460960368210277e-10
2.8490496919034953,2.2879739841133374e-10
2.867440541559012,2.4497499613167547e-10
0.32508265619575527,2.0456023579411011e-10
2.787942850220456,1.8686727261239396e-10
0.6148748269295705,9.948873959999971e-11
1.425715971134873,3.551522850277245e-11
2.89980491026019,2.792856698354853e-10
0.16048129860725913,4.2533905737532206e-10
2.2869342964846084,6.52981832380324e-11
0.31510917277012807,2.11470447031067e-10
2.0107043360891677,4.494443711910621e-11
3.073805007373866,1.014048938167265e-09
0.20333433719910496,3.3397496748700875e-10
0.5098515558853453,1.2426274248528434e-10
1.195767037993379,4.1957499990014755e-11
2.309788630811714,6.769804241300195e-11
2.65031970336411,1.2969754130384745e-10
2.349319352425731,7.219216156922824e-11
0.2233650055302341,3.031716923878581e-10
3.006181482012535,5.053267297168672e-10
1.0285190073943329,5.0892229616818604e-11
1.2242839663821399,4.081917724803403e-11
2.883965345475857,2.6143692743470897e-10
0.7489111777090349,7.768154594215117e-11
0.5496137795863972,1.1381622101677541e-10
0.5460143526731591,1.1470185891424101e-10
2.5058276098905576,9.550158541391404e-11
0.0934884045951405,7.342649887438194e-10
1.6675426777750837,3.4907068806820395e-11
1.1659233795431605,4.326118270850614e-11
2.0458937986804133,4.680939060897502e-11
3.037553943632733,6.593481109298166e-10
2.919092800871942,3.0438909145082144e-10
2.80548316054456,1.9738482506500363e-10
2.7011502891388535,1.4680418076150773e-10
1.297391066746103,3.835696845005077e-11
1.9505927117330795,4.2157922959430044e-11
3.079692713898639,1.1107840822978432e-09
2.7719933879898626,1.7814464010295967e-10
1.96594289588188,4.282341046189574e-11
0.7774817932408118,7.399490442286517e-11
0.1211533762881976,5.654813666677902e-10
2.00000857072773,4.4412618636428883e-11
0.720147524702334,8.168925098361307e-11
0.056665929336417044,1.2136336386012468e-09
2.869517583989718,2.4693645631644963e-10
2.2123099168171714,5.834958528669592e-11
0.09942682429041384,6.901469878716262e-10
0.9514269600377815,5.652265030829892e-11
2.766723959629427,1.754207934664274e-10
2.856339121380751,2.34965574605526e-10
0.8497761418178497,6.57993335521426e-11
2.4550782127023925,8.679670215333626e-11
0.013852682823308341,4.9694987249681e-09
2.8045657759040683,1.9680842447395917e-10
2.695584055071647,1.4474874822303903e-10
0.08892515420744174,7.721579701160651e-10
2.78348105948982,1.8435138003171057e-10
2.7679515049532513,1.760486929023781e-10
2.4216462299432706,8.171839112311256e-11
0.21639565094386437,3.1325114689119463e-10
1.6860253251149118,3.511051762835333e-11
1.2864735923210624,3.868427471623761e-11
2.9727734906523615,4.039648556100571e-10
0.12986725415294437,5.271557381175407e-10
1.7058082842860802,3.536816732043406e-11
3.00652548786525,5.066293893607751e-10
0.42062246351972116,1.545468591400126e-10
2.9303810353243978,3.211737340973024e-10
3.0605932912565854,8.480935327376596e-10
2.0446056200508966,4.673792993139793e-11
3.0118414387868673,5.276324579130816e-10
1.122125712275209,4.539213950402487e-11
0.7794545952236968,7.375043307126546e-11
0.475803983405691,1.3453234452118899e-10
1.6059808109156417,3.4486586508427354e-11
2.27595321982894,6.419311922428136e-11
0.8191837491009767,6.908382759993682e-11
0.031457667385704303,2.1877842932218478e-09
1.731572232224953,3.576605508333605e-11
3.1194248836101783,3.1051394786713664e-09
2.112916921135546,5.0881857378131576e-11
3.0098755252386598,5.196687891782589e-10
0.17787671966326457,3.8299717290144056e-10
2.2513395019480065,6.18232901249414e-11
2.5098137563186205,9.624273082771339e-11
0.18192383213753482,3.7429692341404304e-10
2.7089564458991693,1.4977226747885851e-10
0.28682226645232783,2.3361227398640274e-10
2.906355840690092,2.8735745893793384e-10
1.3524568082009372,3.6914134492057435e-11
1.1856218979835838,4.238757179139945e-11
0.7693279564917677,7.501884212292383e-11
2.9417081123835302,3.398947254636468e-10
1.679393967990588,3.503339414510597e-11
3.0476308889898176,7.30544359407975e-10
2.9145626361038,2.981158587125898e-10
0.150769490547933,4.5319047279212633e-10
3.0169596205768037,5.495375598824795e-10
0.8199340327401536,6.900019424875603e-11
2.804753499280954,1.9692612455893162e-10
3.085151697972183,1.218481509546811e-09
2.659206725311325,1.324388620987076e-10
0.6029192737088475,1.0189034002428195e-10
3.075599050632869,1.0416991984993492e-09
1.1471580532025683,4.414177429158506e-11
2.758441895910962,1.7128611017159805e-10
2.4010883840698973,7.882080468592483e-11
2.993566923414874,4.617160237763708e-10
2.812965834968589,2.022029379887905e-10
1.6275498121579555,3.4589091519329527e-11
0.08583525082131295,8.000978565726198e-10
2.813177656252547,2.0234243488362415e-10
1.435712694256088,3.5369176138272577e-11
1.0881943859273608,4.723062786100142e-11
2.9838369861200054,4.3281208335755174e-10
1.291667714753617,3.8526823743669495e-11
0.9248825067943598,5.872466623119756e-11
2.4477618300667556,8.56442269814549e-11
2.7557979679378977,1.70002294952092e-10
1.3311806207549897,3.7430939348008066e-11
0.05894628861816764,1.1665813407965765e-09
1.989800497898305,4.391985547205435e-11
0.4562314445737254,1.41099280881162e-10
0.20753610521503302,3.270273896164621e-10
3.0806411485028415,1.128112181269616e-09
0.358296805756192,1.8424825606942895e-10
1.7416969982349366,3.59418818046511e-11
0.9114362519320081,5.989643205344739e-11
3.0214059262866058,5.700736175393698e-10
0.22955226544690466,2.9472882257200054e-10
0.8736926561784406,6.340172723133701e-11
0.018766310725328857,3.6681270566702498e-09
2.203244175272736,5.75895427617066e-11
1.9317118625386738,4.138123154794597e-11
1.2874179869396973,3.865541261549912e-11
1.8127372995443647,3.7490500879652546e-11
0.6520166276358117,9.257074086870505e-11
0.40272256402144635,1.6216848057046766e-10
0.040331445222451225,1.7060629227995888e-09
1.1754217596947962,4.28335284632766e-11
2.230875521709599,5.996020268890024e-11
2.416673486167458,8.100252488033675e-11
0.35213813782194453,1.8773367016308902e-10
2.6177565089888843,1.2041560492448448e-10
2.3490568551948567,7.216079031305174e-11
0.2582984576693891,2.607281192575559e-10
3.0377710200108776,6.607366218716655e-10
2.8410488262077114,2.2236378826043615e-10
2.4437529424972046,8.502280030627066e-11
0.606087148474153,1.012451046239487e-10
1.8374519818954111,3.816153334400151e-11
2.975528645002281,4.107923026625774e-10
2.7335320064804693,1.59828206850102e-10
0.19718921702810147,3.4466217966043116e-10
1.6389505817508745,3.466276557111627e-11
1.7078686845675832,3.5397384755528396e-11
0.2608312221306066,2.5808547090862344e-10
1.320004950778305,3.772279937217196e-11
1.476408784435712,3.488368273291639e-11
0.1895049260460561,3.5898953415063235e-10
0.30972187246166644,2.153832048214302e-10
0.08872743451498709,7.738876830208794e-10
0.5305390788908118,1.1864052104028928e-10
1.0058587506012675,5.243605480116149e-11
0.4542442255125903,1.4179635596067214e-10
2.463758712789126,8.819562900686844e-11
1.2664817767061236,3.9319887257431156e-11
2.2845752162411377,6.505821544161715e-11
0.7579066747769566,7.649057685244358e-11
1.1911656923638898,4.215090494733681e-11
0.8655386230440346,6.420312693299687e-11
1.9041529195693805,4.0328411053362887e-11
2.91941900143879,3.0485052918767423e-10
1.5232392259334755,3.4539492052019096e-11
0.15563899383676555,4.3879461063598945e-10
2.1106538687916205,5.073254587988921e-11
2.9549494076579594,3.6462315349043046e-10
2.865286981127902,2.429717630491794e-10
2.037590466108584,4.635308671726195e-11
2.466765027340053,8.868831475288983e-11
1.744032875572662,3.5984015525885457e-11
2.521135877563355,9.839799681346731e-11
2.986623629373662,4.4072198679817423e-10
0.8847904167174957,6.233680589830174e-11
2.857408978781541,2.358968844609155e-10
0.7436860675164378,7.83865949054947e-11
1.2870636754995317,3.866622867191407e-11
2.8833675098480143,2.608053710341887e-10
3.122015671368783,3.5161956110149477e-09
1.3705475435345231,3.6514288735239363e-11
0.10798758490532338,6.350604671093237e-10
2.5592438742871466,1.0624418733432726e-10
1.213841176364966,4.1224083180066956e-11
0.27302404866513535,2.460366604472626e-10
0.5859952643058276,1.0545098388375664e-10
0.18251413794656318,3.7305983811246314e-10
0.49494377370332104,1.2859275543216182e-10
0.11609535634206238,5.903532949841211e-10
2.3240201498837543,6.926397228199362e-11
1.4458750610930204,3.523157735025758e-11
0.8093986936587529,7.018933476612726e-11
2.2670103857411927,6.331527436785437e-11
2.9790973766046704,4.1997698762732197e-10
2.9621435305038895,3.7957076263235334e-10
0.1229321835311236,5.572186431170745e-10
2.052125471947031,4.715858846362923e-11
1.9395025121686347,4.169617623146142e-11
0.9664698566343072,5.5337444409204276e-11
2.9533931793187724,3.615384797708253e-10
2.2281472696188294,5.971886428734162e-11
2.828133753966816,2.126551094609267e-10
0.46215115021473246,1.3905686508625307e-10
2.559213728757771,1.0623759082636821e-10
3.0528594394702386,7.738370121678218e-10
2.184939243610474,5.610585283574276e-11
0.3009402061163765,2.2205373591603456e-10
2.2720374577826092,6.380633288258919e-11
2.010877945511606,4.495320167768023e-11
1.9910715696648413,4.398043179835559e-11
0.1317724268169945,5.194481991639947e-10
0.5245148416933026,1.2023389517914273e-10
2.5554805049290175,1.0542571531147874e-10
2.554261774330956,1.0516282015396954e-10
1.388548622099265,3.6152087725424946e-11
2.613648704067583,1.1932264890434887e-10
0.2833110628339142,2.366615836099432e-10
2.186656886843656,5.6242236746142196e-11
0.9763060105345914,5.4586029797952435e-11
0.5003757779937537,1.2698640871999647e-10
2.9396737386104093,3.3637962604810594e-10
0.21760880071512478,3.1145088501289467e-10
0.20302990177185526,3.3448937751539726e-10
2.0494134307211613,4.700590161159529e-11
2.6553611449277086,1.3124086088818349e-10
0.0502848817237317,1.3679521414603392e-09
2.953617789347533,3.619805701830736e-10
2.844644335818312,2.2521312222814716e-10
1.9162841424758996,4.078018675646653e-11
1.7472046322140629,3.604217069278607e-11
3.0504518406694516,7.5328663978254e-10
2.97477816128076,4.0891040347432795e-10
1.7946031383643313,3.704210676924579e-11
0.4897844819407363,1.3015003506560701e-10
0.727543566813252,8.062863390586768e-11
1.7604697448988016,3.6297215478898447e-11
0.20848497419669934,3.254967103075424e-10
2.86170006564165,2.3970220996373954e-10
2.115505563208018,5.10537068828299e-11
0.44434354803382237,1.4535841455406714e-10
2.2935589269534984,6.597968011115001e-11
2.8033274364581016,1.9603518048213143e-10
0.9772308875423684,5.451631526506278e-11
2.652450830185596,1.303462181600575e-10
1.067917345823425,4.8411620450526895e-11
3.034207706645492,6.386519273549959e-10
1.0028104629573718,5.265054062462149e-11
0.2626864193289912,2.5618149796870756e-10
2.5164125998842404,9.74897188313669e-11
3.127195729775202,4.781614304207432e-09
0.41265092050430235,1.5786243885672612e-10
2.5167116624201293,9.754683512606214e-11
2.982517583464435,4.291628746099762e-10
2.06504097700666,4.790100871183587e-11
2.2275606773656595,5.966718711681884e-11
0.03760398694755325,1.829935131284441e-09
2.614752929570876,1.1961484458174872e-10
3.0905671055667616,1.348061805121804e-09
2.621134744714265,1.2132681848253056e-10
0.022821011458118518,3.0162266748682155e-09
2.7348060481416976,1.6038138410012144e-10
0.025102224274924347,2.742021378275617e-09
0.271579467586893,2.474088198619864e-10
1.290168252414098,3.8571954115221024e-11
1.6561239944277648,3.479927027569452e-11
1.9119961488737118,4.061841762474321e-11
0.023883085252827115,2.8820483135333464e-09
2.8925969525740634,2.7088692743310176e-10
2.544065004074531,1.0300363841709811e-10
3.0280418795458934,6.03699778576317e-10
2.9256808348609513,3.1397469638771023e-10
0.43591396213224554,1.4851354918199016e-10
1.3111007697509174,3.796550055926083e-11
1.9893851964247609,4.3900111060600755e-11
0.07038720174580654,9.76481097534735e-10
3.0674013565358744,9.26243292946586e-10
0.15709239996156482,4.346695207387778e-10
2.0831175851801014,4.898335626366128e-11
1.0874056878952572,4.727539027463462e-11
3.125774934764306,4.352053074021838e-09
0.9210870624124551,5.905148504753819e-11
2.669010834595355,1.3557756626701792e-10
0.6375755713449492,9.516791292772276e-11
3.036818033573114,6.546835877307951e-10
2.6152316820069035,1.197418948196967e-10
0.27407383872574687,2.450483859494346e-10
0.8887819466944752,6.19609046529879e-11
2.722951498262632,1.5535958987223208e-10
0.1213904913266835,5.643660243282541e-10
0.22011424994958753,3.0779483175980896e-10
0.08435903560358765,8.141669663190166e-10
0.5090237043894996,1.244968244896193e-10
2.0183978943092824,4.533693486890656e-11
0.30719360724006906,2.1726555205280923e-10
2.224808808311121,5.942575234870466e-11
2.3312498816635316,7.008146520221892e-11
0.5951143519792336,1.0350823456331491e-10
1.5351643866265727,3.448822367285003e-11
0.8427686460390312,6.652945659315562e-11
0.21294366339022472,3.184843859902973e-10
2.232995636655601,6.014887277556223e-11
2.875472963781793,2.5272661776710907e-10
0.5215835498753885,1.210219434563771e-10
0.5384744427367684,1.1659378736717294e-10
1.4343431753252858,3.538855673472119e-11
1.6099827812929568,3.45019650079255e-11
2.054133759624339,4.727236761904657e-11
3.12724903978242,4.799388280322899e-09
2.2056973944858265,5.779353600865514e-11
3.015224103411151,5.419119951926079e-10
1.1827931512900247,4.2509877037538636e-11
0.014589908656800222,4.718357743728032e-09
2.009694894858726,4.489356026201467e-11
1.9208890788417798,4.095646274192209e-11
1.287167192297664,3.8663067099278817e-11
3.0721311407837644,9.895369550913866e-10
0.09834596582132879,6.977815379526687e-10
2.646525679347576,1.2855594865138166e-10
0.21963422611412167,3.084889350107517e-10
0.34909100925591785,1.8950220574838157e-10
0.15523813191207614,4.399458308821133e-10
2.2313737904797653,6.000445503910714e-11
0.7336304079929926,7.977168836739151e-11
3.0349112805721266,6.428960678238413e-10
3.091995288932665,1.3869463745675026e-09
1.8147867640693003,3.754350414875481e-11
1.825747976180605,3.783506959187853e-11
1.0646740063883622,4.86064237295889e-11
0.35981933829214396,1.8340442230177672e-10
2.9408016443270877,3.383197917181059e-10
2.3948251863103587,7.79696121782522e-11
0.26526233173020264,2.5358116057442887e-10
2.5114924841430994,9.655756869875165e-11
2.3624717756382254,7.379169911097683e-11
0.5413639512826067,1.1586278260036662e-10
2.978008676534425,4.1713292979593016e-10
2.7344779339136958,1.602386010546672e-10
2.532773721010328,1.0069388252174696e-10
2.740027276577527,1.6268370903985443e-10
0.014990745973421758,4.59217550278164e-09
0.61672414260845,9.912526520298555e-11
3.129397924315602,5.6452159792175524e-09
2.544637746647048,1.0312303815902606e-10
2.0723951514305856,4.833518399577176e-11
0.052414183575377964,1.3122841339240118e-09
2.229923163988743,5.987577316783638e-11
2.236119023478693,6.042863224906155e-11
2.355651621011538,7.295543850177992e-11
1.4488307280825319,3.519360911841877e-11
2.3886211209383443,7.714043251768047e-11
0.25346807781652475,2.6591164697557624e-10
1.1714778592917712,4.3009639893333665e-11
1.946768459853674,4.199690695355356e-11
2.845357960527576,2.25786675557862e-10
1.1126161157481262,4.58904228445565e-11
1.9102272318989322,4.0552347808854816e-11
0.1195973898107697,5.729096322151695e-10
0.9200807800942167,5.913864923919101e-11
3.0587827729509476,8.294693451616579e-10
0.6961576976201838,8.52826774053259e-11
2.2805892551496085,6.465596364479243e-11
1.5289921372540358,3.4512921026897443e-11
1.5934627509381996,3.444917777578337e-11
0.7317332788550438,8.003725799760956e-11
2.9691608832700527,3.9534028566822233e-10
2.9812036831189705,4.255880759657226e-10
3.0980433239924543,1.5798588973100426e-09
3.105764261870407,1.920707102908072e-09
0.08964231001833009,7.659479346554604e-10
0.3114912893041607,2.1408355078487828e-10
2.8957908810290536,2.7454879537785177e-10
0.03240189392095014,2.123987193583125e-09
0.33347777768369724,1.990554426315627e-10
2.924591135852242,3.1234958616474503e-10
2.529637667350032,1.000669294341978e-10
1.9587900148753037,4.250946508306007e-11
2.7983868113193853,1.9300408832668437e-10
0.4503986018410211,1.431620781779472e-10
2.4897686150425504,9.260464337214749e-11
2.7358688804262004,1.6084541632781282e-10
2.7753866084900585,1.7993875988641208e-10
3.0535794714797215,7.802007616766562e-10
1.6462778151640267,3.47172488856937e-11
0.2896150684773831,2.3123847084068687e-10
0.20451594303131138,3.319927123015563e-10
2.912626597817962,2.955094690434462e-10
0.7055143608505681,8.385250004116554e-11
0.432879177478289,1.496783340623041e-10
2.1295936800794384,5.200896867736198e-11
0.12869835475050553,5.319969534156463e-10
0.4348887522392548,1.48905289225716e-10
0.3003024802479516,2.2255296407222313e-10
0.13764291851896512,4.97032912472217e-10
2.3409564940772674,7.12030907045676e-11
1.8288718062956861,3.79206680902404e-11
0.26146143130089966,2.5743572160098885e-10
1.287030542339971,3.8667240877656715e-11
2.000772359593719,4.445006683678032e-11
2.305897111484688,6.727958716819814e-11
1.621995453854241,3.455808609396401e-11
2.9405908319543745,3.3795552895615667e-10
0.8204409025026047,6.894378429316859e-11
0.48143609279373883,1.327375842913909e-10
0.32684448404817595,2.0338219358503912e-10
2.820140817627304,2.0702757608775596e-10
1.3889732945841398,3.614396923678422e-11
1.1601029928736548,4.352920565578351e-11
2.9705439765746333,3.9859957072203546e-10
0.10411662757033689,6.588511245523836e-10
1.6061657276497596,3.44872605753918e-11
0.05396879686064499,1.274412564476832e-09
3.1072161183792097,2.0018941215963127e-09
2.874617214447861,2.51879041934862e-10
2.5440309956523723,1.0299655559632143e-10
1.5293059993482392,3.45115699883881e-11
2.7944137761917927,1.9062736258540413e-10
1.463400772612043,3.5019908955580445e-11
0.558574505170743,1.1165895393739522e-10
2.989934365487082,4.5049443723598326e-10
1.6642871583326913,3.487494520976663e-11
0.9317444604155244,5.814151625811213e-11
0.05769189234027111,1.1920044251596469e-09
0.7579040182595541,7.649092437127586e-11
2.7356544077762646,1.6075158911841005e-10
0.017237677039283385,3.993489072014974e-09
2.0451237251268983,4.676664170505351e-11
2.969813943503313,3.9687275416017264e-10
0.3463585296889558,1.911137729626601e-10
0.5920498868216784,1.0415467997723194e-10
1.6711129651513412,3.494357457707976e-11
2.710910212788939,1.5053130642260323e-10
1.7691808411460757,3.647513308182448e-11
2.7206001929070993,1.5439590225403583e-10
1.1732764672797469,4.2929068584927883e-11
2.2352122272110484,6.034718848284471e-11
0.08483090613260152,8.096166740213341e-10
1.193852889579924,4.2037623437056666e-11
2.5344541874464066,1.0103240352603107e-10
0.11890472102259543,5.762786703319823e-10
3.1249729681736267,4.142013115030171e-09
2.250399864932833,6.173566000897596e-11
0.16592070633119982,4.111535636701934e-10
1.5334747822469255,3.449459244676872e-11
1.2860500823986378,3.86972516976642e-11
0.03707635234284081,1.856001357314749e-09
1.107255812620725,4.617705716273966e-11
0.9391804548798791,5.752064142898026e-11
0.29691189758566733,2.2524232863647222e-10
2.177626026593686,5.553161948924177e-11
0.3435821242798282,1.9277670535424616e-10
0.3774079046860239,1.7413449847167888e-10
0.5774290333084772,1.0732959147437723e-10
0.5345767248884711,1.1759183881555332e-10
1.7486584935711547,3.6069191627109665e-11
2.6549989672618133,1.3112896757797068e-10
0.08835686650871082,7.771503231004641e-10
0.013481977019885493,5.106159284994045e-09
0.8429617666852153,6.650916221719972e-11
0.4572506087697808,1.4074403459822714e-10
0.8605763896733152,6.469886471953741e-11
2.225428764233354,5.948000092158986e-11
1.274112575123441,3.9071702164352594e-11
3.0275486517803185,6.010664350890498e-10
1.935236518046491,4.152276192987628e-11
0.011220591687399487,6.135363079090359e-09
2.8446270634041113,2.2519927342019991e-10
0.026942631433382526,2.5546368255493786e-09
1.4865836563027552,3.4789474300709986e-11
2.9877401217594417,4.439709358433342e-10
1.4048371741455794,3.5854688524420775e-11
0.3377420807623705,1.96361165686426e-10
1.3957729984662186,3.601664284997633e-11
2.667473418925118,1.350771533535842e-10
2.448736869534051,8.579643699197605e-11
0.6792078875645572,8.797187942543058e-11
3.0600775301012013,8.42703988346068e-10
1.5568904543968192,3.443263166232118e-11
2.358016035881917,7.324367296054127e-11
2.65193073769202,1.3018741249556434e-10
0.1956271493210012,3.474845505236582e-10
1.6428777948276856,3.469127243021596e-11
2.0716386168383267,4.829013247094808e-11
0.29822969706455127,2.24189978646247e-10
3.07010930021072,9.614576133986585e-10
2.2105143285891953,5.819769436076024e-11
0.13000763214398228,5.265801601643908e-10
1.6247875484452041,3.457327209302244e-11
2.596924337645998,1.1503593045111078e-10
1.1974182026225515,4.188876425776851e-11
0.7162320667714005,8.225952408677164e-11
0.2747754295857826,2.4439202826321443e-10
2.660445772091627,1.3282876531194728e-10
2.2292329283368835,5.981470567914654e-11
2.9175480582954574,3.0222190396846765e-10
0.134033606510006,5.10583195822173e-10
2.2836100199877296,6.496044242192472e-11
2.0313357808958252,4.601606455557146e-11
0.09051236268059391,7.585456963758653e-10
2.8201496236634127,2.070336261771588e-10
2.3847721083973625,7.663286623288184e-11
0.7440552789892545,7.833645011012637e-11
0.14932633244417268,4.576359462454054e-10
0.9475752453844548,5.683328316252962e-11
1.3244667752419075,3.760457911818708e-11
1.6710031250381052,3.494243155659356e-11
3.0098122736305086,5.194164885845399e-10
0.6497355104218292,9.297355030536552e-11
3.0818198124945524,1.1504119959776262e-09
1.7771390224328312,3.664494464977346e-11
0.11728624720690067,5.843050929920573e-10
2.8810765947760624,2.584115623037594e-10
2.5976678390495516,1.152211381706833e-10
2.851807086454381,2.3109499983224704e-10
0.2165887531144187,3.1296326110425863e-10
1.069399227369901,4.8323162568379183e-11
1.5716474120892645,3.442268394999045e-11
1.1290986215605159,4.5034992784495855e-11
2.8367981214308835,2.1907985443118887e-10
2.892858440778481,2.7118325430088666e-10
1.4809541026304014,3.484026070875049e-11
1.2351383558183748,4.04127190996744e-11
0.029235797183873646,2.3541579208521965e-09
1.570887473672543,3.442264697807725e-11
1.387398062238141,3.61741814832865e-11
2.2364411630268806,6.045760915353815e-11
1.0194458066340606,5.149978941187637e-11
2.6022859516147165,1.1638246852650591e-10
0.6722970061866915,8.910637421614851e-11
1.5274244406218414,3.451982198612447e-11
1.3099159999622563,3.799847706387852e-11
0.6865487667597101,8.679123897074253e-11
3.117536301017774,2.8612822670822977e-09
0.5788137605246247,1.0702229977655819e-10
2.240165207201494,6.079427370882803e-11
0.3323400386034063,1.9978563779255007e-10
2.833099661093696,2.162943763544482e-10
0.9694172201154558,5.511035782425302e-11
2.4169497971174616,8.104204649886387e-11
2.7345393423092457,1.602653068263906e-10
3.00955293725883,5.183845503000426e-10
0.6176644169206258,9.894126316745029e-11
0.5440069482926866,1.1520065466506251e-10
1.075639522772072,4.795440597221137e-11
0.11205839955452787,6.118081589178561e-10
0.16100962289266837,4.239195601132408e-10
3.103320533049472,1.7979587614555322e-09
0.8433804438431853,6.646519873860579e-11
1.0212530903784836,5.137765359493418e-11
2.8642371012164762,2.420062094379184e-10
0.2999422650310443,2.2283586504219124e-10
1.217295563005944,4.1088629001064744e-11
1.4315063269468462,3.542933592968e-11
0.08289424971014037,8.286212643020072e-10
0.31435361409124774,2.1201132780989845e-10
0.44711234536638456,1.4434700891117158e-10
2.9687520764555257,3.943868203862898e-10
0.6940598207309315,8.560853986426297e-11
0.09595373454018964,7.152885105963986e-10
1.8902452421132048,3.983271173809973e-11
1.966687813962287,4.285649361380279e-11
2.176553555608697,5.5448280535130515e-11
0.17332674794433445,3.932587185914416e-10
0.4311066324973897,1.503659458805143e-10
1.8134123308934977,3.750790610530926e-11
0.8383131313498756,6.700042157548144e-11
1.42415035049533,3.553906600158969e-11
2.721823922368802,1.5489615424036826e-10
0.0329376195361241,2.089416477141914e-09
2.9983717471726226,4.774271246000062e-10
2.131999134993339,5.217549564550961e-11
0.5692253311691392,1.0917952156101697e-10
0.9216225986252948,5.900518514531506e-11
2.988547689011219,4.463502458136872e-10
3.0579043241136707,8.207227435072803e-10
0.932542745301991,5.8074315049665135e-11
2.4600609873471906,8.759545404383035e-11
1.6584385564078918,3.4820019631233656e-11
1.0999613683194347,4.6573872740659007e-11
0.9841901052081982,5.3996862783371705e-11
2.0214265802500675,4.549375759557792e-11
3.064705992389335,8.936514900291527e-10
2.5937751724139244,1.142568063502254e-10
2.7417058261931944,1.6343617754597326e-10
3.0315789010751635,6.23272839100938e-10
0.7896275403983621,7.250955186322736e-11
2.677000614530931,1.382292493140235e-10
0.22051165449867902,3.07222447538222e-10
0.21343947134250185,3.177224711560299e-10
2.305829202678045,6.727232138154023e-11
0.43051016742466536,1.5059855232728775e-10
0.1038290085790128,6.606893533583228e-10
0.46071149995893107,1.3954893982458364e-10
2.2403938664669685,6.081504641748387e-11
0.6539493842407001,9.223158022519413e-11
0.9616487258990767,5.571249614227531e-11
1.8682967291050399,3.9097932791344694e-11
1.1207294601111752,4.5464486604526903e-11
1.2792021395593534,3.891000319089731e-11
0.5357601209826204,1.172873480465291e-10
2.538490071559797,1.0185282586730416e-10
0.43269173887598744,1.4975078988874165e-10
2.7132309363775735,1.5144155412193824e-10
0.7993504787868274,7.135376334212436e-11
2.767009897489922,1.7556669759987923e-10
1.72929909804583,3.57280950804435e-11
2.7215007664111837,1.5476377791009587e-10
0.9052665501108601,6.044725673558312e-11
0.8767878855972265,6.310175482317583e-11
2.8645030602330377,2.4225012947115275e-10
2.0292578786651103,4.590536324075956e-11
1.430977350507251,3.5437034508681706e-11
3.095871912451319,1.5047296089263034e-09
0.5145760101066965,1.2294066592209952e-10
0.06079879804963393,1.130952637985286e-09
1.9898561600021216,4.392250357132985e-11
1.1723187244895368,4.297191857902492e-11
2.0985012746580343,4.9945315506099546e-11
3.083897538395384,1.1919376920779077e-09
2.8469752763368437,2.2709658002592962e-10
2.6377842732372137,1.2598843033652417e-10
1.953639300828805,4.2287553572152e-11
2.1194243015723475,5.1316013175776245e-11
1.7767232116908025,3.663589959590308e-11
0.05537367381564817,1.2420160953204705e-09
0.5915152394145052,1.0426812257610658e-10
2.5074458101267405,9.580137186954285e-11
0.12913327172406092,5.301854801009341e-10
1.7316770134410786,3.5767818242200813e-11
0.020068169419025606,3.4301111752770474e-09
1.676740969088401,3.5003834643609265e-11
2.465324745861039,8.845174269761077e-11
2.980704349966209,4.2424470182331263e-10
3.09548715809106,1.4921549473066883e-09
1.7146942019362685,3.549739776347477e-11
0.5028254239607218,1.2627287733267487e-10
2.3511205354115967,7.24079983222261e-11
0.9753191437414388,5.466059390507078e-11
2.684445369873972,1.4077998101050774e-10
0.5449980129472284,1.1495395713820445e-10
1.7194692323199996,3.557031564411467e-11
3.0365924371061204,6.532667053066778e-10
0.4869065736189593,1.3103243070360986e-10
2.105702904986772,5.0408876310428335e-11
2.00423698771378,4.4620954561140365e-11
0.4821896184070617,1.325005088998003e-10
2.6035034276810705,1.1669180961568637e-10
1.292293726483989,3.850805973709997e-11
0.1760523280347582,3.870486323266855e-10
3.0589114243474675,8.307658778259869e-10
0.4383030301482448,1.476075022757952e-10
2.893910239886692,2.72381393555163e-10
0.6598155615736874,9.121399745443283e-11
1.8258192084229732,3.7837009063987966e-11
0.31606723011729077,2.107882248220908e-10
1.423136732951783,3.555463836855964e-11
2.360927912199621,7.360109281041417e-11
0.24593570545681792,2.7439336346523e-10
0.04938510619237754,1.3929172541743212e-09
0.39804804366771834,1.642674970100674e-10
2.9069219296213507,2.88075771449745e-10
0.6434027830222456,9.410632038236492e-11
0.10483329789493198,6.543144704348367e-10
2.183073418189954,5.595835860822906e-11
2.233064666550406,6.015503241664148e-11
2.6841825514999624,1.4068857803347616e-10
1.8912397823623897,3.986737784386001e-11
2.924202583332645,3.1177400775715553e-10
2.980424418791995,4.2349520458375726e-10
0.21302658100905103,3.183567217667787e-10
0.045508891848004156,1.5117440371132753e-09
0.40478996492324754,1.6125505393069381e-10
0.21893696806308202,3.095024969342216e-10
0.05984903720235602,1.148943875069516e-09
0.24511429203305557,2.7534925750939614e-10
0.864716355909311,6.428484931779132e-11
1.245449182019548,4.0040057797366566e-11
0.1304029197297356,5.249660232942797e-10
1.910182708888117,4.055068985103554e-11
0.21243651859652796,3.192673513489868e-10
0.7823228449179074,7.339723555663589e-11
3.110212386220577,2.19318405874117e-09
0.3202712411351635,2.0784157800059396e-10
2.517043693975041,9.76103098311355e-11
2.565052775075022,1.0752765487357692e-10
2.865414196641846,2.430892485847449e-10
0.16620277170286005,4.104430732559128e-10
1.7416022968152307,3.594018604261362e-11
2.9167096381407314,3.010579275052854e-10
1.0168265847430717,5.1677789238514544e-11
1.467550100643242,3.497452743220775e-11
2.59455930603245,1.1445000282482653e-10
0.0479818410631246,1.43371942153327e-09
0.05411163636141302,1.2710419383005954e-09
2.061643211182405,4.7703229743945244e-11
1.3303339903232225,3.7452555080956366e-11
1.6271690383962305,3.4586863795103193e-11
0.0960967875774588,7.142171836117961e-10
0.4003076137350071,1.632469740929407e-10
2.34595446223564,7.179162921397773e-11
2.464815247733786,8.836829087807924e-11
1.5433825262349712,3.446145762030764e-11
0.10927745908951478,6.275060044065281e-10
2.5321380540181258,1.0056629932103506e-10
3.028000393790401,6.034774089382116e-10
0.4034466655927653,1.6184752893538603e-10
0.9971421775380325,5.305376219747038e-11
0.5007514975872164,1.268765353947176e-10
3.1250240302562537,4.154780542651855e-09
1.9477686278923103,4.203883525858611e-11
1.8082451351432414,3.737598330124796e-11
1.774156032667165,3.658047784697146e-11
0.06399570028226181,1.0743132323078365e-09
1.2374502949928492,4.032802566673765e-11
0.6168481429008628,9.910096866669435e-11
2.8303511861830803,2.1426617453484444e-10
3.1207566021344424,3.3036648869692315e-09
2.5798007875145084,1.1090047839306603e-10
0.49225889579323795,1.293992572965327e-10
2.585502984189135,1.1225049546071516e-10
0.08744451399272372,7.853006146381571e-10
3.0650698550544053,8.97917444137239e-10
2.518987066148256,9.798313574224104e-11
1.9085548042941467,4.0490237826096426e-11
0.20633832174399902,3.2897944700105976e-10
0.07089317013296062,9.694888308637892e-10
0.3694422147133133,1.7822697496170085e-10
2.4129311186104503,8.047017218961486e-11
1.7354339839868627,3.5831816536269736e-11
0.10624723038719977,6.455428676602122e-10
0.7439970333045975,7.834435749527775e-11
1.858224602880476,3.8779921031856826e-11
0.09005934578670874,7.623820756707566e-10
0.9522203846214242,5.645902898601723e-11
0.7648544298755748,7.559001042091543e-11
3.0296800619787896,6.126119122397205e-10
2.8463430517426844,2.2658285771138995e-10
2.996017058632239,4.69598908860448e-10
1.4608466820549508,3.5048742619656075e-11
1.773103327747188,3.6557961068587826e-11
2.701309073232476,1.4686354667558184e-10
2.406917777132499,7.962606114225888e-11
2.707313688791655,1.4913913619262297e-10
0.17418714899720864,3.912775495075525e-10
2.6655109922846725,1.344429046314885e-10
3.0851997953146286,1.2195229538198874e-09
0.9479571823173916,5.6802348425043163e-11
0.5681638111003258,1.0942263644543518e-10
0.6555972945370615,9.194393753506196e-11
2.7102592306372717,1.502776655335395e-10
2.2427880379403096,6.103325384373986e-11
0.3280805997385564,2.0256301196353824e-10
1.3441232991769945,3.711052661820864e-11
1.8724079472828594,3.923118535883185e-11
0.22382239710932764,3.025318209634609e-10
0.7621677687963889,7.593629182392032e-11
2.478821229109483,9.070788851328996e-11
2.660491085452407,1.328430609875666e-10
0.6709645813278385,8.932772700304783e-11
1.078512579770068,4.778665124059623e-11
3.046425747106195,7.212384844421903e-10
2.6884282962977784,1.421776107425564e-10
2.3606073287473506,7.356160958232633e-11
0.6947592281966783,8.549968653475955e-11
1.9706074656574637,4.303178489040528e-11
0.4800858499318874,1.331641830983622e-10
1.2247581571428503,4.0801114994212277e-11
2.005514865863563,4.4684406578598574e-11
0.4287524087469225,1.51287651733568e-10
2.18480626565514,5.609531831381944e-11
0.08997739681116472,7.630801767273776e-10
0.07052595461623037,9.745536245534526e-10
2.4118526160063136,8.03177614589393e-11
2.7086222414600933,1.4964308842393623e-10
0.8246417672078817,6.847905345810159e-11
1.319369692793621,3.773981509616087e-11
0.38577698760917817,1.7001083212161972e-10
0.7362336815284639,7.940948685604154e-11
0.06002800766924704,1.1455101732845153e-09
2.611053420543036,1.1864048071028242e-10
1.1555000862680838,4.3744404616095156e-11
0.012924962191041073,5.326240698897502e-09
1.8558307034015438,3.870609250332972e-11
1.9517779566603513,4.2208211102203855e-11
2.264654043953431,6.308720636757545e-11
0.016379177857436252,4.202844468733866e-09
0.07385550486515696,9.304699547696936e-10
0.39658754260643836,1.6493308922771542e-10
3.127341010610114,4.830364642721407e-09
3.0900730569427903,1.3351119984730446e-09
2.7383254408001605,1.619269662834934e-10
0.22909450707028617,2.953380759383903e-10
0.024532767683277758,2.805695830292896e-09
3.025144175995395,5.88547045278208e-10
0.4149758890802311,1.5688275896973943e-10
2.3851563103642497,7.668329737739762e-11
1.5841533321739463,3.443185895555096e-11
3.0527558524570257,7.729299609840373e-10
2.976170349966737,4.124148549857974e-10
0.9409825708535596,5.737188136067629e-11
0.2552056567457929,2.640248621036584e-10
2.55331972656596,1.0496032573541853e-10
2.130784781289444,5.2091301234643545e-11
0.520515783714258,1.2131111255059519e-10
2.925055360006961,3.130399299135108e-10
3.126597139822448,4.590715210907658e-09
0.015124598922008075,4.551528558854695e-09
0.2454992861373019,2.749004502407352e-10
0.4951553974204688,1.2852954259365548e-10
1.0983469984982024,4.6662754688439066e-11
2.2853651183832717,6.51384072762147e-11
1.5998852546552416,3.446634669057562e-11
2.949223232791163,3.535164052180451e-10
2.7476596272581344,1.661550123532174e-10
1.566374796195787,3.442365599469089e-11
0.06061015525511992,1.1344812621430825e-09
1.6216360056017847,3.455618981103459e-11
2.7886391203016414,1.8726544011213402e-10
1.009404241448832,5.218864193411667e-11
0.3167508088019095,2.103039123163484e-10
0.8238542903550408,6.85657927287932e-11
0.2685201965093924,2.503624416374949e-10
0.08679065311641627,7.912468716271015e-10
0.33077515619411924,2.0079794350485209e-10
2.203116090441097,5.7578926007271425e-11
0.6803160037104167,8.779206395152541e-11
0.19983332690830793,3.3998412844792265e-10
2.9010997864069292,2.80846874222688e-10
3.054293000246603,7.866103257889595e-10
2.242486105768158,6.100566411789805e-11
0.36523939217486967,1.8045576646096326e-10
0.1917652775410301,3.5465727512137113e-10
1.97661770905294,4.330454651981701e-11
1.9168375259818706,4.0801230302354234e-11
2.3334359812387735,7.03316446987649e-11
0.08411890338101624,8.165021380537222e-10
0.17395999847748772,3.9179870277850167e-10
1.868762464275132,3.9112927466222314e-11
0.6019160642329185,1.0209603674769263e-10
1.427525646851174,3.548800070019455e-11
1.9347397646178854,4.1502719521943966e-11
3.131449568461155,6.787178783921776e-09
3.0845679664816563,1.2059819588875943e-09
2.6545289294834267,1.30983989000565e-10
2.831824489463109,2.1534901886200158e-10
1.844282378267195,3.835933968459846e-11
0.8038532126254504,7.082825126591253e-11
0.2783319930711934,2.411145941350776e-10
0.13099481145490494,5.225671784750102e-10
2.358473385525698,7.329963124200712e-11
0.0864409505873057,7.944639210143194e-10
2.9663131158835534,3.8878996291106223e-10
2.451198927926266,8.618265663546795e-11
0.1748248442075971,3.898216496054476e-10
1.7537758730728181,3.616612435022993e-11
1.1436206787283727,4.431316068590771e-11
1.670438169576463,3.4936572488616773e-11
0.9965556084010774,5.309581641260515e-11
2.9142010256513,2.9762572228860004e-10
2.082784956992606,4.896297600320311e-11
2.9489788465932847,3.5305691403555846e-10
2.894703593191012,2.7329176212296507e-10
2.0797385505656765,4.8777137786569424e-11
2.856867165216044,2.3542438117443545e-10
1.2802972948510034,3.887560879366225e-11
1.018405644126072,5.1570336863990954e-11
0.0633477582447528,1.085331482878985e-09
0.6025955563267484,1.0195664260290061e-10
2.9236883379175147,3.1101534689656707e-10
0.34189416070809797,1.9380051952898817e-10
0.32062648703323393,2.0759602793788574e-10
0.24347684022922034,2.772736969506328e-10
2.3320948210081105,7.01779949879793e-11
3.0481224061699574,7.344084532205145e-10
1.6042224264404494,3.448035351999697e-11
2.735825036288635,1.6082622768240028e-10
2.420356049796592,8.153171973826575e-11
2.189886007130395,5.650020919952516e-11
3.1009697199212183,1.6938078107599665e-09
1.493628337622615,3.4730580591730364e-11
1.3017811679532272,3.8229254564111777e-11
2.7580515603990956,1.7109549920003722e-10
2.191513983759072,5.663105070623261e-11
2.9351625620996264,3.288290966546768e-10
0.4778863513355554,1.338640425048277e-10
0.7695942535420562,7.498505379800408e-11
3.093621680562123,1.4340447351469954e-09
0.41599774377562393,1.5645551156614528e-10
1.2755929479067176,3.902435414308508e-11
3.1238368100384704,3.876924160271497e-09
1.680110924588204,3.504150938166018e-11
0.3642630577602107,1.809806462352284e-10
1.9705774282776785,4.303043382072013e-11
0.7245097786632521,8.106109170178788e-11
2.918935489392009,3.041670374372739e-10
0.6190586360032023,9.866942071820455e-11
2.9014674064191244,2.81293122316059e-10
0.03648038736980211,1.886349635812517e-09
2.320680459520245,6.889139907638958e-11
2.434190902041374,8.356852288827859e-11
1.1052817761693072,4.628367246030668e-11
2.861253904135168,2.3930124842006153e-10
3.0483474802358073,7.361914465040058e-10
0.1183125698699625,5.791899388276889e-10
3.058011694995412,8.217819811509433e-10
0.2915389716036403,2.2962905951515712e-10
1.8156026366199003,3.7564736461047e-11
2.099834671094547,5.00305013380588e-11
0.05893433832327804,1.1668184394020698e-09
0.3057734794968135,2.1833617273904887e-10
2.147687612702724,5.3286620866564567e-11
2.397312062288979,7.830587355349957e-11
3.0545332583274343,7.887921272903573e-10
0.02674108905071198,2.5738999069058695e-09
2.077625212928336,4.864908088957552e-11
0.21280705689133858,3.186949263722175e-10
