x_1,x_2,eta,WQ
0.07880337265612275,0.003374922080169495,1.9255883904666011,0.014671685578565019
0.07880337265612275,0.1684056866529181,1.9255883904666011,0.004658732465568059
0.07880337265612275,0.007512416358567286,1.9255883904666011,0.01810595988614903
0.07880337265612275,0.6576403351334621,1.9255883904666011,2.254787526829277e-05
0.07880337265612275,0.5567683248777294,1.9255883904666011,7.531898311073547e-05
0.07880337265612275,0.27046526939362486,1.9255883904666011,0.0013945494682986563
0.07880337265612275,0.0009373896416144441,1.9255883904666011,0.016039394229601878
0.07880337265612275,0.021716453915775834,1.9255883904666011,0.025379608890975618
0.07880337265612275,0.011324167795181249,1.9255883904666011,0.020548891475977233
0.07880337265612275,0.03652249981911703,1.9255883904666011,0.02850644226835677
0.07880337265612275,0.7513757471114271,1.9255883904666011,5.733270849629728e-06
0.07880337265612275,0.036088883763897225,1.9255883904666011,0.028474772411711896
0.07880337265612275,0.058234987348559704,1.9255883904666011,0.02658420102082694
0.07880337265612275,0.573781947966745,1.9255883904666011,6.225003142066789e-05
0.07880337265612275,0.9032869876801126,1.9255883904666011,1.5294362431951018e-07
0.07880337265612275,0.03542123853315583,1.9255883904666011,0.028419722716938364
0.07880337265612275,0.5809324574777642,1.9255883904666011,5.7383517975539355e-05
0.07880337265612275,0.20838833264704695,1.9255883904666011,0.002787375709818503
0.07880337265612275,0.008561958927939288,1.9255883904666011,0.018834684420696874
0.07880337265612275,0.29089706109193614,1.9255883904666011,0.0011276600084990838
0.07880337265612275,0.04805241173470707,1.9255883904666011,0.028246087700705885
0.07880337265612275,0.10714497358598071,1.9255883904666011,0.01282707069462903
0.07880337265612275,0.20529717043332738,1.9255883904666011,0.002893128319757732
0.07880337265612275,0.22099254655658512,1.9255883904666011,0.0024027290942808138
0.07880337265612275,0.5669218868760041,1.9255883904666011,6.725649078845632e-05
0.07880337265612275,0.4317782686911263,1.9255883904666011,0.00027729183583680584
0.07880337265612275,0.056486274721232986,1.9255883904666011,0.02694120160450084
0.07880337265612275,0.08381163375775755,1.9255883904666011,0.01953990720585639
0.07880337265612275,0.004901835445456051,1.9255883904666011,0.016035925636554055
0.07880337265612275,0.01935351424659322,1.9255883904666011,0.024475684493769037
0.07880337265612275,0.6894451983954692,1.9255883904666011,1.4677777649056437e-05
0.07880337265612275,0.0007395583554081053,1.9255883904666011,0.01752357766884686
0.07880337265612275,0.03214325632846557,1.9255883904666011,0.0280263823910015
0.07880337265612275,0.11407135153769132,1.9255883904666011,0.011196091036165826
0.07880337265612275,0.12960218274132487,1.9255883904666011,0.008451382278690002
0.07880337265612275,0.006623875605686306,1.9255883904666011,0.017446950061398254
0.07880337265612275,0.024177330017067497,1.9255883904666011,0.02619732812179099
0.07880337265612275,0.0417979923438994,1.9255883904666011,0.02864355743852961
0.07880337265612275,0.061724078997940836,1.9255883904666011,0.025797923201029836
0.07880337265612275,0.9934226613036399,1.9255883904666011,1.6110253961484872e-11
0.07880337265612275,0.004977133750291789,1.9255883904666011,0.01610143939607228
0.07880337265612275,0.03381600724170687,1.9255883904666011,0.028254185970847754
0.07880337265612275,0.0450084485134577,1.9255883904666011,0.02850568433114107
0.07880337265612275,0.9345183449604428,1.9255883904666011,3.760948703778311e-08
0.07880337265612275,0.008457669757633299,1.9255883904666011,0.018764205695294495
0.07880337265612275,0.028080494681123704,1.9255883904666011,0.0272522232134428
0.07880337265612275,0.004494524940567011,1.9255883904666011,0.01567583290046251
0.07880337265612275,0.48251589556317565,1.9255883904666011,0.0001660050385077349
0.07880337265612275,0.742750869507088,1.9255883904666011,6.601638424535151e-06
0.07880337265612275,0.146435334995381,1.9255883904666011,0.006425938444073915
0.07880337265612275,0.033892204692923006,1.9255883904666011,0.02826315815708029
0.07880337265612275,0.25922239825503557,1.9255883904666011,0.0015713871653451424
0.07880337265612275,0.042260538802088965,1.9255883904666011,0.028633150293398246
0.07880337265612275,0.9078602138165303,1.9255883904666011,1.2823792735302445e-07
0.07880337265612275,0.12032379960851304,1.9255883904666011,0.009958810046801048
0.07880337265612275,0.00025562862158703785,1.9255883904666011,0.026379269953574404
0.07880337265612275,0.04676171607186028,1.9255883904666011,0.028370866003446793
0.07880337265612275,0.06843493239363667,1.9255883904666011,0.024066381637535984
0.07880337265612275,0.39174422633222905,1.9255883904666011,0.00041235694991906827
0.07880337265612275,0.5094440705550073,1.9255883904666011,0.0001254703243236706
0.07880337265612275,0.04003663361560423,1.9255883904666011,0.028650759952813968
0.07880337265612275,0.06356959236361179,1.9255883904666011,0.025346394129522415
0.07880337265612275,0.5906546245624689,1.9255883904666011,5.130274334145736e-05
0.07880337265612275,0.006920463557957427,1.9255883904666011,0.017671992527480983
0.07880337265612275,0.11249602157654533,1.9255883904666011,0.011541086621124182
0.07880337265612275,0.041506223424194355,1.9255883904666011,0.028648366489129072
0.07880337265612275,0.08375871131980553,1.9255883904666011,0.019555952686435354
0.07880337265612275,0.0005608297060343981,1.9255883904666011,0.019599431050503803
0.07880337265612275,0.7618433419133379,1.9255883904666011,4.8056907563201864e-06
0.07880337265612275,0.04886985216520475,1.9255883904666011,0.028155764615355672
0.07880337265612275,0.06864271619098204,1.9255883904666011,0.024009340647657702
0.07880337265612275,0.019244157742851792,1.9255883904666011,0.02443160176178387
0.07880337265612275,0.2926687486883772,1.9255883904666011,0.0011073362983119411
0.07880337265612275,0.05573596843236355,1.9255883904666011,0.027086319562772496
0.07880337265612275,0.31973962315948123,1.9255883904666011,0.0008415971658480515
0.07880337265612275,0.023969856034187914,1.9255883904666011,0.026133395581630418
0.07880337265612275,0.19360239280608843,1.9255883904666011,0.003341861197952688
0.07880337265612275,0.16407338897711812,1.9255883904666011,0.0049503344545104465
0.07880337265612275,0.5879272121547576,1.9255883904666011,5.294894907045892e-05
0.07880337265612275,0.40944824561639437,1.9255883904666011,0.00034616810323171365
0.07880337265612275,0.006311999799725262,1.9255883904666011,0.017205115758771823
0.07880337265612275,0.0035680422733853773,1.9255883904666011,0.014841623423755253
0.07880337265612275,0.33866148331703627,1.9255883904666011,0.0006967381286426946
0.07880337265612275,0.7169452413270131,1.9255883904666011,9.859195948472791e-06
0.07880337265612275,0.4683652029389381,1.9255883904666011,0.00019185504894431542
0.07880337265612275,0.40202256211536513,1.9255883904666011,0.00037255150599081407
0.07880337265612275,0.697560822252412,1.9255883904666011,1.3088305514418552e-05
0.07880337265612275,0.039815609869066015,1.9255883904666011,0.02864780737122344
0.07880337265612275,0.6043724493913721,1.9255883904666011,4.368027232876756e-05
0.07880337265612275,0.1935072138735472,1.9255883904666011,0.00334586232264703
0.07880337265612275,0.00023704710622274132,1.9255883904666011,0.027036316177311486
0.07880337265612275,0.5490412899779524,1.9255883904666011,8.201735727981885e-05
0.07880337265612275,0.2312359653961494,1.9255883904666011,0.002137058500031976
0.07880337265612275,0.29127630938015886,1.9255883904666011,0.001123275171386299
0.07880337265612275,0.05269850468622895,1.9255883904666011,0.027621419117603827
0.07880337265612275,0.5773536899021992,1.9255883904666011,5.977571468359214e-05
0.07880337265612275,0.02345953001944715,1.9255883904666011,0.025972602903851248
0.07880337265612275,0.04627590307484393,1.9255883904666011,0.028412200521043172
0.07880337265612275,0.30115385122908206,1.9255883904666011,0.0010154007700241218
0.07880337265612275,0.057598112395603716,1.9255883904666011,0.02671721133052016
