x_1,x_2,reweight
0.08166552127168906,0.5373032814040349,0.956617699243822
0.08166552127168906,0.07966585660447488,0.950107609973506
0.08166552127168906,0.11073403977880422,0.9435906136566473
0.08166552127168906,0.0634812755861098,0.9559380267587431
0.08166552127168906,0.10134134412972273,0.9449108981266855
0.08166552127168906,0.05326099201384106,0.959343205309937
0.08166552127168906,0.6512111191403721,0.9914018432934245
0.08166552127168906,0.0752350064487441,0.9516322114994492
0.08166552127168906,0.052983818720191596,0.9595082831524662
0.08166552127168906,0.22043372652521687,0.9343085303276395
0.08166552127168906,0.07476372839710851,0.9517943888445426
0.08166552127168906,0.050162084425700096,0.9612256010154288
0.08166552127168906,0.05395251692340668,0.9589493473351113
0.08166552127168906,0.0514811877140854,0.9604363859934939
0.08166552127168906,0.5685105959837351,0.962510103313875
0.08166552127168906,0.0533390220078632,0.9592973805121933
0.08166552127168906,0.05473838331475435,0.958544285225556
0.08166552127168906,0.19796238965033897,0.9341764200814626
0.08166552127168906,0.49136663351217236,0.9512222222206645
0.08166552127168906,0.08884359531827771,0.9482345879487105
0.08166552127168906,0.4618518295738011,0.9493051732944944
0.08166552127168906,0.05272078223695565,0.9596677546927903
0.08166552127168906,0.12688302084553288,0.9403257543882868
0.08166552127168906,0.12374859507358917,0.9405065189952422
0.08166552127168906,0.2490696873416835,0.9356549213881685
0.08166552127168906,0.13539773759870383,0.9396838235428181
0.08166552127168906,0.05073692785344359,0.960890829742285
0.08166552127168906,0.05814238804115031,0.9574940118591349
0.08166552127168906,0.08116824404392041,0.9496911356478511
0.08166552127168906,0.45031419919787086,0.9487764678976892
0.08166552127168906,0.10896266899628468,0.9439057698835924
0.08166552127168906,0.05340436025368787,0.9592592508111574
0.08166552127168906,0.5918298923131116,0.9686715499984968
0.08166552127168906,0.05073479931826494,0.960892101528141
0.08166552127168906,0.23453649538650956,0.9348446600026155
0.08166552127168906,0.056629066429120196,0.9578357185679742
0.08166552127168906,0.05611691673336648,0.9579886735445517
0.08166552127168906,0.2472980645999106,0.9355526562685376
0.08166552127168906,0.06108702016016129,0.9568914067691192
0.08166552127168906,0.36495311607523706,0.9446950723195181
0.08166552127168906,0.1933973495098364,0.9343044219037949
0.08166552127168906,0.4961419564580246,0.9516065340512747
0.08166552127168906,0.06659376635355405,0.9544325689953713
0.08166552127168906,0.27049561318146736,0.937161501071385
0.08166552127168906,0.7034730825374825,1.0223206131285487
0.08166552127168906,0.0563994538141363,0.9579012700979254
0.08166552127168906,0.16632463775248552,0.9359234774552972
0.08166552127168906,0.10426986048220015,0.9444877818972569
0.08166552127168906,0.05372778059883989,0.9590740864309956
0.08166552127168906,0.0638117265775166,0.9557819562487179
0.08166552127168906,0.058068772288934256,0.9575080544882696
0.08166552127168906,0.11855490310352963,0.9415431964541339
0.08166552127168906,0.1491313583123153,0.9376940144757249
0.08166552127168906,0.5198278641967936,0.9540460552131589
0.08166552127168906,0.3120818145093165,0.9408284307364061
0.08166552127168906,0.0960723192871541,0.9462443178494512
0.08166552127168906,0.1260170553365517,0.9403571000290695
0.08166552127168906,0.258617698685458,0.9362682623181363
0.08166552127168906,0.14847631390042618,0.9377626650237785
0.08166552127168906,0.06406452095059825,0.9556604521231887
0.08166552127168906,0.12461924117233582,0.9404285267589038
0.08166552127168906,0.08027356951155878,0.9499365918401116
0.08166552127168906,0.3385062979521342,0.9428849074254004
0.08166552127168906,0.18769144992595355,0.9345516514754455
0.08166552127168906,0.07799405246934332,0.9506468120073539
0.08166552127168906,0.4418738969600442,0.9483502813337304
0.08166552127168906,0.16186583490040773,0.9363817749115924
0.08166552127168906,0.2660145620604507,0.9368243452796886
0.08166552127168906,0.0952214787810085,0.9465101820784115
0.08166552127168906,0.08684300426440636,0.9485662207171904
0.08166552127168906,0.357320680647925,0.9441597195124334
0.08166552127168906,0.054920718946184034,0.9584583525068202
0.08166552127168906,0.3885944507052,0.9460544048554136
0.08166552127168906,0.07194673999504578,0.9526297021571398
0.08166552127168906,0.1433332171374042,0.9383899990063226
0.08166552127168906,0.09498583065428541,0.9465844278025612
0.08166552127168906,0.14948633267815564,0.9376591919404786
0.08166552127168906,0.057227294317504236,0.957684612453157
0.08166552127168906,0.7653525201694859,1.0756925171508978
0.08166552127168906,0.1319910897166649,0.9401086276473418
0.08166552127168906,0.06380675979173114,0.9557843269216466
0.08166552127168906,0.09876100792080146,0.9454721726308978
0.08166552127168906,0.05306428074563559,0.959460016880122
0.08166552127168906,0.05153062133696351,0.9604057178951172
0.08166552127168906,0.1419951444574023,0.9385511665299446
0.08166552127168906,0.06408278196216893,0.9556516166296483
0.08166552127168906,0.05399409647557964,0.9589266579678525
0.08166552127168906,0.06859133958325758,0.953613034462363
0.08166552127168906,0.13803001882753274,0.9391830265693485
0.08166552127168906,0.3780952252387499,0.9455304038662583
0.08166552127168906,0.14690471947865064,0.9379454722681192
0.08166552127168906,0.18723933425058298,0.9345727452214246
0.08166552127168906,0.060848494037887384,0.956960925501004
0.08166552127168906,0.05773672825263689,0.9575738034752155
0.08166552127168906,0.151271960212696,0.9374978784830934
0.08166552127168906,0.06345601340719072,0.9559498063830958
0.08166552127168906,0.3461778853769671,0.943438294380968
0.08166552127168906,0.08161998681755216,0.9495707404078874
0.08166552127168906,0.3139205238842318,0.940985550223783
0.08166552127168906,0.09913580756117038,0.945378225041442
0.08166552127168906,0.08898258394414915,0.9482088379653245
0.08166552127168906,0.2001421403614781,0.9341474474435169
0.08166552127168906,0.076727754225167,0.9510974708323489
0.08166552127168906,0.3548436093473362,0.9439901838753069
0.08166552127168906,0.5857990849074473,0.9669796041827515
0.08166552127168906,0.82198508599422,1.1445512710672041
0.08166552127168906,0.061055948495916126,0.9569007968845739
0.08166552127168906,0.13712440763405614,0.939357041081125
0.08166552127168906,0.05020473431665714,0.9612014448392084
0.08166552127168906,0.1646917955730544,0.9360891821314863
0.08166552127168906,0.06321413110796913,0.9560613409406232
0.08166552127168906,0.5563784129687674,0.9599903346982602
0.08166552127168906,0.20327032963446529,0.9341236532554122
0.08166552127168906,0.22636548223529845,0.9344877944110689
0.08166552127168906,0.06974049713146338,0.9532420729626354
0.08166552127168906,0.05871062431178541,0.9573901320901425
0.08166552127168906,0.3188465864421701,0.9413961125160178
0.08166552127168906,0.4752753301379445,0.950045903565808
0.08166552127168906,0.10884651843309526,0.9439234883222605
0.08166552127168906,0.06874285316231954,0.953560631581284
0.08166552127168906,0.05793226042647489,0.9575345759939645
0.08166552127168906,0.053645798716159106,0.9591204255838751
0.08166552127168906,0.05434048623061269,0.9587428121895563
0.08166552127168906,0.6966657852311396,1.0172216199474653
0.08166552127168906,0.07102737110444612,0.952877366263079
0.08166552127168906,0.054783277992013046,0.9585228184787338
0.08166552127168906,0.25166688243588214,0.9358048418272938
0.08166552127168906,0.29198774025359875,0.9390543238638696
0.08166552127168906,0.11076515934621933,0.9435842080892555
0.08166552127168906,0.7694958441804723,1.0797893615252727
0.08166552127168906,0.09335857629502159,0.9470935766996997
0.08166552127168906,0.05760793104629772,0.9576005510696121
0.08166552127168906,0.0950375294102781,0.9465681290706879
0.08166552127168906,0.16995586416224623,0.9355815208269423
0.08166552127168906,0.12772940177131137,0.9402994584810141
0.08166552127168906,0.06717259380427398,0.9541717992101647
0.08166552127168906,0.07243966487216762,0.9524960681837894
0.08166552127168906,0.06542148591953592,0.9549943386258447
0.08166552127168906,0.05885166473552095,0.9573651500885484
0.08166552127168906,0.5714908251869275,0.9632063643812275
0.08166552127168906,0.3396122062800477,0.9429661354570803
0.08166552127168906,0.06401767849855021,0.9556830831852294
0.08166552127168906,0.06327364027370141,0.9560341208466173
0.08166552127168906,0.11418235048641759,0.9427458030248812
0.08166552127168906,0.1914591982303661,0.9343818267951963
0.08166552127168906,0.08816027193428415,0.9483548279375403
0.08166552127168906,0.1071131477759648,0.9441575183410479
0.08166552127168906,0.4158213314353604,0.947186635835375
0.08166552127168906,0.2898157116844744,0.9388452561241578
0.08166552127168906,0.050861592266059796,0.960816001089967
0.08166552127168906,0.052617543437057886,0.9597309515342647
0.08166552127168906,0.06741542896597771,0.954067115411471
0.08166552127168906,0.055973847039858866,0.9580360206204593
0.08166552127168906,0.05175428506644647,0.9602666067825956
0.08166552127168906,0.5861066686076657,0.9670634752158428
0.08166552127168906,0.2568519504936495,0.9361423314861598
0.08166552127168906,0.8479689325405404,1.1834417349616015
0.08166552127168906,0.15471273981610312,0.9371623896031713
0.08166552127168906,0.10023778368146861,0.9451287614200179
0.08166552127168906,0.05233935757877571,0.9599025351173807
0.08166552127168906,0.28347048131875185,0.9382489114638177
0.08166552127168906,0.052155652525603675,0.9600165896320653
0.08166552127168906,0.20497979415827072,0.9341154142695821
0.08166552127168906,0.06111822040242317,0.9568818795684901
0.08166552127168906,0.3407734918236365,0.9430510254950288
0.08166552127168906,0.09797851874577179,0.9456811710557659
0.08166552127168906,0.053054899634134706,0.9594656305320086
0.08166552127168906,0.05230531811548007,0.9599236335865868
0.08166552127168906,0.7867567566999724,1.0997322677487944
0.08166552127168906,0.11575611424733012,0.9423091267410021
0.08166552127168906,0.3270420238829434,0.942031255666639
0.08166552127168906,0.7982091401585093,1.1120211491231238
0.08166552127168906,0.06714088930560039,0.9541856894299153
0.08166552127168906,0.08251668857862193,0.9493443889417575
0.08166552127168906,0.14151895122815955,0.9386118897792284
0.08166552127168906,0.23012726104406805,0.9346426367880457
0.08166552127168906,0.30236071685155125,0.940000055248347
0.08166552127168906,0.19702343120925309,0.9341951051057893
0.08166552127168906,0.05382716829811031,0.9590184952211411
0.08166552127168906,0.05018981506791266,0.96120990884137
0.08166552127168906,0.22787374791261006,0.9345467156626251
0.08166552127168906,0.48926590691003297,0.9510651279646367
0.08166552127168906,0.16379973755059946,0.9361805525064127
0.08166552127168906,0.1930886746982206,0.9343160500773678
0.08166552127168906,0.14921879116265846,0.9376852723851419
0.08166552127168906,0.0862546174415379,0.9486569268990798
0.08166552127168906,0.38842466183504576,0.9460465801519271
0.08166552127168906,0.12084452284139048,0.9409953434293631
0.08166552127168906,0.051796258547142184,0.9602404586704052
0.08166552127168906,0.11526793073684843,0.9424457126478555
0.08166552127168906,0.08663773136763463,0.9485979179148137
0.08166552127168906,0.07392622096879883,0.9520666062380087
0.08166552127168906,0.38712231617732135,0.9459862555276303
0.08166552127168906,0.3645812366698507,0.944668508837571
0.08166552127168906,0.23975503371228107,0.9351136009200397
0.08166552127168906,0.05203333771295147,0.9600927256477189
0.08166552127168906,0.2592716345149598,0.9363159163530029
0.08166552127168906,0.063117302675303,0.9561053020580418
0.08166552127168906,0.06288565757280791,0.9562086891304673
0.08166552127168906,0.05003189406562256,0.9612985527467427
0.08166552127168906,0.5728599938937472,0.9635451799610106
0.08166552127168906,0.052282647763708945,0.9599376950777151
0.08166552127168906,0.3679933057073542,0.9449142960141387
0.08166552127168906,0.7046757043007212,1.0231947577552152
0.08166552127168906,0.49349934127968254,0.9513880612403272
0.08166552127168906,0.3357919750333681,0.9426835025560344
0.08166552127168906,0.13115767647959692,0.9401649392553311
0.08166552127168906,0.05203579450776197,0.9600911953994447
0.08166552127168906,0.06136003416084497,0.9568047982048308
0.08166552127168906,0.08636158328433512,0.9486404459641903
0.08166552127168906,0.10598633221563358,0.9442899298707149
0.08166552127168906,0.0609422414545446,0.9569343139081328
0.08166552127168906,0.7130628142370309,1.0289589708980305
0.08166552127168906,0.21274149396415099,0.9341592058384621
0.08166552127168906,0.06808833852528527,0.9537963153507286
0.08166552127168906,0.053048041796920534,0.9594697365940589
0.08166552127168906,0.05014001264810947,0.9612380532866012
0.08166552127168906,0.48462111423067167,0.9507276036164127
0.08166552127168906,0.36051786246662393,0.9443817167041518
0.08166552127168906,0.567808650333496,0.9623535485331469
0.08166552127168906,0.10008376152478092,0.9451614027070159
0.08166552127168906,0.27813544385649935,0.9377659320694031
0.08166552127168906,0.424374003705671,0.9475826857697088
0.08166552127168906,0.05159894777504512,0.960363274506536
0.08166552127168906,0.08897637461445153,0.9482099987795711
0.08166552127168906,0.08648487344936948,0.9486214628751487
0.08166552127168906,0.6134808844583318,0.9756518799955016
0.08166552127168906,0.5180292030684367,0.9538454847021969
0.08166552127168906,0.7695313181675618,1.0798272048805166
0.08166552127168906,0.19643354859653084,0.9342088911047236
0.08166552127168906,0.11095799355639606,0.9435438320592379
0.08166552127168906,0.09203419500533461,0.947486497339916
0.08166552127168906,0.3926770122035804,0.9462430038822063
0.08166552127168906,0.6061803874363173,0.973293277828612
0.08166552127168906,0.4053046680441556,0.9467572681958681
0.08166552127168906,0.1734130497334524,0.9353221207119697
0.08166552127168906,0.0591563853907101,0.9573115080697727
0.08166552127168906,0.060457548359766584,0.9570614521695018
0.08166552127168906,0.07400722446677138,0.9520413838126329
0.08166552127168906,0.14634579679655624,0.9380147388833291
0.08166552127168906,0.06992351472237951,0.9531877422965337
0.08166552127168906,0.5875441632538619,0.9674582918389166
0.08166552127168906,0.1229637529937629,0.9406080246411065
0.08166552127168906,0.1253656868353115,0.9403859318341284
0.08166552127168906,0.06566293003352797,0.9548762130398055
0.08166552127168906,0.3475880530449546,0.9435315931876573
0.08166552127168906,0.39551365367727975,0.9463717402616216
0.08166552127168906,0.06417627096799307,0.9556062748412534
0.08166552127168906,0.09783338279330285,0.9457216409862961
0.08166552127168906,0.0691874197147667,0.9534134491971656
0.08166552127168906,0.06458264873065835,0.9554075212352802
0.08166552127168906,0.7375266251431695,1.0489293574307508
0.08166552127168906,0.3412861270783184,0.9430883898382224
0.08166552127168906,0.7248856092782107,1.0381795969331333
0.08166552127168906,0.21143275063676453,0.9341413380521384
0.08166552127168906,0.14529608158586388,0.9381477260122718
0.08166552127168906,0.8265467958154801,1.1539272676089374
0.08166552127168906,0.05555027744324993,0.9581896690085397
0.08166552127168906,0.5126057957571614,0.9532475562374146
0.08166552127168906,0.07545530772920041,0.9515548129328113
0.08166552127168906,0.0512985753346665,0.9605493087649294
0.08166552127168906,0.05256572481572962,0.9597627807946904
0.08166552127168906,0.05628191267459645,0.9579366858684548
0.08166552127168906,0.05718473215618049,0.9576945363425823
0.08166552127168906,0.1237377909003147,0.9405077077664843
0.08166552127168906,0.1007226691081281,0.9450288856916019
0.08166552127168906,0.1419276690341256,0.9385596095336292
0.08166552127168906,0.7966218516268119,1.1097830524278935
0.08166552127168906,0.07056032583747002,0.953005775971088
0.08166552127168906,0.31896034051622507,0.9414054315867538
0.08166552127168906,0.06410478183559282,0.9556409627221896
0.08166552127168906,0.31483267479807714,0.9410626744110073
0.08166552127168906,0.1175058731809105,0.9418231857540196
0.08166552127168906,0.07391561338744514,0.9520698915871808
0.08166552127168906,0.06705834571460459,0.9542220824081763
0.08166552127168906,0.7507297056488146,1.0612427455590636
0.08166552127168906,0.34037118129615945,0.9430216582378256
0.08166552127168906,0.061869145767231515,0.9566251506796337
0.08166552127168906,0.052618023531012345,0.9597306569644857
0.08166552127168906,0.06929790474712084,0.9533782581115418
0.08166552127168906,0.19523141965874075,0.9342421072569782
0.08166552127168906,0.3705368194706104,0.945090384589513
0.08166552127168906,0.19143030818931167,0.9343830512581419
0.08166552127168906,0.30110791645976603,0.9398909073313555
0.08166552127168906,0.10808825129578858,0.9440321548565002
0.08166552127168906,0.08233306627257242,0.9493890624686779
0.08166552127168906,0.09552422906700211,0.9464150688927004
0.08166552127168906,0.1031160266721273,0.944634201645263
0.08166552127168906,0.1365693485083787,0.9394640384664367
0.08166552127168906,0.06058251174911471,0.9570311473498653
0.08166552127168906,0.05759838738999991,0.9576025642893977
0.08166552127168906,0.15968778572523185,0.9366177646450199
0.08166552127168906,0.16832976057982157,0.9357283357911056
0.08166552127168906,0.2339223092277823,0.9348155280383816
0.08166552127168906,0.8014554222019009,1.117295501585098
0.08166552127168906,0.11042380879647021,0.9436526667910302
0.08166552127168906,0.7258026722824589,1.039048331940251
0.08166552127168906,0.6080241802230822,0.9738840059157231
0.08166552127168906,0.06890908572068694,0.9535044947453198
0.08166552127168906,0.07983093847599118,0.950059943823886
