x_1,x_2,reweight
0.2529236220253875,0.07966585660447488,0.937134402706608
0.08166552127168906,0.07966585660447488,0.950107609973506
0.1176444486045231,0.07966585660447488,0.9426481745588676
0.42986975948034073,0.07966585660447488,0.948880446359232
0.3529352107904281,0.07966585660447488,0.9449851838239576
0.06205317866016864,0.07966585660447488,0.9569004514947427
0.7567026109152838,0.07966585660447488,1.0691028506551672
0.08817060387292758,0.07966585660447488,0.9489592823666511
0.470413750401495,0.07966585660447488,0.9508595985905819
0.07409156937029011,0.07966585660447488,0.9524855312347342
0.6258209919505819,0.07966585660447488,0.981623512778422
0.12791126027175326,0.07966585660447488,0.94122423842476
0.29832824742332503,0.07966585660447488,0.9408280919322115
0.4957699272261284,0.07966585660447488,0.9527326300700963
0.14145231395884716,0.07966585660447488,0.939633089464986
0.8072266500443425,0.07966585660447488,1.1270907512860546
0.6815063727979082,0.07966585660447488,1.009582268863297
0.5844354310585353,0.07966585660447488,0.9679134275939377
0.1674586819427295,0.07966585660447488,0.936953034653161
0.7697161866024728,0.07966585660447488,1.0815586637954435
0.10120904342895484,0.07966585660447488,0.9456646791005306
0.11004493716865109,0.07966585660447488,0.9445231738882015
0.5411325663798983,0.07966585660447488,0.9586734370597173
0.18839133147850823,0.07966585660447488,0.9357321787139943
0.05991910774308282,0.07966585660447488,0.9574995673868937
0.1983576817095088,0.07966585660447488,0.9354071013946613
0.31076735150427515,0.07966585660447488,0.9418756845470042
0.8112338759556829,0.07966585660447488,1.1319359771287438
0.5836358068366236,0.07966585660447488,0.9676968641549542
0.11723580521713765,0.07966585660447488,0.9427562993658897
0.16659612747920455,0.07966585660447488,0.937034092862863
0.5915382781384282,0.07966585660447488,0.9699039268033582
0.31410963400509256,0.07966585660447488,0.9421585586558431
0.07665856866233042,0.07966585660447488,0.951619715121894
0.7729062810972939,0.07966585660447488,1.0852486122607483
0.11806393607642064,0.07966585660447488,0.9425388458336321
0.20866426189136789,0.07966585660447488,0.9353666912285931
0.08882021408872123,0.07966585660447488,0.9488505783090586
0.18106766420829268,0.07966585660447488,0.9360809801686132
0.16701052989909412,0.07966585660447488,0.9369948939940762
0.07795134434687352,0.07966585660447488,0.9511726227677106
0.05311294663094456,0.07966585660447488,0.9596922936720774
0.07240510422324861,0.07966585660447488,0.9529597047630202
0.05122812845067068,0.07966585660447488,0.960833153832028
0.0504137661095117,0.07966585660447488,0.9613130635516345
0.05451780553043852,0.07966585660447488,0.9589291165402295
0.051222708960695425,0.07966585660447488,0.9608364262530092
0.21019672646177756,0.07966585660447488,0.9353790782661308
0.1975736042538095,0.07966585660447488,0.9354197351913076
0.22750256089757986,0.07966585660447488,0.935789397771894
0.3792270713001983,0.07966585660447488,0.9466542645292686
0.13285669143138112,0.07966585660447488,0.9409891214871208
0.07832284728942394,0.07966585660447488,0.9510490677684619
0.07289145659148218,0.07966585660447488,0.9528298074908554
0.4652999318233493,0.07966585660447488,0.950582144289349
0.36373520760762973,0.07966585660447488,0.9457010565689229
0.13839980717784317,0.07966585660447488,0.9401069867211483
0.3318953079011653,0.07966585660447488,0.9435275811594404
0.2762707137342682,0.07966585660447488,0.9388354705030825
0.15352783741212794,0.07966585660447488,0.938358190450735
0.1892393492887311,0.07966585660447488,0.9356956370613432
0.05012946773821593,0.07966585660447488,0.9614727174613952
0.05940304397800247,0.07966585660447488,0.9575891349401794
0.05425159759192062,0.07966585660447488,0.9590628078416029
0.10135384215371213,0.07966585660447488,0.9456395711864707
0.7640472542054341,0.07966585660447488,1.0760008965964525
0.20660197800539848,0.07966585660447488,0.9353599253914965
0.06756803267132269,0.07966585660447488,0.9544089350178119
0.05553657015351695,0.07966585660447488,0.9584819348792107
0.2961289600122135,0.07966585660447488,0.9406324262983684
0.05697872610085318,0.07966585660447488,0.9580446429613826
0.05170791030287039,0.07966585660447488,0.9605412321547726
0.4621193886759579,0.07966585660447488,0.9504276041198378
0.06508137987334293,0.07966585660447488,0.955540095241604
0.07571047312974093,0.07966585660447488,0.9519514087639298
0.18148216365866765,0.07966585660447488,0.9360589549781765
0.05206923776764524,0.07966585660447488,0.9603201177349642
0.05281395851492723,0.07966585660447488,0.959869018294623
0.1255160900477627,0.07966585660447488,0.9412975652314741
0.053103261778957314,0.07966585660447488,0.9596979618408785
0.31388248051362116,0.07966585660447488,0.9421395331229716
0.07463255251395204,0.07966585660447488,0.9523146299332389
0.5596760246689455,0.07966585660447488,0.9619248319879244
0.11888941875734556,0.07966585660447488,0.9423300913415882
0.1361775452930244,0.07966585660447488,0.9405177881137337
0.056810548708918045,0.07966585660447488,0.9580859459585441
0.8278152605402301,0.07966585660447488,1.1579742888964915
0.051952631324708905,0.07966585660447488,0.960391464545592
0.08967601901358287,0.07966585660447488,0.948691457274497
0.22839616038955624,0.07966585660447488,0.9358259243050185
0.06295532383561474,0.07966585660447488,0.9565327557040265
0.054570373080588,0.07966585660447488,0.9589034523476538
0.05635308704231122,0.07966585660447488,0.958209792336104
0.27020890262741204,0.07966585660447488,0.9383751957884442
0.07074645497797548,0.07966585660447488,0.9533923689523935
0.050491767608379555,0.07966585660447488,0.9612684060810681
0.05678264348443178,0.07966585660447488,0.9580930047483148
0.05021343616500302,0.07966585660447488,0.9614261037000178
0.08645076475196568,0.07966585660447488,0.9492184398757345
0.09465600389105522,0.07966585660447488,0.9473544195180507
0.06770338698454145,0.07966585660447488,0.9543548014775768
0.09253652037440216,0.07966585660447488,0.9479862432544354
0.6689139579047402,0.07966585660447488,1.001903061714566
0.2504729457089008,0.07966585660447488,0.9369899547657492
0.5688765302211871,0.07966585660447488,0.9638726609807844
0.060256508408790474,0.07966585660447488,0.9574352806490616
0.0759221783698026,0.07966585660447488,0.9518778307702676
0.4395644624002684,0.07966585660447488,0.9493233397557587
0.14015581686653933,0.07966585660447488,0.9398113066465428
0.7846605578371143,0.07966585660447488,1.0992974873541732
0.05183956563613344,0.07966585660447488,0.9604606756763633
0.06097942106648151,0.07966585660447488,0.9572585229528974
0.528549240813628,0.07966585660447488,0.9563361066740712
0.24520161963645754,0.07966585660447488,0.9366874119923336
0.09127641900676012,0.07966585660447488,0.9483277322218046
0.17830843670094082,0.07966585660447488,0.9362291591689539
0.12113261445099831,0.07966585660447488,0.9418257644507697
0.050052433319506553,0.07966585660447488,0.9615150523538395
0.5193894310845472,0.07966585660447488,0.9551911835981904
0.22651960125300363,0.07966585660447488,0.9357511933304756
0.2710585784779625,0.07966585660447488,0.9384385577669294
0.05731131219732411,0.07966585660447488,0.9579686881827743
0.07806219890495954,0.07966585660447488,0.9511354308541495
0.20009555723079886,0.07966585660447488,0.9353877827228433
0.5574195573257896,0.07966585660447488,0.9614625226935614
0.36097266820781343,0.07966585660447488,0.9455137349010685
0.11228466585140782,0.07966585660447488,0.9440565424965105
0.07594656441533698,0.07966585660447488,0.9518693272708267
0.1918867881096743,0.07966585660447488,0.9355869067437933
0.2725462968274452,0.07966585660447488,0.9385507117967947
0.08203365419767605,0.07966585660447488,0.9500162615498678
0.10711687495433331,0.07966585660447488,0.9449338952522355
0.5430826548755122,0.07966585660447488,0.9590620548352724
0.07160632403754075,0.07966585660447488,0.9531676721410828
0.051217731012932935,0.07966585660447488,0.9608394314040176
0.3160089947800328,0.07966585660447488,0.9423163665356453
0.10871368760289946,0.07966585660447488,0.9447322126549327
0.09012233674798012,0.07966585660447488,0.9485994797601187
0.131943935138487,0.07966585660447488,0.9410624374364338
0.12606165429615895,0.07966585660447488,0.9412767971574638
0.1529696477269198,0.07966585660447488,0.938410337821831
0.3336484621884474,0.07966585660447488,0.9436596656386207
0.793560895841051,0.07966585660447488,1.1077070598184895
0.3798859793648231,0.07966585660447488,0.946689120088371
0.5027746725086175,0.07966585660447488,0.9534021922964937
0.22375150196675697,0.07966585660447488,0.9356567331136557
0.07926763911238126,0.07966585660447488,0.950752161558016
0.5603427919530283,0.07966585660447488,0.9620621095145891
0.5546274038440091,0.07966585660447488,0.960905235655602
0.7945475793729683,0.07966585660447488,1.1087894657267323
0.052018379155596164,0.07966585660447488,0.9603512284335868
0.8274738093042848,0.07966585660447488,1.1573219298238782
0.2649343269672194,0.07966585660447488,0.9379848348505643
0.06780366479946581,0.07966585660447488,0.9543155384602519
0.051463757623819564,0.07966585660447488,0.9606902454022848
0.12787210304274832,0.07966585660447488,0.9412252250418423
0.3018859010245135,0.07966585660447488,0.9411322604730364
0.3359255726477978,0.07966585660447488,0.9438301712841225
0.2301204566731131,0.07966585660447488,0.9359002316074954
0.06652644469318734,0.07966585660447488,0.9548583640767297
0.057943854394836354,0.07966585660447488,0.9578411276428982
0.07047201565313374,0.07966585660447488,0.9534659389344452
0.07979927824204043,0.07966585660447488,0.9505992353458919
0.06605356576178528,0.07966585660447488,0.9550765561271582
0.053517766653679,0.07966585660447488,0.959459416943332
0.06562535093522938,0.07966585660447488,0.955279035863148
0.06817072827021792,0.07966585660447488,0.9541775939501094
0.2337890333481999,0.07966585660447488,0.9360678591527558
0.08095553576144396,0.07966585660447488,0.9502906611079531
0.05323837011132432,0.07966585660447488,0.9596192701091145
0.29596864650419746,0.07966585660447488,0.9406179027686198
0.170452404304332,0.07966585660447488,0.9366932072128322
0.10666818061534708,0.07966585660447488,0.9449843632096034
0.058142147171454016,0.07966585660447488,0.9578045868791892
0.0550720806077703,0.07966585660447488,0.9586719121190017
0.18515518421409483,0.07966585660447488,0.9358755981520116
0.05084322712501972,0.07966585660447488,0.9610633593657127
0.6266765432551412,0.07966585660447488,0.9819857094883713
0.08217958045974438,0.07966585660447488,0.9499809096569631
0.3563392875231873,0.07966585660447488,0.9452039723067868
0.06710923181333782,0.07966585660447488,0.9546006057261389
0.0935526682516043,0.07966585660447488,0.9476887971701736
0.0996030269936064,0.07966585660447488,0.9459823909117276
0.44604730312582286,0.07966585660447488,0.9496396686486854
0.5071917565110455,0.07966585660447488,0.9538507292841502
0.06323703865179017,0.07966585660447488,0.9564087907574863
0.4448558657430023,0.07966585660447488,0.9495789075277282
0.1045932654261841,0.07966585660447488,0.9452070973732899
0.6700347524851172,0.07966585660447488,1.0025318602185558
0.2008440894466224,0.07966585660447488,0.9353821280851612
0.8156170609997974,0.07966585660447488,1.1379727653699625
0.05450685001458717,0.07966585660447488,0.9589344966571718
0.06092536063322343,0.07966585660447488,0.9572736946907074
0.21382599283468767,0.07966585660447488,0.9354301671042742
0.05330149028263143,0.07966585660447488,0.9595828022335258
0.051210231754823546,0.07966585660447488,0.960843957455124
0.159317117337205,0.07966585660447488,0.937762462469345
0.05443249922790297,0.07966585660447488,0.9589712917494617
0.06430449455860729,0.07966585660447488,0.9559134770729538
0.061065415194532104,0.07966585660447488,0.9572337689765634
0.385061278010366,0.07966585660447488,0.9469526226825816
0.1767994583859906,0.07966585660447488,0.9363091610705542
0.0739715267822733,0.07966585660447488,0.9525220064456331
0.07283960207626827,0.07966585660447488,0.9528438486101685
0.5564260286961286,0.07966585660447488,0.9612621214602618
0.09846955068846348,0.07966585660447488,0.9462521644328489
0.05962307526167771,0.07966585660447488,0.9575515557197378
0.247813261043351,0.07966585660447488,0.9368397749503525
0.5928577229965548,0.07966585660447488,0.9702917810297158
0.06737755084346989,0.07966585660447488,0.9544871525843328
0.09786051129946463,0.07966585660447488,0.9464121243828675
0.4547164215478126,0.07966585660447488,0.9500940749647703
0.08589713208242927,0.07966585660447488,0.9492992947694083
0.05437151753616453,0.07966585660447488,0.9590018316905684
0.6055644685103806,0.07966585660447488,0.9744376382605359
0.06864556202401992,0.07966585660447488,0.9540113979364433
0.0898305474691552,0.07966585660447488,0.9486603815338122
0.7540628560869818,0.07966585660447488,1.0664363309782796
0.05229119717485523,0.07966585660447488,0.9601846070562841
0.08088130054518708,0.07966585660447488,0.950310187265862
0.05345040898578487,0.07966585660447488,0.9594975719143273
0.28448708609508766,0.07966585660447488,0.9395525936729676
0.053651477279531734,0.07966585660447488,0.9593844591196736
0.21859258476074717,0.07966585660447488,0.9355232202165491
0.6938271668252314,0.07966585660447488,1.016817010032399
0.22585595200783498,0.07966585660447488,0.9357267430819182
0.23378233934075393,0.07966585660447488,0.9360675433294018
0.07616312451544315,0.07966585660447488,0.9517936156151875
0.4119041816831308,0.07966585660447488,0.948086932613329
0.7102429932259616,0.07966585660447488,1.0285199614844804
0.3671242431397698,0.07966585660447488,0.9459351965833505
0.06384828819969869,0.07966585660447488,0.9561290754369344
0.07979549864493152,0.07966585660447488,0.9506002801952733
0.28007076456425456,0.07966585660447488,0.9391534946815223
0.45108041296447693,0.07966585660447488,0.9499136221607919
0.11526923423949817,0.07966585660447488,0.9432875820313549
0.19935089838877273,0.07966585660447488,0.9353946513295052
0.053983390506864584,0.07966585660447488,0.9592033472834491
0.4828083972757308,0.07966585660447488,0.9517310175690865
0.5393070941698787,0.07966585660447488,0.9582819660615586
0.4801501551994225,0.07966585660447488,0.9515285871800903
0.0986195191718201,0.07966585660447488,0.9462142560565971
0.2224099048531955,0.07966585660447488,0.9356171444933392
0.11558659354251845,0.07966585660447488,0.9432015785036051
0.06729747147837259,0.07966585660447488,0.9545206268820673
0.14205466295960778,0.07966585660447488,0.9395596954274547
0.08951806484415956,0.07966585660447488,0.9487224262535431
0.6414704024311393,0.07966585660447488,0.9880789583273997
0.11811614340138733,0.07966585660447488,0.9425253760849409
0.07419188700975368,0.07966585660447488,0.952454630040898
0.18862127359082398,0.07966585660447488,0.9357222515219508
0.1830513555400683,0.07966585660447488,0.9359772354567785
0.05350147941103087,0.07966585660447488,0.9594686193770516
0.19848748685605438,0.07966585660447488,0.9354052527487974
0.16246228232052662,0.07966585660447488,0.9374379125473974
0.184328590199277,0.07966585660447488,0.9359144153391403
0.08408355903898856,0.07966585660447488,0.9495865780597863
0.08810116075538552,0.07966585660447488,0.9489704140314926
0.10918681097976879,0.07966585660447488,0.9446630939548615
0.18359194861569816,0.07966585660447488,0.935950177357173
0.0500062083917939,0.07966585660447488,0.961540250076135
0.5890303731501461,0.07966585660447488,0.9691844100200989
0.1306844845989244,0.07966585660447488,0.9411346604415787
0.2600084121113641,0.07966585660447488,0.9376172046459028
0.08528264720736112,0.07966585660447488,0.9493912164782384
0.06659132671021004,0.07966585660447488,0.9548289935456219
0.06770454940609236,0.07966585660447488,0.9543543422859321
0.06494234114574635,0.07966585660447488,0.9556071088275331
0.4368730001319414,0.07966585660447488,0.9491975488657641
0.05825424208423677,0.07966585660447488,0.957784471436566
0.06962987921010816,0.07966585660447488,0.953702630132744
0.5351880398950297,0.07966585660447488,0.957399678171937
0.06413565180446688,0.07966585660447488,0.9559937712151775
0.07037485936396275,0.07966585660447488,0.9534923256382825
0.08796845746139256,0.07966585660447488,0.9489914613952584
0.27921436923666104,0.07966585660447488,0.9390790204851776
0.055498836152881564,0.07966585660447488,0.9584963625192413
0.06156142215246506,0.07966585660447488,0.9570769944242797
0.051048202563634376,0.07966585660447488,0.9609413650256631
0.05321772166336987,0.07966585660447488,0.9596312417895334
0.33920064697346247,0.07966585660447488,0.944071060000554
0.08441530254697988,0.07966585660447488,0.9495296217763467
0.5828930472492679,0.07966585660447488,0.9674966815918331
0.12241799921663533,0.07966585660447488,0.9415944077005558
0.24380674255305046,0.07966585660447488,0.9366055545536558
0.08851900726095169,0.07966585660447488,0.9489020807330308
0.06616751185010117,0.07966585660447488,0.9550233790010452
0.11870465985281071,0.07966585660447488,0.942375972056433
0.37350785488628585,0.07966585660447488,0.9463463924262232
0.7859265981018373,0.07966585660447488,1.1005019942164258
0.2518518534999277,0.07966585660447488,0.9370697984730855
0.0570968570521947,0.07966585660447488,0.9580168371065619
0.2881488483066128,0.07966585660447488,0.9398887459691091
0.4901682770947721,0.07966585660447488,0.9522800201199756
0.6864462168024378,0.07966585660447488,1.012443855988782
0.10896079300675685,0.07966585660447488,0.944696759602187
0.1308147367846033,0.07966585660447488,0.9411284854437776
0.06093038920116875,0.07966585660447488,0.9572722963096739
0.17151916430774594,0.07966585660447488,0.9366118050447653
0.05249279725342197,0.07966585660447488,0.9600621443018831
