x_1,x_2,reweight
0.10660368273695839,0.13628175759183372,0.9336191095398871
0.3890272790536741,0.13628175759183372,0.9187473145336559
0.35533860614212204,0.13628175759183372,0.9167890432611422
0.398595137844204,0.13628175759183372,0.9189482031853742
0.15107963314708406,0.13628175759183372,0.9185414790146659
0.22863242227629832,0.13628175759183372,0.9072623023074414
0.30903537529754643,0.13628175759183372,0.9130330354835964
0.48476183707986215,0.13628175759183372,0.9195730097925858
0.6122457251203567,0.13628175759183372,0.9356890053185717
0.002220430498494741,0.13628175759183372,1.0148255650839375
0.6401903797471235,0.13628175759183372,0.9449775483457307
0.08580850829123716,0.13628175759183372,0.9427167164465301
0.1935249804394345,0.13628175759183372,0.9095013133689003
0.2738236617580432,0.13628175759183372,0.9092745064845384
0.2639358698724292,0.13628175759183372,0.9084642304859115
0.6258792951550523,0.13628175759183372,0.9398517023063504
0.4974728924048933,0.13628175759183372,0.9196377638922271
0.07498895352349584,0.13628175759183372,0.9481222647656311
0.21038598979746378,0.13628175759183372,0.9079211568406311
0.1289389499272806,0.13628175759183372,0.925246107298575
0.15644674223870964,0.13628175759183372,0.9171600270847223
0.1200172700665134,0.13628175759183372,0.9276627313396224
0.20899508265173997,0.13628175759183372,0.9080180662450645
0.01874549679048092,0.13628175759183372,0.9930145062861852
0.12438703852855812,0.13628175759183372,0.9260730994266826
0.028546752436199363,0.13628175759183372,0.9823962173927042
0.44514248355326513,0.13628175759183372,0.9193574166506994
0.22403874322540934,0.13628175759183372,0.9073026440294737
0.49501575656126967,0.13628175759183372,0.9195969789784177
0.19884213327358147,0.13628175759183372,0.9088592970958008
0.2500105861159895,0.13628175759183372,0.9076136525394046
0.26142906511487046,0.13628175759183372,0.9082804650623545
0.3318577449771648,0.13628175759183372,0.9149423997335026
0.16540870960699866,0.13628175759183372,0.9147629381891667
0.5550945136956275,0.13628175759183372,0.9237890166259358
0.09488135099268422,0.13628175759183372,0.9386459871824502
0.4974000790206818,0.13628175759183372,0.9196360999050774
0.09045192442966707,0.13628175759183372,0.9409684710347335
0.4317097939422093,0.13628175759183372,0.9197745922187599
0.47161805370995924,0.13628175759183372,0.9193724826462517
0.1457919906121802,0.13628175759183372,0.919960503615102
0.06255908892215598,0.13628175759183372,0.9556510649438247
0.4096106888943182,0.13628175759183372,0.9193070304296204
0.19390850351307667,0.13628175759183372,0.9094469451267319
0.01843383971627562,0.13628175759183372,0.9933889723377896
0.00895303570792253,0.13628175759183372,1.0042218474661204
0.3606629465445051,0.13628175759183372,0.9172451410549618
0.2614664339893425,0.13628175759183372,0.9082831389068846
0.05218488421318001,0.13628175759183372,0.9612416668025647
0.017285725322506496,0.13628175759183372,0.9942963723272148
0.4686931814174426,0.13628175759183372,0.9193273327199322
0.2216201691783723,0.13628175759183372,0.9073622266022201
0.4629751995268162,0.13628175759183372,0.9192918124435544
0.2549000773546632,0.13628175759183372,0.9078600158423674
0.5263168359048224,0.13628175759183372,0.9209570725064701
0.11000267736772579,0.13628175759183372,0.9324687900027481
0.35956397074733465,0.13628175759183372,0.9171513334100274
0.12289360642153996,0.13628175759183372,0.9265067421026036
0.020530534605597308,0.13628175759183372,0.9906935121642384
0.08376931307849615,0.13628175759183372,0.9434689772902762
0.44608221894549105,0.13628175759183372,0.9193383449342127
0.5658701887442732,0.13628175759183372,0.9253579897141506
0.25383722732869646,0.13628175759183372,0.9078023317547377
0.5246982513145575,0.13628175759183372,0.9208553987134985
0.28433660514621883,0.13628175759183372,0.9103937555559026
0.5358860920979787,0.13628175759183372,0.9217193909864858
0.4218752997089253,0.13628175759183372,0.9197372279418673
0.1571599808362524,0.13628175759183372,0.9169658964676667
0.010880514184431268,0.13628175759183372,1.0008979573150978
0.43629831751544873,0.13628175759183372,0.9196377139296078
0.5495959442415635,0.13628175759183372,0.9229930748188758
0.5727968613973835,0.13628175759183372,0.9265560378423057
0.2883764730282813,0.13628175759183372,0.910845282675123
0.17029832561763103,0.13628175759183372,0.9135752452520219
0.05066910322402267,0.13628175759183372,0.9625075988052193
0.6342855959869824,0.13628175759183372,0.942843188926955
0.5527900751085789,0.13628175759183372,0.9234128112472029
0.4842320794054658,0.13628175759183372,0.9195718228412662
0.15859228290063904,0.13628175759183372,0.9165732323762902
0.41438674679873344,0.13628175759183372,0.9194821298161553
0.12266635145609996,0.13628175759183372,0.9265854796205859
0.5151214527380574,0.13628175759183372,0.9203825578449334
0.12311582982160821,0.13628175759183372,0.9264322135070796
0.5181471056362842,0.13628175759183372,0.9205162899559104
0.19946184808436512,0.13628175759183372,0.9088016545027887
0.35867924199071677,0.13628175759183372,0.9170755127107539
0.6297296095982069,0.13628175759183372,0.9412420943337977
0.5807588762632511,0.13628175759183372,0.9281749636155369
0.5662837131102327,0.13628175759183372,0.9254222534265222
0.3300944091767968,0.13628175759183372,0.9148100284313263
0.18849502747197125,0.13628175759183372,0.9102839150226312
0.6033838130063679,0.13628175759183372,0.9334167241054578
0.13067848001896504,0.13628175759183372,0.9249218472380438
0.5598321578098884,0.13628175759183372,0.924463410773163
0.18296766138650986,0.13628175759183372,0.9112288054092583
0.642744442712069,0.13628175759183372,0.9459586857846538
0.5839816561137418,0.13628175759183372,0.928819926056783
0.353010805719949,0.13628175759183372,0.9165923214749453
0.3568277239904848,0.13628175759183372,0.9169165214385333
0.18402872159094183,0.13628175759183372,0.9110399690363068
0.05715538027682009,0.13628175759183372,0.9579390098164112
0.430028547229893,0.13628175759183372,0.9198073089362758
0.41230870248793555,0.13628175759183372,0.9194056369710261
0.03537937665969781,0.13628175759183372,0.9766956595733421
0.5299930661906519,0.13628175759183372,0.921174511274915
0.5651409253689074,0.13628175759183372,0.925246171772109
0.053304093970210166,0.13628175759183372,0.9603106127433346
0.2500933221773291,0.13628175759183372,0.9076174988395131
0.3940203447722992,0.13628175759183372,0.918844545244027
0.13768729264616736,0.13628175759183372,0.9226049282455816
0.4458842761562343,0.13628175759183372,0.9193420555175227
0.4491437074586068,0.13628175759183372,0.9193059360681748
0.20384276144221436,0.13628175759183372,0.9084285903121301
0.30789434978023894,0.13628175759183372,0.9129349521036122
0.19365702882477534,0.13628175759183372,0.9094824825302359
0.6006907612946853,0.13628175759183372,0.9326849129179856
0.6239835075748729,0.13628175759183372,0.9391533898231756
0.036820365868860776,0.13628175759183372,0.9749956383221142
0.06651926672904325,0.13628175759183372,0.9528057415072813
0.330555736321669,0.13628175759183372,0.9148449263153786
0.4871247511502712,0.13628175759183372,0.9195741462857417
0.5894213450166055,0.13628175759183372,0.9299386976104387
0.13169674958383168,0.13628175759183372,0.9246992208484229
0.5534813116828389,0.13628175759183372,0.9235359506015355
0.061462501419357864,0.13628175759183372,0.9563007390411951
0.09625680943713986,0.13628175759183372,0.9378714726546348
0.2595096101971357,0.13628175759183372,0.9081465075775758
0.052403540973225485,0.13628175759183372,0.961057023959222
0.5232077311277153,0.13628175759183372,0.9207665990126744
0.23335810085673173,0.13628175759183372,0.907247722718579
0.46982139602342265,0.13628175759183372,0.9193426228777977
0.391650211041767,0.13628175759183372,0.9187963534794924
0.306932053362264,0.13628175759183372,0.9128507155806915
0.4021158992359906,0.13628175759183372,0.919054874641682
0.3217461891043598,0.13628175759183372,0.9141127335074367
0.39161393388100585,0.13628175759183372,0.9187956535210237
0.2673813219073376,0.13628175759183372,0.908726057872986
0.09304319954681725,0.13628175759183372,0.9396688069318698
0.5848342497181132,0.13628175759183372,0.9289920545142555
0.23532745986406997,0.13628175759183372,0.9072478664165293
0.2600260656451102,0.13628175759183372,0.9081818545582836
0.0668591952658175,0.13628175759183372,0.9525648873568824
0.4472703774738379,0.13628175759183372,0.9193198708942443
0.20302794031440782,0.13628175759183372,0.9084974068514751
0.38377870588089685,0.13628175759183372,0.9186397165036684
0.2892788995345974,0.13628175759183372,0.910946932296951
0.1904742848766495,0.13628175759183372,0.9099638049494394
0.6171121319771541,0.13628175759183372,0.9369960342294666
0.034982481388940584,0.13628175759183372,0.9771708239319008
0.4800501736223141,0.13628175759183372,0.9195405349052822
0.4385363038538177,0.13628175759183372,0.9195598418472836
0.14740403832427704,0.13628175759183372,0.919486704596101
0.06990523263627788,0.13628175759183372,0.9507305267902508
0.12501737266648486,0.13628175759183372,0.9259346921521018
0.4321855407467932,0.13628175759183372,0.9197631576456841
0.02255852033328305,0.13628175759183372,0.9888478018036115
0.25087367965126284,0.13628175759183372,0.9076541744359935
0.041611499340586215,0.13628175759183372,0.9704371128707325
0.11003869239798322,0.13628175759183372,0.9324549567419912
0.3241656088558908,0.13628175759183372,0.9143244730541418
0.38002011991180884,0.13628175759183372,0.9185322625344553
0.1617439598208113,0.13628175759183372,0.9157167147928177
0.16241183300417397,0.13628175759183372,0.9155398901773798
0.2550585795448428,0.13628175759183372,0.9078688683594278
0.6290079884300738,0.13628175759183372,0.9409849043078494
0.517054351708252,0.13628175759183372,0.9204677672393026
0.15700399213446856,0.13628175759183372,0.9170084655589154
0.2113985670247699,0.13628175759183372,0.9078556354119656
0.10853854213747005,0.13628175759183372,0.932995928801542
0.6417543715742672,0.13628175759183372,0.9455720412695734
0.012073578669796737,0.13628175759183372,0.9999101148078317
0.456505436181151,0.13628175759183372,0.9193018084774806
0.20608242797099574,0.13628175759183372,0.9082432326475053
0.3939006205498284,0.13628175759183372,0.9188420603581785
0.43045071390166767,0.13628175759183372,0.9198003216804851
0.4056059059901827,0.13628175759183372,0.9191673008197498
0.515730423070823,0.13628175759183372,0.9204094822279428
0.5897795189538009,0.13628175759183372,0.9300149492976922
0.032232867565580685,0.13628175759183372,0.9796737197486857
0.048907683664725136,0.13628175759183372,0.9638019823166022
0.37582208708976045,0.13628175759183372,0.918355591873839
0.1002650408386738,0.13628175759183372,0.9358307065709348
0.36138172358550524,0.13628175759183372,0.9173061744450123
0.03619521406542818,0.13628175759183372,0.9757149126750131
0.25467563317198944,0.13628175759183372,0.9078475953940849
0.47975071748534914,0.13628175759183372,0.9195365219750922
0.4732465685376554,0.13628175759183372,0.919405205002972
0.3336134748326157,0.13628175759183372,0.9150728208762392
0.06038787740763353,0.13628175759183372,0.956802885919911
0.5030021925288994,0.13628175759183372,0.9198429308321389
0.4130251938690323,0.13628175759183372,0.9194320350680873
0.05082178979322293,0.13628175759183372,0.9623836839622614
0.4665364765681895,0.13628175759183372,0.9193057840011287
0.022507777040139575,0.13628175759183372,0.9889091662512008
0.5534999888880513,0.13628175759183372,0.9235392383728014
0.008159451833145804,0.13628175759183372,1.0048868167401699
0.6095988886079264,0.13628175759183372,0.9350102330752653
0.21751417241704668,0.13628175759183372,0.9075251270062631
0.32518733213170026,0.13628175759183372,0.914414037548922
0.37518268823412165,0.13628175759183372,0.9183211109098258
0.24813383471587522,0.13628175759183372,0.907531865719719
0.6035587245486864,0.13628175759183372,0.9334630549434747
0.20072089634884474,0.13628175759183372,0.908693123977889
0.20952663616034664,0.13628175759183372,0.9079800272318442
0.29822170946515464,0.13628175759183372,0.9119707143191301
0.41942377143381987,0.13628175759183372,0.9196607792836505
0.5573637100350706,0.13628175759183372,0.9241036620199488
0.1354872265578014,0.13628175759183372,0.9234894908413634
0.31214065308243305,0.13628175759183372,0.9132950400542567
0.31570767948533257,0.13628175759183372,0.9135950486341478
0.1669215784097777,0.13628175759183372,0.91438030755868
0.5300630588520054,0.13628175759183372,0.9211786197053732
0.06673700225061295,0.13628175759183372,0.9526508721559418
0.23092400624520898,0.13628175759183372,0.9072538093658592
0.6367259211960685,0.13628175759183372,0.9437066616751291
0.2890302724792661,0.13628175759183372,0.9109188837720333
0.3396664965296431,0.13628175759183372,0.9155247534981206
0.3102304539613957,0.13628175759183372,0.9131343401381202
0.2363405250929575,0.13628175759183372,0.9072508854948822
0.6407865048976714,0.13628175759183372,0.9452023421882462
0.605622498106356,0.13628175759183372,0.9340002808676388
0.6423883558148755,0.13628175759183372,0.9458185753315568
0.015467420468753502,0.13628175759183372,0.9964925678145949
0.10173168575446012,0.13628175759183372,0.9352223708858967
0.16629122407761932,0.13628175759183372,0.9145386050510744
0.3907657329752811,0.13628175759183372,0.9187795389346779
0.48254735323387943,0.13628175759183372,0.919564537589676
0.6021839349875824,0.13628175759183372,0.9330951224439364
0.27116934084958416,0.13628175759183372,0.9090353225002533
0.04248949170599217,0.13628175759183372,0.9694360031784983
0.037644269600608,0.13628175759183372,0.974145610349311
0.354323123840736,0.13628175759183372,0.91670285537664
0.5540519781259206,0.13628175759183372,0.9236338963964382
0.26065504731101025,0.13628175759183372,0.9082256181571455
0.36858703632579826,0.13628175759183372,0.9178905881423922
0.4621895548797602,0.13628175759183372,0.919291391580761
0.178253513684841,0.13628175759183372,0.9120853319555903
0.35189985403808194,0.13628175759183372,0.9164993643714074
0.05244904650489914,0.13628175759183372,0.9610186913333214
0.3124641729942966,0.13628175759183372,0.9133222235733087
0.1699662187353615,0.13628175759183372,0.9136503560296081
0.16907060049779143,0.13628175759183372,0.9138578816249314
0.16937285531551094,0.13628175759183372,0.9137870732443055
0.1730632144710018,0.13628175759183372,0.9129987684673568
0.051799777036687866,0.13628175759183372,0.9615675873989521
0.2762109461150587,0.13628175759183372,0.9095088597601293
0.5051947022107162,0.13628175759183372,0.9199368336880529
0.054926154468996895,0.13628175759183372,0.9591009184294278
0.11129061571962613,0.13628175759183372,0.9319427671537085
0.05265506278734538,0.13628175759183372,0.960845730213397
0.25351515989401213,0.13628175759183372,0.9077853907742867
0.4227748706458993,0.13628175759183372,0.9197608080343973
0.5789571489025085,0.13628175759183372,0.9278153085831101
0.0017879214689329904,0.13628175759183372,1.0154607711821306
0.4420315365805949,0.13628175759183372,0.9194420324672589
0.5508729899340244,0.13628175759183372,0.9231071661762223
0.08399050060129672,0.13628175759183372,0.943382071169888
0.5554064829371707,0.13628175759183372,0.9238307921035923
0.2241483183757126,0.13628175759183372,0.9073007972102868
0.06521490552086286,0.13628175759183372,0.9537625962655063
0.3210710610426358,0.13628175759183372,0.9140537303148022
0.6310900569411402,0.13628175759183372,0.9417237961942744
0.353204187107502,0.13628175759183372,0.9166085562887479
0.15753713261146055,0.13628175759183372,0.9168627647917242
0.03104985740925072,0.13628175759183372,0.9803270839872789
0.6034563948802264,0.13628175759183372,0.9334359660387999
0.30598797439166503,0.13628175759183372,0.9127663318775645
0.4088115618380878,0.13628175759183372,0.9192783247131249
0.12926191831933811,0.13628175759183372,0.9251896425501565
0.024707753103261742,0.13628175759183372,0.9858843323330546
0.20801859187411026,0.13628175759183372,0.9080908773922733
0.3415914962502141,0.13628175759183372,0.9156720335123611
0.39107535839084456,0.13628175759183372,0.9187853712533948
0.5584649496253214,0.13628175759183372,0.9242630003499974
0.6356729336738179,0.13628175759183372,0.9433311721088181
0.14881488576944812,0.13628175759183372,0.9190979503538537
0.14008292378444503,0.13628175759183372,0.9217110655584488
0.5923924318129297,0.13628175759183372,0.9305851547526653
0.55322280482431,0.13628175759183372,0.923490110239603
0.5084913317386358,0.13628175759183372,0.9200818894321002
0.2796556935231088,0.13628175759183372,0.9098735734868167
0.2369622090918935,0.13628175759183372,0.9072539937697228
0.27019775444363386,0.13628175759183372,0.9089529413798858
0.4605821873983965,0.13628175759183372,0.9192925052602318
0.055362124477774395,0.13628175759183372,0.9588230270658129
0.5125258999759214,0.13628175759183372,0.9202646502094952
0.11485985828687025,0.13628175759183372,0.9302298429340942
0.16258504169244894,0.13628175759183372,0.915494289580785
0.11762599123026185,0.13628175759183372,0.9288149691277987
0.5080359400148435,0.13628175759183372,0.9200615994851621
0.565555597482632,0.13628175759183372,0.9253095289450787
0.4374260649036227,0.13628175759183372,0.9195987288335418
0.6150823380484378,0.13628175759183372,0.9364363426947871
0.5171823521674176,0.13628175759183372,0.9204734162688728
0.1392047431631569,0.13628175759183372,0.9220288566925111
0.02664415586994509,0.13628175759183372,0.9841864815560056
0.39646451040089786,0.13628175759183372,0.9188964456308697
0.1476863587515017,0.13628175759183372,0.9194064708075856
0.35551393475117193,0.13628175759183372,0.9168039900228798
0.5285407526774153,0.13628175759183372,0.9210895757094897
