x_1,x_2,eta,WQ
0.10812290430501088,0.05292597338741809,1.1930739992194652,5.557782395752762e-08
0.5792257881704496,0.05292597338741809,1.1930739992194652,4.912283047664331e-11
0.5603795105485339,0.05292597338741809,1.1930739992194652,6.378391437164912e-11
0.3734457788918861,0.05292597338741809,1.1930739992194652,7.034118474613095e-10
0.0010482642374908388,0.05292597338741809,1.1930739992194652,0.007111462135629708
0.19098522837624252,0.05292597338741809,1.1930739992194652,9.528738696013423e-09
0.03225173089626425,0.05292597338741809,1.1930739992194652,1.6165377724256073e-06
0.07319921071261466,0.05292597338741809,1.1930739992194652,1.7151963712001808e-07
0.15881785149994015,0.05292597338741809,1.1930739992194652,1.728471573769432e-08
0.008978000828981026,0.05292597338741809,1.1930739992194652,4.2450914445192686e-05
0.016191810800555404,0.05292597338741809,1.1930739992194652,9.658832320748648e-06
0.22097498042538252,0.05292597338741809,1.1930739992194652,5.799725669408389e-09
0.31296610768906796,0.05292597338741809,1.1930739992194652,1.5425205435930632e-09
0.44940308561557646,0.05292597338741809,1.1930739992194652,2.7034867212034326e-10
0.3001483231173638,0.05292597338741809,1.1930739992194652,1.8330508212136993e-09
0.0010731651375132933,0.05292597338741809,1.1930739992194652,0.006740017346572014
0.004284073179486768,0.05292597338741809,1.1930739992194652,0.0002590842425150753
0.2637303695817371,0.05292597338741809,1.1930739992194652,3.0469683366207616e-09
0.01278019242361315,0.05292597338741809,1.1930739992194652,1.7579351608986425e-05
0.01431248729466756,0.05292597338741809,1.1930739992194652,1.3208852886099218e-05
0.46733458508487835,0.05292597338741809,1.1930739992194652,2.155780060574982e-10
0.7650116797180205,0.05292597338741809,1.1930739992194652,2.08905703439464e-12
0.09332069985006897,0.05292597338741809,1.1930739992194652,8.548768146863982e-08
0.007904363639803999,0.05292597338741809,1.1930739992194652,5.818777800014255e-05
0.2921742805468173,0.05292597338741809,1.1930739992194652,2.0438092609492197e-09
0.06308008252608492,0.05292597338741809,1.1930739992194652,2.606552838464158e-07
0.13719017089205066,0.05292597338741809,1.1930739992194652,2.721416905849527e-08
0.42404052027699585,0.05292597338741809,1.1930739992194652,3.7189868888978696e-10
0.05265462134495447,0.05292597338741809,1.1930739992194652,4.3081567245205377e-07
0.06511704710359609,0.05292597338741809,1.1930739992194652,2.3844646987810526e-07
0.1785637882067376,0.05292597338741809,1.1930739992194652,1.1882604567010342e-08
0.1527093914614631,0.05292597338741809,1.1930739992194652,1.9547674761571938e-08
0.015799751121640542,0.05292597338741809,1.1930739992194652,1.0280025890797174e-05
0.0021454882892891127,0.05292597338741809,1.1930739992194652,0.001346377019280986
0.2940607413209196,0.05292597338741809,1.1930739992194652,1.9916216737210836e-09
0.0590871209137872,0.05292597338741809,1.1930739992194652,3.129604382887879e-07
0.02365476853526505,0.05292597338741809,1.1930739992194652,3.6479437276192782e-06
0.07000262642358195,0.05292597338741809,1.1930739992194652,1.9457181334253278e-07
0.015237594193013682,0.05292597338741809,1.1930739992194652,1.1270604829294478e-05
0.020950096798656784,0.05292597338741809,1.1930739992194652,4.993236513111453e-06
0.13391091457250773,0.05292597338741809,1.1930739992194652,2.929560403160018e-08
0.0911360358808161,0.05292597338741809,1.1930739992194652,9.155603865743765e-08
0.022084522908727998,0.05292597338741809,1.1930739992194652,4.357930011684368e-06
0.03558554235369462,0.05292597338741809,1.1930739992194652,1.2443693386616344e-06
0.014639754440280421,0.05292597338741809,1.1930739992194652,1.2474134674557686e-05
0.10464414971042428,0.05292597338741809,1.1930739992194652,6.119132919937136e-08
0.006782368814353492,0.05292597338741809,1.1930739992194652,8.478461734619262e-05
0.1142859956422198,0.05292597338741809,1.1930739992194652,4.7173651848960074e-08
0.39402822067073445,0.05292597338741809,1.1930739992194652,5.421634416114013e-10
0.006459635228348884,0.05292597338741809,1.1930739992194652,9.554131622490572e-05
0.24058852196693103,0.05292597338741809,1.1930739992194652,4.283614056943005e-09
0.03866726040160062,0.05292597338741809,1.1930739992194652,9.965879525319617e-07
0.30577130795669377,0.05292597338741809,1.1930739992194652,1.6988559360305885e-09
0.3503627040989272,0.05292597338741809,1.1930739992194652,9.448907209743924e-10
0.3181816202447013,0.05292597338741809,1.1930739992194652,1.438998806683434e-09
0.11064400679917348,0.05292597338741809,1.1930739992194652,5.1922755382437784e-08
0.16459729316720043,0.05292597338741809,1.1930739992194652,1.5436975871860595e-08
0.14922018866928752,0.05292597338741809,1.1930739992194652,2.1008398451161455e-08
0.04278529424444972,0.05292597338741809,1.1930739992194652,7.5897736661818e-07
0.07117607046459215,0.05292597338741809,1.1930739992194652,1.8565986412738152e-07
0.06636168461148183,0.05292597338741809,1.1930739992194652,2.2611022873175548e-07
0.0010866915148681124,0.05292597338741809,1.1930739992194652,0.006549647503800914
0.2087470861091064,0.05292597338741809,1.1930739992194652,7.062267464177623e-09
0.12925897172867004,0.05292597338741809,1.1930739992194652,3.2611636246145396e-08
0.3043253796966465,0.05292597338741809,1.1930739992194652,1.732310231765483e-09
0.0521584014487323,0.05292597338741809,1.1930739992194652,4.4219990940750757e-07
0.03247457019447469,0.05292597338741809,1.1930739992194652,1.5872624447080808e-06
0.018510127086299247,0.05292597338741809,1.1930739992194652,6.863958204254202e-06
0.09102345396592548,0.05292597338741809,1.1930739992194652,9.188382123074021e-08
0.0028129542267512605,0.05292597338741809,1.1930739992194652,0.0007102170398706742
0.13721174185404433,0.05292597338741809,1.1930739992194652,2.7201111497853626e-08
0.7440331316337894,0.05292597338741809,1.1930739992194652,3.2367780596686754e-12
0.55950108504725,0.05292597338741809,1.1930739992194652,6.455465306523205e-11
0.5228590091001672,0.05292597338741809,1.1930739992194652,1.0547072555552713e-10
0.026117205819926666,0.05292597338741809,1.1930739992194652,2.819025277990521e-06
0.20313656252583281,0.05292597338741809,1.1930739992194652,7.748871829598796e-09
0.07694678062789483,0.05292597338741809,1.1930739992194652,1.4885157609945844e-07
0.16000846224702747,0.05292597338741809,1.1930739992194652,1.6882497243653737e-08
0.01574416384823447,0.05292597338741809,1.1930739992194652,1.0372511451418236e-05
0.1205384451691657,0.05292597338741809,1.1930739992194652,4.0248066803396297e-08
0.0014548457589287104,0.05292597338741809,1.1930739992194652,0.003341726311532611
0.19491451837364263,0.05292597338741809,1.1930739992194652,8.904313811212133e-09
0.019448477157311548,0.05292597338741809,1.1930739992194652,6.046338102802292e-06
0.007035417531272975,0.05292597338741809,1.1930739992194652,7.750010564555333e-05
0.02412134053725392,0.05292597338741809,1.1930739992194652,3.467591821283485e-06
0.007022798474062315,0.05292597338741809,1.1930739992194652,7.784226550647888e-05
0.6340879016477537,0.05292597338741809,1.1930739992194652,2.1989790909911316e-11
0.017549414934164818,0.05292597338741809,1.1930739992194652,7.866498708164589e-06
0.003847297527005223,0.05292597338741809,1.1930739992194652,0.00033601216367011854
0.00429925207387117,0.05292597338741809,1.1930739992194652,0.00025687892999179087
0.26984572000738566,0.05292597338741809,1.1930739992194652,2.7917608936041437e-09
0.42266963210916236,0.05292597338741809,1.1930739992194652,3.783502956990749e-10
0.0010369661964241559,0.05292597338741809,1.1930739992194652,0.007289569613347319
0.004520917810970083,0.05292597338741809,1.1930739992194652,0.00022749332321200864
0.55881450410694,0.05292597338741809,1.1930739992194652,6.516298666283407e-11
0.07179419769065756,0.05292597338741809,1.1930739992194652,1.8118167518175471e-07
0.668113385999321,0.05292597338741809,1.1930739992194652,1.281106915781148e-11
0.10406508382530502,0.05292597338741809,1.1930739992194652,6.219664766318498e-08
0.2969472419017353,0.05292597338741809,1.1930739992194652,1.914609408368513e-09
0.042041131661783575,0.05292597338741809,1.1930739992194652,7.958069340194009e-07
