x_1,x_2,eta,WQ
0.10812290430501088,0.05292597338741809,2.8263614598692737,7.468269108325374e-08
0.10812290430501088,0.05292597338741809,2.6483870865354606,7.423432935296713e-08
0.10812290430501088,0.05292597338741809,1.1930739992194652,5.557782395752762e-08
0.10812290430501088,0.05292597338741809,0.11704420798585957,3.9979501457075364e-08
0.10812290430501088,0.05292597338741809,2.4623355456871505,7.356969516650084e-08
0.10812290430501088,0.05292597338741809,2.1418919278162676,7.171545133949927e-08
0.10812290430501088,0.05292597338741809,2.1272231995085664,7.1602019081416e-08
0.10812290430501088,0.05292597338741809,2.1234796075705193,7.157259460108174e-08
0.10812290430501088,0.05292597338741809,0.15900309591704165,3.9326095084394516e-08
0.10812290430501088,0.05292597338741809,2.2168491666164454,7.225089150679374e-08
0.10812290430501088,0.05292597338741809,2.7585555841222016,7.452976459112192e-08
0.10812290430501088,0.05292597338741809,2.1719498063105886,7.193883742295014e-08
0.10812290430501088,0.05292597338741809,0.2669885486576544,3.818301776340185e-08
0.10812290430501088,0.05292597338741809,0.27356003147407737,3.814018525860965e-08
0.10812290430501088,0.05292597338741809,2.968692680029566,7.494500730657874e-08
0.10812290430501088,0.05292597338741809,1.1906795797724816,5.5511728619505955e-08
0.10812290430501088,0.05292597338741809,1.386197819238804,6.053879477528501e-08
0.10812290430501088,0.05292597338741809,1.5873792924627663,6.477013976565633e-08
0.10812290430501088,0.05292597338741809,0.8942161659289183,4.6998009471840975e-08
0.10812290430501088,0.05292597338741809,2.81305742696891,7.465425026487356e-08
0.10812290430501088,0.05292597338741809,0.12209891915853888,3.989505002279978e-08
0.10812290430501088,0.05292597338741809,2.3774621795498967,7.317970806889966e-08
0.10812290430501088,0.05292597338741809,1.3886615222480425,6.059670899302009e-08
0.10812290430501088,0.05292597338741809,2.97489812203117,7.495486830019256e-08
0.10812290430501088,0.05292597338741809,2.4783541814185686,7.36365839148396e-08
0.10812290430501088,0.05292597338741809,1.221044531926715,5.6342799398673185e-08
0.10812290430501088,0.05292597338741809,1.2960707947476335,5.832216764448189e-08
0.10812290430501088,0.05292597338741809,2.917639712467905,7.485917272192041e-08
0.10812290430501088,0.05292597338741809,2.459346196476928,7.355698764196682e-08
0.10812290430501088,0.05292597338741809,0.37206433828448615,3.7884907818518667e-08
0.10812290430501088,0.05292597338741809,2.9397477884608505,7.489739629145882e-08
0.10812290430501088,0.05292597338741809,1.7299738475491677,6.716317541802969e-08
0.10812290430501088,0.05292597338741809,1.995129538739082,7.043787122489565e-08
0.10812290430501088,0.05292597338741809,0.6760681727582996,4.148119740648268e-08
0.10812290430501088,0.05292597338741809,2.388503419759051,7.323400959686482e-08
0.10812290430501088,0.05292597338741809,0.6611260085820772,4.117078713546031e-08
0.10812290430501088,0.05292597338741809,2.4483702536785534,7.350971206842762e-08
0.10812290430501088,0.05292597338741809,2.1654563701601064,7.18915889912994e-08
0.10812290430501088,0.05292597338741809,1.9168550919400793,6.961311852472262e-08
0.10812290430501088,0.05292597338741809,2.70978539649565,7.440667833029336e-08
0.10812290430501088,0.05292597338741809,0.9568345366849846,4.87907496888704e-08
0.10812290430501088,0.05292597338741809,2.05544405865335,7.100264772071833e-08
0.10812290430501088,0.05292597338741809,1.5837529936792416,6.470285668295826e-08
0.10812290430501088,0.05292597338741809,0.17172104010008438,3.915008598501331e-08
0.10812290430501088,0.05292597338741809,2.0189336820566823,7.066778767665729e-08
0.10812290430501088,0.05292597338741809,0.6376582623794489,4.07064822555177e-08
0.10812290430501088,0.05292597338741809,2.9061497722956666,7.483864599027427e-08
0.10812290430501088,0.05292597338741809,0.07978764885709522,4.064789085087688e-08
0.10812290430501088,0.05292597338741809,1.9836170025063862,7.032328199000594e-08
0.10812290430501088,0.05292597338741809,2.009568475997531,7.057844748335402e-08
0.10812290430501088,0.05292597338741809,1.476427808557265,6.25622010886845e-08
0.10812290430501088,0.05292597338741809,1.2921472879830977,5.8221508072620924e-08
0.10812290430501088,0.05292597338741809,2.984080141687578,7.496924133049732e-08
0.10812290430501088,0.05292597338741809,1.2210496396294719,5.634293784792743e-08
0.10812290430501088,0.05292597338741809,2.29298473249217,7.272533635921362e-08
0.10812290430501088,0.05292597338741809,1.9211384747187041,6.966109601470224e-08
0.10812290430501088,0.05292597338741809,1.817734509367111,6.84039052717392e-08
0.10812290430501088,0.05292597338741809,2.7634130167053867,7.454140041359768e-08
0.10812290430501088,0.05292597338741809,2.2790540566880066,7.26433796733411e-08
0.10812290430501088,0.05292597338741809,0.862735766871856,4.611822709514631e-08
0.10812290430501088,0.05292597338741809,1.2185652248191394,5.6275540204630004e-08
0.10812290430501088,0.05292597338741809,2.5294968006291234,7.383708801811165e-08
0.10812290430501088,0.05292597338741809,2.8148804187210024,7.465819096137102e-08
0.10812290430501088,0.05292597338741809,1.9778736349480852,7.026527313093376e-08
0.10812290430501088,0.05292597338741809,1.81235464880646,6.833261303106784e-08
0.10812290430501088,0.05292597338741809,1.4518503344722922,6.203114889893868e-08
0.10812290430501088,0.05292597338741809,0.8581551945385786,4.599180404857639e-08
0.10812290430501088,0.05292597338741809,1.7461253253208509,6.740422588009886e-08
0.10812290430501088,0.05292597338741809,0.8452737270807362,4.563871579869072e-08
0.10812290430501088,0.05292597338741809,0.44604032264558624,3.8173989611311276e-08
0.10812290430501088,0.05292597338741809,2.307077338422113,7.280614115235053e-08
0.10812290430501088,0.05292597338741809,2.75536812019633,7.452206948849656e-08
0.10812290430501088,0.05292597338741809,2.561660859820076,7.395358657939343e-08
0.10812290430501088,0.05292597338741809,2.713065845427497,7.441532595301885e-08
0.10812290430501088,0.05292597338741809,0.13031047560052444,3.9761144326083525e-08
0.10812290430501088,0.05292597338741809,0.8892712112335821,4.685864976568867e-08
0.10812290430501088,0.05292597338741809,0.7694141395663485,4.3648242957107446e-08
0.10812290430501088,0.05292597338741809,2.6111623454458806,7.411950407149209e-08
0.10812290430501088,0.05292597338741809,1.3156259269478556,5.88188623887258e-08
0.10812290430501088,0.05292597338741809,0.7036506398718485,4.208255692823773e-08
0.10812290430501088,0.05292597338741809,1.3369121136216773,5.9349822558452615e-08
0.10812290430501088,0.05292597338741809,1.6545067943995138,6.595724716016588e-08
0.10812290430501088,0.05292597338741809,1.6597670845299828,6.604565152162217e-08
0.10812290430501088,0.05292597338741809,0.7022546233799938,4.20512735814981e-08
0.10812290430501088,0.05292597338741809,2.4641851824871184,7.357752212126825e-08
0.10812290430501088,0.05292597338741809,1.09687477845573,5.285995379449979e-08
0.10812290430501088,0.05292597338741809,1.0280398072053023,5.0862781553353916e-08
0.10812290430501088,0.05292597338741809,1.1520436913960492,5.443315945615493e-08
0.10812290430501088,0.05292597338741809,1.034861775787252,5.1061592776188667e-08
0.10812290430501088,0.05292597338741809,0.2527272804099989,3.828684153786761e-08
0.10812290430501088,0.05292597338741809,0.3329149338492994,3.789883175933489e-08
0.10812290430501088,0.05292597338741809,2.613885097379189,7.412818300808105e-08
0.10812290430501088,0.05292597338741809,1.3103325302759221,5.868524263929296e-08
0.10812290430501088,0.05292597338741809,0.39032355353948134,3.7918084569858226e-08
0.10812290430501088,0.05292597338741809,1.701543653748762,6.67244568967984e-08
0.10812290430501088,0.05292597338741809,1.1151409919228603,5.3384455099048155e-08
0.10812290430501088,0.05292597338741809,1.2403549279243156,5.686281062378419e-08
0.10812290430501088,0.05292597338741809,2.7615399319632314,7.453692645004148e-08
0.10812290430501088,0.05292597338741809,1.110776917379409,5.325943309807683e-08
0.10812290430501088,0.05292597338741809,2.630397460408613,7.417985944368286e-08
0.10812290430501088,0.05292597338741809,-2.4064493049514306,7.515530307032495e-08
0.10812290430501088,0.05292597338741809,-0.6212642056584858,5.9318345708603666e-08
0.10812290430501088,0.05292597338741809,-2.333398143635315,7.506212982197387e-08
0.10812290430501088,0.05292597338741809,-1.1432760232821422,6.891424936965534e-08
0.10812290430501088,0.05292597338741809,-1.555523173347216,7.258836042262468e-08
0.10812290430501088,0.05292597338741809,-1.6167516205810644,7.293928325914097e-08
0.10812290430501088,0.05292597338741809,-2.2089233856201815,7.486911286137109e-08
0.10812290430501088,0.05292597338741809,-2.256184258170557,7.49479850713327e-08
0.10812290430501088,0.05292597338741809,-0.9211653069827928,6.563296034626416e-08
0.10812290430501088,0.05292597338741809,-2.016318820033246,7.44608679949687e-08
0.10812290430501088,0.05292597338741809,-0.9925828218448256,6.680942818598495e-08
0.10812290430501088,0.05292597338741809,-2.468852498078541,7.522494747416889e-08
0.10812290430501088,0.05292597338741809,-0.9188137960011553,6.559214976324926e-08
0.10812290430501088,0.05292597338741809,-2.6713974248668997,7.5400027942797e-08
0.10812290430501088,0.05292597338741809,-2.2118749502608925,7.487425478565151e-08
0.10812290430501088,0.05292597338741809,-2.5366403419006147,7.529149488748322e-08
0.10812290430501088,0.05292597338741809,-2.5047482164345776,7.526129360442934e-08
0.10812290430501088,0.05292597338741809,-2.2267353809790578,7.489969749881008e-08
0.10812290430501088,0.05292597338741809,-2.954196396835307,7.55521217747808e-08
0.10812290430501088,0.05292597338741809,-1.5749117729435549,7.270378057104117e-08
0.10812290430501088,0.05292597338741809,-2.3529568140175474,7.508840145787916e-08
0.10812290430501088,0.05292597338741809,-1.0826268272670847,6.81258064003424e-08
0.10812290430501088,0.05292597338741809,-2.332670626157667,7.506113300615745e-08
0.10812290430501088,0.05292597338741809,-0.6738677850089649,6.058686141659454e-08
0.10812290430501088,0.05292597338741809,-1.480449244356235,7.210096151310782e-08
0.10812290430501088,0.05292597338741809,-1.1804866281284787,6.936135541711697e-08
0.10812290430501088,0.05292597338741809,-0.10695681091637788,4.499291168153211e-08
0.10812290430501088,0.05292597338741809,-2.2462830597951795,7.49320593744729e-08
0.10812290430501088,0.05292597338741809,-2.7430514935163948,7.544697033625712e-08
0.10812290430501088,0.05292597338741809,-2.0449346276807248,7.453157655238565e-08
0.10812290430501088,0.05292597338741809,-2.7555950406045993,7.545452356734197e-08
0.10812290430501088,0.05292597338741809,-2.5846899848299323,7.533355069521817e-08
0.10812290430501088,0.05292597338741809,-2.7014682118057145,7.542054286074219e-08
0.10812290430501088,0.05292597338741809,-0.9582699426219952,6.625927947527166e-08
0.10812290430501088,0.05292597338741809,-0.7184018067070883,6.160857246100462e-08
0.10812290430501088,0.05292597338741809,-2.74048999562164,7.544540465668137e-08
0.10812290430501088,0.05292597338741809,-2.167945145587958,7.479457800682231e-08
0.10812290430501088,0.05292597338741809,-2.138198594574542,7.473661860013251e-08
0.10812290430501088,0.05292597338741809,-0.050027282981627064,4.3523046267238974e-08
0.10812290430501088,0.05292597338741809,-0.0864444215563327,4.445179021567764e-08
0.10812290430501088,0.05292597338741809,-0.905823409438117,6.536427594934233e-08
0.10812290430501088,0.05292597338741809,-0.9918390446970218,6.679779400187089e-08
0.10812290430501088,0.05292597338741809,-1.203385005580864,6.962327564780297e-08
0.10812290430501088,0.05292597338741809,-1.5295956443820853,7.242748567054045e-08
0.10812290430501088,0.05292597338741809,-0.5864249159263717,5.844303770871137e-08
0.10812290430501088,0.05292597338741809,-0.8087363843445043,6.352896193201459e-08
0.10812290430501088,0.05292597338741809,-1.841110134388531,7.393176478491955e-08
0.10812290430501088,0.05292597338741809,-2.2571981074652703,7.494959846071494e-08
0.10812290430501088,0.05292597338741809,-2.120829185545067,7.47011907998004e-08
0.10812290430501088,0.05292597338741809,-0.8183103742371309,6.372043394506683e-08
0.10812290430501088,0.05292597338741809,-2.9261477328581735,7.554056055772288e-08
0.10812290430501088,0.05292597338741809,-0.7623264932243168,6.256801577660806e-08
0.10812290430501088,0.05292597338741809,-2.3830717704429736,7.51269290837266e-08
0.10812290430501088,0.05292597338741809,-1.391410493853661,7.143084939912655e-08
0.10812290430501088,0.05292597338741809,-0.19721681348888875,4.749065556898161e-08
0.10812290430501088,0.05292597338741809,-2.3064707172621506,7.502426966573198e-08
0.10812290430501088,0.05292597338741809,-1.1531890819847679,6.903601058868221e-08
0.10812290430501088,0.05292597338741809,-2.7694916326604218,7.546267494770498e-08
0.10812290430501088,0.05292597338741809,-2.306705848787031,7.502460899361065e-08
0.10812290430501088,0.05292597338741809,-1.512933800180532,7.232002452232931e-08
0.10812290430501088,0.05292597338741809,-1.1519228481783579,6.902056597748712e-08
0.10812290430501088,0.05292597338741809,-1.684705840709892,7.328498961804937e-08
0.10812290430501088,0.05292597338741809,-2.5460728120684433,7.530006877720456e-08
0.10812290430501088,0.05292597338741809,-1.4929372724931238,7.218669941278276e-08
0.10812290430501088,0.05292597338741809,-2.821013305314763,7.549100782571266e-08
0.10812290430501088,0.05292597338741809,-1.6905124461041248,7.331255252950485e-08
0.10812290430501088,0.05292597338741809,-2.658336405321892,7.539072953549574e-08
0.10812290430501088,0.05292597338741809,-0.17101766339877056,4.6749610656927936e-08
0.10812290430501088,0.05292597338741809,-0.4970083048611893,5.608007564012875e-08
0.10812290430501088,0.05292597338741809,-2.2170692427714886,7.488323209156588e-08
0.10812290430501088,0.05292597338741809,-2.806477836180484,7.548330572666844e-08
0.10812290430501088,0.05292597338741809,-0.8250321963269038,6.385348484928996e-08
0.10812290430501088,0.05292597338741809,-0.7069364159389546,6.135020269407912e-08
0.10812290430501088,0.05292597338741809,-1.9458876023096563,7.426926849767386e-08
0.10812290430501088,0.05292597338741809,-2.7842215531440555,7.547107318541438e-08
0.10812290430501088,0.05292597338741809,-1.866720792082338,7.402059983704888e-08
0.10812290430501088,0.05292597338741809,-1.4472123417035077,7.186317009629655e-08
0.10812290430501088,0.05292597338741809,-2.4692169420785093,7.522532957278524e-08
0.10812290430501088,0.05292597338741809,-2.6132629685827586,7.535672914246683e-08
0.10812290430501088,0.05292597338741809,-2.287374610513384,7.499618239465907e-08
0.10812290430501088,0.05292597338741809,-0.9024977135743795,6.530527503439445e-08
0.10812290430501088,0.05292597338741809,-0.8810875592592593,6.491893277852476e-08
0.10812290430501088,0.05292597338741809,-0.3383391562497806,5.15812718256545e-08
0.10812290430501088,0.05292597338741809,-0.9609913322735424,6.630392207075013e-08
0.10812290430501088,0.05292597338741809,-2.295135538834756,7.500772443662951e-08
0.10812290430501088,0.05292597338741809,-1.1963680732685995,6.954406071389112e-08
0.10812290430501088,0.05292597338741809,-1.7345972633982685,7.351232768325452e-08
0.10812290430501088,0.05292597338741809,-2.2809466377036913,7.498648891083682e-08
0.10812290430501088,0.05292597338741809,-1.7251836671564995,7.347104413015402e-08
0.10812290430501088,0.05292597338741809,-0.22467472370995045,4.827720104568105e-08
0.10812290430501088,0.05292597338741809,-1.045068937180379,6.759859810989451e-08
0.10812290430501088,0.05292597338741809,-1.1565272722489945,6.907657599899187e-08
0.10812290430501088,0.05292597338741809,-1.2490001131132555,7.011629852920081e-08
0.10812290430501088,0.05292597338741809,-0.3150871920806977,5.090422223580052e-08
0.10812290430501088,0.05292597338741809,-0.31884532067094984,5.101374591756375e-08
0.10812290430501088,0.05292597338741809,-2.3774883176795125,7.511995705411249e-08
0.10812290430501088,0.05292597338741809,-2.9704419307572896,7.555852876846904e-08
0.10812290430501088,0.05292597338741809,-0.7471077878326056,6.224107557366927e-08
0.10812290430501088,0.05292597338741809,-0.16562109884369125,4.659835278297815e-08
0.10812290430501088,0.05292597338741809,-0.9990535948809747,6.691010574483278e-08
