x_1,x_2,eta,WQ
0.09931058478318572,0.11134846291901325,2.714367441490681,1.1008057930084207e-08
0.09931058478318572,0.11134846291901325,2.838660221660281,1.1026909040824365e-08
0.09931058478318572,0.11134846291901325,1.377507318714927,9.96697818432077e-09
0.09931058478318572,0.11134846291901325,0.8818001928778605,8.541894051695793e-09
0.09931058478318572,0.11134846291901325,2.559197206152586,1.0977032955032618e-08
0.09931058478318572,0.11134846291901325,1.7519697771760163,1.0529681719129348e-08
0.09931058478318572,0.11134846291901325,1.725861506410637,1.0501082170092659e-08
0.09931058478318572,0.11134846291901325,2.8283854510198605,1.1025519959548735e-08
0.09931058478318572,0.11134846291901325,1.740821774537587,1.051763262414104e-08
0.09931058478318572,0.11134846291901325,1.4304489987051991,1.006920604068252e-08
0.09931058478318572,0.11134846291901325,2.9652065188954553,1.1041891474343244e-08
0.09931058478318572,0.11134846291901325,2.878041550059538,1.1031979422311989e-08
0.09931058478318572,0.11134846291901325,2.0897945839016936,1.0799457395171656e-08
0.09931058478318572,0.11134846291901325,1.9730515219641984,1.0724556221173909e-08
0.09931058478318572,0.11134846291901325,2.1587348348255526,1.0836530363596429e-08
0.09931058478318572,0.11134846291901325,2.506105721508714,1.0964058632113334e-08
0.09931058478318572,0.11134846291901325,2.366770048268718,1.0922875085214055e-08
0.09931058478318572,0.11134846291901325,2.818031832855714,1.1024091410783579e-08
0.09931058478318572,0.11134846291901325,2.297439442760394,1.08978433288587e-08
0.09931058478318572,0.11134846291901325,2.256570160398388,1.0881440354086185e-08
0.09931058478318572,0.11134846291901325,2.682873459952278,1.1002501928522836e-08
0.09931058478318572,0.11134846291901325,1.3633704541753766,9.938213932204192e-09
0.09931058478318572,0.11134846291901325,1.4399941503245073,1.00867393569706e-08
0.09931058478318572,0.11134846291901325,2.594489427021352,1.0984941081069426e-08
0.09931058478318572,0.11134846291901325,2.7370926074204616,1.1011858351248217e-08
0.09931058478318572,0.11134846291901325,1.7101286645557712,1.048319585039857e-08
0.09931058478318572,0.11134846291901325,1.8594580448447735,1.0634250528984442e-08
0.09931058478318572,0.11134846291901325,2.7992381509218394,1.10214225316344e-08
0.09931058478318572,0.11134846291901325,0.7579153048948268,8.055131442690163e-09
0.09931058478318572,0.11134846291901325,2.3366834189366212,1.0912423019101668e-08
0.09931058478318572,0.11134846291901325,2.607601891063379,1.0987742680660004e-08
0.09931058478318572,0.11134846291901325,2.9541709043390907,1.1040729062039867e-08
0.09931058478318572,0.11134846291901325,2.2327197833758916,1.0871255098224479e-08
0.09931058478318572,0.11134846291901325,1.8509529595233585,1.0626699054442604e-08
0.09931058478318572,0.11134846291901325,1.9884128027247052,1.0735372984225057e-08
0.09931058478318572,0.11134846291901325,1.8850876534851981,1.0656308306323601e-08
0.09931058478318572,0.11134846291901325,2.254411174409183,1.0880537450166317e-08
0.09931058478318572,0.11134846291901325,2.7106425590429657,1.1007418619617892e-08
0.09931058478318572,0.11134846291901325,1.9601770212600766,1.071524897522277e-08
0.09931058478318572,0.11134846291901325,1.3139776487420773,9.832671768384747e-09
0.09931058478318572,0.11134846291901325,1.6890469860551318,1.0458434641525267e-08
0.09931058478318572,0.11134846291901325,2.3305480357614217,1.0910215885574864e-08
0.09931058478318572,0.11134846291901325,1.9649402590746479,1.0718718440075757e-08
0.09931058478318572,0.11134846291901325,0.8965046066480138,8.59670155658378e-09
0.09931058478318572,0.11134846291901325,1.740074367782972,1.0516816196577391e-08
0.09931058478318572,0.11134846291901325,2.65563895814463,1.0997411917566111e-08
0.09931058478318572,0.11134846291901325,1.161455570673778,9.454258311779572e-09
0.09931058478318572,0.11134846291901325,2.824288845089548,1.1024958216776197e-08
0.09931058478318572,0.11134846291901325,1.8513056966995713,1.062701457950825e-08
0.09931058478318572,0.11134846291901325,0.27727201137718227,6.124189844722067e-09
0.09931058478318572,0.11134846291901325,1.490856149198792,1.0175733224343625e-08
0.09931058478318572,0.11134846291901325,2.1682478769501694,1.0841275024022138e-08
0.09931058478318572,0.11134846291901325,1.9823357938572213,1.0731130830404182e-08
0.09931058478318572,0.11134846291901325,2.740354599056202,1.1012390039025463e-08
0.09931058478318572,0.11134846291901325,2.039345874925311,1.0769093529838814e-08
0.09931058478318572,0.11134846291901325,0.738774566923877,7.976518623156793e-09
0.09931058478318572,0.11134846291901325,0.7329491211988808,7.952447063486449e-09
0.09931058478318572,0.11134846291901325,2.116615787372356,1.0814459771355416e-08
0.09931058478318572,0.11134846291901325,1.8820922076910396,1.0653783502868852e-08
0.09931058478318572,0.11134846291901325,2.7274387130942297,1.1010264648414032e-08
0.09931058478318572,0.11134846291901325,0.7969295613183744,8.212834665417034e-09
0.09931058478318572,0.11134846291901325,1.5106735349762181,1.0208449581664583e-08
0.09931058478318572,0.11134846291901325,2.1433962491539775,1.0828696770362623e-08
0.09931058478318572,0.11134846291901325,1.203826699814813,9.567634906173126e-09
0.09931058478318572,0.11134846291901325,2.2234844014762225,1.0867184227560668e-08
0.09931058478318572,0.11134846291901325,1.1631049374676166,9.458793600119424e-09
0.09931058478318572,0.11134846291901325,1.3292069955600048,9.866062398234676e-09
0.09931058478318572,0.11134846291901325,2.2355553135119015,1.087249057374663e-08
0.09931058478318572,0.11134846291901325,1.3547468090775765,9.920356034714236e-09
0.09931058478318572,0.11134846291901325,2.379404507308447,1.0927085917948956e-08
0.09931058478318572,0.11134846291901325,1.9164419134130037,1.0681917548938347e-08
0.09931058478318572,0.11134846291901325,2.0854936444719954,1.0796980010372378e-08
0.09931058478318572,0.11134846291901325,1.9125956923946537,1.0678855134214289e-08
0.09931058478318572,0.11134846291901325,1.4789078778355225,1.0155485554189249e-08
0.09931058478318572,0.11134846291901325,2.4597108708748747,1.0951565540513081e-08
0.09931058478318572,0.11134846291901325,2.483411427184473,1.0958088741905554e-08
0.09931058478318572,0.11134846291901325,0.8871363689650011,8.561863478664883e-09
0.09931058478318572,0.11134846291901325,2.321482703186263,1.0906906456844272e-08
0.09931058478318572,0.11134846291901325,2.2643989060883865,1.0884683140093603e-08
0.09931058478318572,0.11134846291901325,1.9310242507332838,1.0693332492442013e-08
0.09931058478318572,0.11134846291901325,1.904161442443504,1.0672063088336424e-08
0.09931058478318572,0.11134846291901325,1.963135876140134,1.0717407772974096e-08
0.09931058478318572,0.11134846291901325,1.6222216346995202,1.0373617563951012e-08
0.09931058478318572,0.11134846291901325,1.5985057287217108,1.0341074885831017e-08
0.09931058478318572,0.11134846291901325,1.2391704809873192,9.657279696078914e-09
0.09931058478318572,0.11134846291901325,2.6519900690206892,1.0996709024121352e-08
0.09931058478318572,0.11134846291901325,0.9141567387395222,8.661568603773834e-09
0.09931058478318572,0.11134846291901325,2.0801031058060406,1.0793846425002692e-08
0.09931058478318572,0.11134846291901325,2.3709336257872993,1.092427413594362e-08
0.09931058478318572,0.11134846291901325,2.7914973357337685,1.1020294150198307e-08
0.09931058478318572,0.11134846291901325,2.9183325666453457,1.103677402361884e-08
0.09931058478318572,0.11134846291901325,1.8347999612078882,1.061203044895838e-08
0.09931058478318572,0.11134846291901325,1.6176926533749543,1.0367505131971e-08
0.09931058478318572,0.11134846291901325,2.754365858466782,1.101463533132435e-08
0.09931058478318572,0.11134846291901325,1.2344447575028559,9.645549821751907e-09
0.09931058478318572,0.11134846291901325,2.2047997985115746,1.0858724585813741e-08
0.09931058478318572,0.11134846291901325,0.6254896419975511,7.4995250547367e-09
0.09931058478318572,0.11134846291901325,0.1862581314395957,5.863350688533665e-09
0.09931058478318572,0.11134846291901325,2.7693291268648283,1.101696568637284e-08
0.09931058478318572,0.11134846291901325,1.7022277947530604,1.0474023786063225e-08
0.09931058478318572,0.11134846291901325,-2.8441381634103173,1.1010644942597726e-08
0.09931058478318572,0.11134846291901325,-1.014495491087947,8.609934021267721e-09
0.09931058478318572,0.11134846291901325,-1.9740894258073665,1.0634443384779354e-08
0.09931058478318572,0.11134846291901325,-2.5660554530847666,1.094927536909011e-08
0.09931058478318572,0.11134846291901325,-0.14168601654869128,5.586517176721727e-09
0.09931058478318572,0.11134846291901325,-2.6788271491618834,1.0978236781782272e-08
0.09931058478318572,0.11134846291901325,-2.6891224065454766,1.0980576413789863e-08
0.09931058478318572,0.11134846291901325,-1.6298239071998997,1.021611368244182e-08
0.09931058478318572,0.11134846291901325,-2.0827632959519042,1.0721183844891328e-08
0.09931058478318572,0.11134846291901325,-2.642976173891644,1.0969711587293582e-08
0.09931058478318572,0.11134846291901325,-1.1754433883569884,9.159265611830746e-09
0.09931058478318572,0.11134846291901325,-0.17780722911141522,5.627020611108355e-09
0.09931058478318572,0.11134846291901325,-2.8195582984722467,1.1006466605369856e-08
0.09931058478318572,0.11134846291901325,-2.4808917992594908,1.0922776988659985e-08
0.09931058478318572,0.11134846291901325,-2.08024629770583,1.071936591141436e-08
0.09931058478318572,0.11134846291901325,-0.5833808854042397,6.838259905362091e-09
0.09931058478318572,0.11134846291901325,-2.41990981744517,1.0900927744392465e-08
0.09931058478318572,0.11134846291901325,-1.5610708228599148,1.009882224630232e-08
0.09931058478318572,0.11134846291901325,-1.7394183469468902,1.0377351656536614e-08
0.09931058478318572,0.11134846291901325,-1.9922714878226602,1.065019170127032e-08
0.09931058478318572,0.11134846291901325,-1.8115777628577652,1.0468079153804127e-08
0.09931058478318572,0.11134846291901325,-1.4555267275398949,9.891638770110953e-09
0.09931058478318572,0.11134846291901325,-0.6745468246813999,7.2206896097979586e-09
0.09931058478318572,0.11134846291901325,-0.8275909317170633,7.870287644156644e-09
0.09931058478318572,0.11134846291901325,-1.6506400164800583,1.0249078293606484e-08
0.09931058478318572,0.11134846291901325,-1.862433126587776,1.0525440846744598e-08
0.09931058478318572,0.11134846291901325,-1.9883061581559531,1.064680174276339e-08
0.09931058478318572,0.11134846291901325,-1.3373856901726542,9.616748139996115e-09
0.09931058478318572,0.11134846291901325,-1.5163721921229716,1.0015257794928025e-08
0.09931058478318572,0.11134846291901325,-2.4356568967850576,1.0906818701150443e-08
0.09931058478318572,0.11134846291901325,-2.103097593749022,1.0735561985609227e-08
0.09931058478318572,0.11134846291901325,-2.3600666924884637,1.0876836595099449e-08
0.09931058478318572,0.11134846291901325,-2.33701732696795,1.0866792777651687e-08
0.09931058478318572,0.11134846291901325,-2.2078018591811777,1.0801512655985046e-08
0.09931058478318572,0.11134846291901325,-1.6988873398120334,1.0321189495409779e-08
0.09931058478318572,0.11134846291901325,-1.165997514015101,9.129602926155056e-09
0.09931058478318572,0.11134846291901325,-2.85894192330995,1.1013065558480065e-08
0.09931058478318572,0.11134846291901325,-2.7622918763120383,1.0995911126872508e-08
0.09931058478318572,0.11134846291901325,-2.957197109581611,1.1027458757836911e-08
0.09931058478318572,0.11134846291901325,-0.6803292276089095,7.245306985337865e-09
0.09931058478318572,0.11134846291901325,-2.7656906327305038,1.0996571307335016e-08
0.09931058478318572,0.11134846291901325,-2.7791615964874774,1.0999144994315019e-08
0.09931058478318572,0.11134846291901325,-2.3440207183117865,1.086989162553129e-08
0.09931058478318572,0.11134846291901325,-2.442337263828412,1.0909264201275306e-08
0.09931058478318572,0.11134846291901325,-1.8473407460575393,1.0508955077035913e-08
0.09931058478318572,0.11134846291901325,-2.438507728461303,1.0907866174689232e-08
0.09931058478318572,0.11134846291901325,-2.4288693788852274,1.0904301445741301e-08
0.09931058478318572,0.11134846291901325,-0.7912592724054366,7.717695026472518e-09
0.09931058478318572,0.11134846291901325,-2.4507348656893857,1.091229388306245e-08
0.09931058478318572,0.11134846291901325,-0.12351148300225123,5.5714318932534804e-09
0.09931058478318572,0.11134846291901325,-1.0360473199687816,8.688737546785261e-09
0.09931058478318572,0.11134846291901325,-2.143413804213888,1.0762503008911821e-08
0.09931058478318572,0.11134846291901325,-2.763390204710858,1.0996124950359045e-08
0.09931058478318572,0.11134846291901325,-2.4765198741711627,1.0921294896428051e-08
0.09931058478318572,0.11134846291901325,-2.973695389343975,1.1029613424518433e-08
0.09931058478318572,0.11134846291901325,-0.34951814206053067,5.995347830874692e-09
0.09931058478318572,0.11134846291901325,-1.866985540176134,1.0530326998942493e-08
0.09931058478318572,0.11134846291901325,-2.492726009081219,1.0926726385793618e-08
0.09931058478318572,0.11134846291901325,-2.278877509841317,1.0839398640228943e-08
0.09931058478318572,0.11134846291901325,-1.5839705772103176,1.0139362729063957e-08
0.09931058478318572,0.11134846291901325,-0.6641288661521312,7.176401811176026e-09
0.09931058478318572,0.11134846291901325,-0.9943227838493938,8.534800115904876e-09
0.09931058478318572,0.11134846291901325,-2.0343658122139177,1.0684694495603106e-08
0.09931058478318572,0.11134846291901325,-1.6330947215482887,1.0221369453126131e-08
0.09931058478318572,0.11134846291901325,-1.5872028561797826,1.0144964394534288e-08
0.09931058478318572,0.11134846291901325,-1.9541914016067028,1.0616598036457627e-08
0.09931058478318572,0.11134846291901325,-2.706797466032064,1.0984484713320065e-08
0.09931058478318572,0.11134846291901325,-2.994814710940841,1.1032271009593692e-08
0.09931058478318572,0.11134846291901325,-1.2657183020647995,9.426130725396445e-09
0.09931058478318572,0.11134846291901325,-0.7205056759366397,7.416738652760377e-09
0.09931058478318572,0.11134846291901325,-1.7802755214044415,1.043012250919724e-08
0.09931058478318572,0.11134846291901325,-2.982797488502879,1.103077242134958e-08
0.09931058478318572,0.11134846291901325,-1.376649031260377,9.713410860785097e-09
0.09931058478318572,0.11134846291901325,-2.7976819963991213,1.1002573966679983e-08
0.09931058478318572,0.11134846291901325,-2.879687788833217,1.1016341133509195e-08
0.09931058478318572,0.11134846291901325,-1.2454542346249597,9.368843788633138e-09
0.09931058478318572,0.11134846291901325,-1.5995088610480401,1.016602231383319e-08
0.09931058478318572,0.11134846291901325,-2.5755281616321857,1.0951960663728307e-08
0.09931058478318572,0.11134846291901325,-0.4918905480802911,6.476080708162914e-09
0.09931058478318572,0.11134846291901325,-2.3800858109824805,1.0885206441656327e-08
0.09931058478318572,0.11134846291901325,-2.3383844656642143,1.0867400979461547e-08
0.09931058478318572,0.11134846291901325,-2.362107850252999,1.0877704803991787e-08
0.09931058478318572,0.11134846291901325,-2.5813280629200754,1.0953580510434897e-08
0.09931058478318572,0.11134846291901325,-2.4060914396614095,1.089560879038113e-08
0.09931058478318572,0.11134846291901325,-1.9304332416182675,1.0594426063148049e-08
0.09931058478318572,0.11134846291901325,-1.0466362228451351,8.726886080104545e-09
0.09931058478318572,0.11134846291901325,-1.1644471948046846,9.124703075505101e-09
0.09931058478318572,0.11134846291901325,-1.2409233170301333,9.355828243504583e-09
0.09931058478318572,0.11134846291901325,-2.511298873271896,1.093274477652452e-08
0.09931058478318572,0.11134846291901325,-2.3854988030545314,1.0887414784266131e-08
0.09931058478318572,0.11134846291901325,-0.12494764937862834,5.572493414677234e-09
0.09931058478318572,0.11134846291901325,-2.927036813823023,1.1023333622061115e-08
0.09931058478318572,0.11134846291901325,-2.729948561413874,1.0989403247716244e-08
0.09931058478318572,0.11134846291901325,-0.8973886833753539,8.156848823209654e-09
0.09931058478318572,0.11134846291901325,-1.949126707751998,1.0611951482487404e-08
0.09931058478318572,0.11134846291901325,-2.168401428147806,1.0778206241861674e-08
0.09931058478318572,0.11134846291901325,-0.11428274224803525,5.565147746999985e-09
0.09931058478318572,0.11134846291901325,-2.001860092103198,1.0658287749545405e-08
0.09931058478318572,0.11134846291901325,-1.8354250068048445,1.0495622648046121e-08
0.09931058478318572,0.11134846291901325,-2.35636171561937,1.0875251957623463e-08
