x_1,x_2,eta,WQ
0.05,0.1010204081632653,1.0133779264214047,0.03214875727901564
0.05204081632653061,0.1010204081632653,1.0133779264214047,0.0297621254018022
0.05408163265306123,0.1010204081632653,1.0133779264214047,0.027587171169965948
0.05612244897959184,0.1010204081632653,1.0133779264214047,0.025605934413916925
0.05816326530612245,0.1010204081632653,1.0133779264214047,0.023804529618865394
0.06020408163265306,0.1010204081632653,1.0133779264214047,0.022169448908292293
0.06224489795918367,0.1010204081632653,1.0133779264214047,0.020682136427065057
0.06428571428571428,0.1010204081632653,1.0133779264214047,0.019324388029872436
0.0663265306122449,0.1010204081632653,1.0133779264214047,0.018080522099743254
0.06836734693877551,0.1010204081632653,1.0133779264214047,0.016937388940703332
0.07040816326530612,0.1010204081632653,1.0133779264214047,0.0158853290618676
0.07244897959183674,0.1010204081632653,1.0133779264214047,0.014916567195222254
0.07448979591836735,0.1010204081632653,1.0133779264214047,0.014023764606209008
0.07653061224489796,0.1010204081632653,1.0133779264214047,0.01320016946516641
0.07857142857142857,0.1010204081632653,1.0133779264214047,0.012439604222370849
0.08061224489795918,0.1010204081632653,1.0133779264214047,0.011711755469825575
0.08265306122448979,0.1010204081632653,1.0133779264214047,0.011058329812991055
0.0846938775510204,0.1010204081632653,1.0133779264214047,0.010452453463313032
0.08673469387755102,0.1010204081632653,1.0133779264214047,0.009889318747054641
0.08877551020408163,0.1010204081632653,1.0133779264214047,0.009365016532476724
0.09081632653061225,0.1010204081632653,1.0133779264214047,0.008876112842976628
0.09285714285714286,0.1010204081632653,1.0133779264214047,0.008419569702950887
0.09489795918367347,0.1010204081632653,1.0133779264214047,0.00799268692601164
0.09693877551020408,0.1010204081632653,1.0133779264214047,0.007593144934440383
0.09897959183673469,0.1010204081632653,1.0133779264214047,0.007218903903883604
0.1010204081632653,0.1010204081632653,1.0133779264214047,0.006867973658892933
0.1030612244897959,0.1010204081632653,1.0133779264214047,0.006538387026623608
0.10510204081632653,0.1010204081632653,1.0133779264214047,0.00622865916366867
0.10714285714285714,0.1010204081632653,1.0133779264214047,0.005937457842056847
0.10918367346938776,0.1010204081632653,1.0133779264214047,0.00566354230986997
0.11122448979591837,0.1010204081632653,1.0133779264214047,0.005405757961342229
0.11326530612244898,0.1010204081632653,1.0133779264214047,0.005163030988907983
0.11530612244897959,0.1010204081632653,1.0133779264214047,0.004934356804309141
0.1173469387755102,0.1010204081632653,1.0133779264214047,0.004718804112847136
0.1193877551020408,0.1010204081632653,1.0133779264214047,0.00451545892069859
0.12142857142857143,0.1010204081632653,1.0133779264214047,0.004323236648255859
0.12346938775510204,0.1010204081632653,1.0133779264214047,0.004141427679693354
0.12551020408163266,0.1010204081632653,1.0133779264214047,0.0039694151296865345
0.12755102040816324,0.1010204081632653,1.0133779264214047,0.003806615886630147
0.12959183673469388,0.1010204081632653,1.0133779264214047,0.0036524799136088077
0.13163265306122449,0.1010204081632653,1.0133779264214047,0.0035064892456333117
0.1336734693877551,0.1010204081632653,1.0133779264214047,0.003368156779588
0.1357142857142857,0.1010204081632653,1.0133779264214047,0.0032370249305632994
0.1377551020408163,0.1010204081632653,1.0133779264214047,0.003112661238102556
0.13979591836734695,0.1010204081632653,1.0133779264214047,0.0029946287051640288
0.14183673469387753,0.1010204081632653,1.0133779264214047,0.002882496961841461
0.14387755102040817,0.1010204081632653,1.0133779264214047,0.002775871113253492
0.14591836734693875,0.1010204081632653,1.0133779264214047,0.0026743894306608196
0.14795918367346939,0.1010204081632653,1.0133779264214047,0.002577720050131478
0.15,0.1010204081632653,1.0133779264214047,0.002485558045459607
