x_1,x_2,eta,WQ
0.07083333333333333,0.07083333333333333,-3.0,0.03659558360555134
0.07083333333333333,0.07083333333333333,-2.969849246231156,0.03658436624402556
0.07083333333333333,0.07083333333333333,-2.9396984924623117,0.03657245920643879
0.07083333333333333,0.07083333333333333,-2.909547738693467,0.03655982058734305
0.07083333333333333,0.07083333333333333,-2.879396984924623,0.036546405998726876
0.07083333333333333,0.07083333333333333,-2.849246231155779,0.03653216843111973
0.07083333333333333,0.07083333333333333,-2.819095477386935,0.036517058107990816
0.07083333333333333,0.07083333333333333,-2.7889447236180906,0.036501022333263404
0.07083333333333333,0.07083333333333333,-2.758793969849246,0.03648400533178299
0.07083333333333333,0.07083333333333333,-2.728643216080402,0.0364659480825998
0.07083333333333333,0.07083333333333333,-2.698492462311558,0.03644678814495306
0.07083333333333333,0.07083333333333333,-2.6683417085427137,0.03642645947687718
0.07083333333333333,0.07083333333333333,-2.6381909547738696,0.03640489224638935
0.07083333333333333,0.07083333333333333,-2.608040201005025,0.03638201263526451
0.07083333333333333,0.07083333333333333,-2.577889447236181,0.036357742635459184
0.07083333333333333,0.07083333333333333,-2.5477386934673367,0.036331999838309495
0.07083333333333333,0.07083333333333333,-2.5175879396984926,0.03630469721670461
0.07083333333333333,0.07083333333333333,-2.4874371859296485,0.036275742900522996
0.07083333333333333,0.07083333333333333,-2.457286432160804,0.03624503994571995
0.07083333333333333,0.07083333333333333,-2.4271356783919598,0.036212486097569496
0.07083333333333333,0.07083333333333333,-2.3969849246231156,0.03617797354869561
0.07083333333333333,0.07083333333333333,-2.3668341708542715,0.036141388692677676
0.07083333333333333,0.07083333333333333,-2.3366834170854274,0.03610261187418498
0.07083333333333333,0.07083333333333333,-2.306532663316583,0.03606151713678791
0.07083333333333333,0.07083333333333333,-2.2763819095477387,0.03601797196980986
0.07083333333333333,0.07083333333333333,-2.2462311557788945,0.03597183705582799
0.07083333333333333,0.07083333333333333,-2.2160804020100504,0.03592296602070369
0.07083333333333333,0.07083333333333333,-2.1859296482412063,0.035871205188327954
0.07083333333333333,0.07083333333333333,-2.1557788944723617,0.035816393342605904
0.07083333333333333,0.07083333333333333,-2.1256281407035176,0.03575836149958024
0.07083333333333333,0.07083333333333333,-2.0954773869346734,0.035696932693008374
0.07083333333333333,0.07083333333333333,-2.0653266331658293,0.03563192177716447
0.07083333333333333,0.07083333333333333,-2.035175879396985,0.03556313525113907
0.07083333333333333,0.07083333333333333,-2.0050251256281406,0.03549037110945529
0.07083333333333333,0.07083333333333333,-1.9748743718592965,0.03541341872441564
0.07083333333333333,0.07083333333333333,-1.9447236180904524,0.03533205876623688
0.07083333333333333,0.07083333333333333,-1.914572864321608,0.03524606316772315
0.07083333333333333,0.07083333333333333,-1.8844221105527639,0.03515519514096922
0.07083333333333333,0.07083333333333333,-1.8542713567839197,0.03505920925437426
0.07083333333333333,0.07083333333333333,-1.8241206030150754,0.03495785157907989
0.07083333333333333,0.07083333333333333,-1.7939698492462313,0.034850859914818684
0.07083333333333333,0.07083333333333333,-1.763819095477387,0.03473796410606477
0.07083333333333333,0.07083333333333333,-1.7336683417085428,0.03461888646030774
0.07083333333333333,0.07083333333333333,-1.7035175879396987,0.03449334228121184
0.07083333333333333,0.07083333333333333,-1.6733668341708543,0.03436104053036057
0.07083333333333333,0.07083333333333333,-1.6432160804020102,0.03422168463220124
0.07083333333333333,0.07083333333333333,-1.6130653266331658,0.034074973437673815
0.07083333333333333,0.07083333333333333,-1.5829145728643217,0.03392060236280218
0.07083333333333333,0.07083333333333333,-1.5527638190954773,0.033758264719212644
0.07083333333333333,0.07083333333333333,-1.5226130653266332,0.03358765325408253
0.07083333333333333,0.07083333333333333,-1.492462311557789,0.03340846191736484
0.07083333333333333,0.07083333333333333,-1.4623115577889447,0.03322038787423185
0.07083333333333333,0.07083333333333333,-1.4321608040201006,0.03302313378046795
0.07083333333333333,0.07083333333333333,-1.4020100502512562,0.032816410337955335
0.07083333333333333,0.07083333333333333,-1.3718592964824121,0.032599939146359995
0.07083333333333333,0.07083333333333333,-1.341708542713568,0.032373455865558134
0.07083333333333333,0.07083333333333333,-1.3115577889447236,0.032136713701160294
0.07083333333333333,0.07083333333333333,-1.2814070351758795,0.031889487222600245
0.07083333333333333,0.07083333333333333,-1.2512562814070352,0.03163157651956685
0.07083333333333333,0.07083333333333333,-1.221105527638191,0.03136281169797759
0.07083333333333333,0.07083333333333333,-1.190954773869347,0.031083057711136425
0.07083333333333333,0.07083333333333333,-1.1608040201005025,0.030792219515106672
0.07083333333333333,0.07083333333333333,-1.1306532663316584,0.030490247529599657
0.07083333333333333,0.07083333333333333,-1.100502512562814,0.030177143376788427
0.07083333333333333,0.07083333333333333,-1.07035175879397,0.02985296586038828
0.07083333333333333,0.07083333333333333,-1.0402010050251258,0.02951783713612554
0.07083333333333333,0.07083333333333333,-1.0100502512562815,0.02917194901240852
0.07083333333333333,0.07083333333333333,-0.9798994974874371,0.028815569306744768
0.07083333333333333,0.07083333333333333,-0.949748743718593,0.02844904816940086
0.07083333333333333,0.07083333333333333,-0.9195979899497488,0.028072824271236987
0.07083333333333333,0.07083333333333333,-0.8894472361809047,0.027687430737906617
0.07083333333333333,0.07083333333333333,-0.8592964824120606,0.027293500698120133
0.07083333333333333,0.07083333333333333,-0.829145728643216,0.02689177229994351
0.07083333333333333,0.07083333333333333,-0.7989949748743719,0.026483093036742022
0.07083333333333333,0.07083333333333333,-0.7688442211055277,0.02606842321406652
0.07083333333333333,0.07083333333333333,-0.7386934673366836,0.025648838381264458
0.07083333333333333,0.07083333333333333,-0.7085427135678395,0.025225530547676858
0.07083333333333333,0.07083333333333333,-0.6783919597989949,0.024799808003769977
0.07083333333333333,0.07083333333333333,-0.6482412060301508,0.024373093573245748
0.07083333333333333,0.07083333333333333,-0.6180904522613067,0.023946921133814504
0.07083333333333333,0.07083333333333333,-0.5879396984924625,0.02352293026252457
0.07083333333333333,0.07083333333333333,-0.5577889447236184,0.023102858886783834
0.07083333333333333,0.07083333333333333,-0.5276381909547738,0.022688533854714654
0.07083333333333333,0.07083333333333333,-0.4974874371859297,0.022281859378207536
0.07083333333333333,0.07083333333333333,-0.46733668341708556,0.021884803348603068
0.07083333333333333,0.07083333333333333,-0.43718592964824143,0.021499381577582986
0.07083333333333333,0.07083333333333333,-0.4070351758793973,0.021127640073440618
0.07083333333333333,0.07083333333333333,-0.37688442211055273,0.02077163552387651
0.07083333333333333,0.07083333333333333,-0.3467336683417086,0.020433414218893168
0.07083333333333333,0.07083333333333333,-0.31658291457286447,0.020114989708978678
0.07083333333333333,0.07083333333333333,-0.28643216080402034,0.01981831955205317
0.07083333333333333,0.07083333333333333,-0.2562814070351762,0.0195452815549388
0.07083333333333333,0.07083333333333333,-0.22613065326633164,0.01929764995872347
0.07083333333333333,0.07083333333333333,-0.1959798994974875,0.019077072049775837
0.07083333333333333,0.07083333333333333,-0.16582914572864338,0.018885045697085698
0.07083333333333333,0.07083333333333333,-0.13567839195979925,0.018722898320254762
0.07083333333333333,0.07083333333333333,-0.10552763819095468,0.018591767779650912
0.07083333333333333,0.07083333333333333,-0.07537688442211055,0.018492585650482857
0.07083333333333333,0.07083333333333333,-0.045226130653266416,0.01842606329616446
0.07083333333333333,0.07083333333333333,-0.015075376884422287,0.018392681094458248
0.07083333333333333,0.07083333333333333,0.015075376884421843,0.018392681094458248
0.07083333333333333,0.07083333333333333,0.045226130653266416,0.01842606329616446
0.07083333333333333,0.07083333333333333,0.07537688442211055,0.018492585650482857
0.07083333333333333,0.07083333333333333,0.10552763819095468,0.018591767779650912
0.07083333333333333,0.07083333333333333,0.1356783919597988,0.01872289832025476
0.07083333333333333,0.07083333333333333,0.16582914572864293,0.01888504569708569
0.07083333333333333,0.07083333333333333,0.1959798994974875,0.019077072049775837
0.07083333333333333,0.07083333333333333,0.22613065326633164,0.01929764995872347
0.07083333333333333,0.07083333333333333,0.25628140703517577,0.019545281554938797
0.07083333333333333,0.07083333333333333,0.2864321608040199,0.019818319552053168
0.07083333333333333,0.07083333333333333,0.316582914572864,0.020114989708978674
0.07083333333333333,0.07083333333333333,0.3467336683417086,0.020433414218893168
0.07083333333333333,0.07083333333333333,0.37688442211055273,0.02077163552387651
0.07083333333333333,0.07083333333333333,0.40703517587939686,0.021127640073440614
0.07083333333333333,0.07083333333333333,0.437185929648241,0.021499381577582983
0.07083333333333333,0.07083333333333333,0.4673366834170851,0.021884803348603064
0.07083333333333333,0.07083333333333333,0.4974874371859297,0.022281859378207536
0.07083333333333333,0.07083333333333333,0.5276381909547738,0.022688533854714654
0.07083333333333333,0.07083333333333333,0.557788944723618,0.02310285888678383
0.07083333333333333,0.07083333333333333,0.5879396984924621,0.023522930262524566
0.07083333333333333,0.07083333333333333,0.6180904522613062,0.023946921133814497
0.07083333333333333,0.07083333333333333,0.6482412060301508,0.024373093573245748
0.07083333333333333,0.07083333333333333,0.6783919597989949,0.024799808003769977
0.07083333333333333,0.07083333333333333,0.708542713567839,0.02522553054767685
0.07083333333333333,0.07083333333333333,0.7386934673366832,0.025648838381264447
0.07083333333333333,0.07083333333333333,0.7688442211055273,0.02606842321406651
0.07083333333333333,0.07083333333333333,0.7989949748743719,0.026483093036742022
0.07083333333333333,0.07083333333333333,0.829145728643216,0.02689177229994351
0.07083333333333333,0.07083333333333333,0.8592964824120601,0.02729350069812013
0.07083333333333333,0.07083333333333333,0.8894472361809043,0.027687430737906606
0.07083333333333333,0.07083333333333333,0.9195979899497484,0.028072824271236984
0.07083333333333333,0.07083333333333333,0.949748743718593,0.02844904816940086
0.07083333333333333,0.07083333333333333,0.9798994974874371,0.028815569306744768
0.07083333333333333,0.07083333333333333,1.0100502512562812,0.029171949012408518
0.07083333333333333,0.07083333333333333,1.0402010050251258,0.02951783713612554
0.07083333333333333,0.07083333333333333,1.0703517587939695,0.029852965860388277
0.07083333333333333,0.07083333333333333,1.100502512562814,0.030177143376788427
0.07083333333333333,0.07083333333333333,1.1306532663316577,0.030490247529599654
0.07083333333333333,0.07083333333333333,1.1608040201005023,0.030792219515106665
0.07083333333333333,0.07083333333333333,1.190954773869347,0.031083057711136425
0.07083333333333333,0.07083333333333333,1.2211055276381906,0.03136281169797758
0.07083333333333333,0.07083333333333333,1.2512562814070352,0.03163157651956685
0.07083333333333333,0.07083333333333333,1.2814070351758788,0.03188948722260024
0.07083333333333333,0.07083333333333333,1.3115577889447234,0.03213671370116029
0.07083333333333333,0.07083333333333333,1.341708542713568,0.032373455865558134
0.07083333333333333,0.07083333333333333,1.3718592964824117,0.03259993914635999
0.07083333333333333,0.07083333333333333,1.4020100502512562,0.032816410337955335
0.07083333333333333,0.07083333333333333,1.4321608040201,0.03302313378046795
0.07083333333333333,0.07083333333333333,1.4623115577889445,0.03322038787423185
0.07083333333333333,0.07083333333333333,1.492462311557789,0.03340846191736484
0.07083333333333333,0.07083333333333333,1.5226130653266328,0.03358765325408253
0.07083333333333333,0.07083333333333333,1.5527638190954773,0.033758264719212644
0.07083333333333333,0.07083333333333333,1.582914572864321,0.03392060236280217
0.07083333333333333,0.07083333333333333,1.6130653266331656,0.034074973437673815
0.07083333333333333,0.07083333333333333,1.6432160804020102,0.03422168463220124
0.07083333333333333,0.07083333333333333,1.6733668341708539,0.03436104053036057
0.07083333333333333,0.07083333333333333,1.7035175879396984,0.03449334228121184
0.07083333333333333,0.07083333333333333,1.7336683417085421,0.03461888646030773
0.07083333333333333,0.07083333333333333,1.7638190954773867,0.03473796410606477
0.07083333333333333,0.07083333333333333,1.7939698492462313,0.034850859914818684
0.07083333333333333,0.07083333333333333,1.824120603015075,0.03495785157907989
0.07083333333333333,0.07083333333333333,1.8542713567839195,0.03505920925437426
0.07083333333333333,0.07083333333333333,1.8844221105527632,0.03515519514096922
0.07083333333333333,0.07083333333333333,1.9145728643216078,0.03524606316772315
0.07083333333333333,0.07083333333333333,1.9447236180904524,0.03533205876623688
0.07083333333333333,0.07083333333333333,1.974874371859296,0.03541341872441564
0.07083333333333333,0.07083333333333333,2.0050251256281406,0.03549037110945529
0.07083333333333333,0.07083333333333333,2.0351758793969843,0.03556313525113907
0.07083333333333333,0.07083333333333333,2.065326633165829,0.03563192177716447
0.07083333333333333,0.07083333333333333,2.0954773869346734,0.035696932693008374
0.07083333333333333,0.07083333333333333,2.125628140703517,0.03575836149958024
0.07083333333333333,0.07083333333333333,2.1557788944723617,0.035816393342605904
0.07083333333333333,0.07083333333333333,2.1859296482412054,0.035871205188327954
0.07083333333333333,0.07083333333333333,2.21608040201005,0.03592296602070369
0.07083333333333333,0.07083333333333333,2.2462311557788945,0.03597183705582799
0.07083333333333333,0.07083333333333333,2.2763819095477382,0.03601797196980986
0.07083333333333333,0.07083333333333333,2.306532663316583,0.03606151713678791
0.07083333333333333,0.07083333333333333,2.3366834170854265,0.03610261187418498
0.07083333333333333,0.07083333333333333,2.366834170854271,0.03614138869267767
0.07083333333333333,0.07083333333333333,2.3969849246231156,0.03617797354869561
0.07083333333333333,0.07083333333333333,2.4271356783919593,0.036212486097569496
0.07083333333333333,0.07083333333333333,2.457286432160804,0.03624503994571995
0.07083333333333333,0.07083333333333333,2.4874371859296476,0.036275742900522996
0.07083333333333333,0.07083333333333333,2.517587939698492,0.03630469721670461
0.07083333333333333,0.07083333333333333,2.5477386934673367,0.036331999838309495
0.07083333333333333,0.07083333333333333,2.5778894472361804,0.036357742635459184
0.07083333333333333,0.07083333333333333,2.608040201005025,0.03638201263526451
0.07083333333333333,0.07083333333333333,2.6381909547738687,0.03640489224638935
0.07083333333333333,0.07083333333333333,2.6683417085427132,0.03642645947687718
0.07083333333333333,0.07083333333333333,2.698492462311558,0.03644678814495306
0.07083333333333333,0.07083333333333333,2.7286432160804015,0.0364659480825998
0.07083333333333333,0.07083333333333333,2.758793969849246,0.03648400533178299
0.07083333333333333,0.07083333333333333,2.7889447236180906,0.036501022333263404
0.07083333333333333,0.07083333333333333,2.8190954773869343,0.036517058107990816
0.07083333333333333,0.07083333333333333,2.849246231155779,0.03653216843111973
0.07083333333333333,0.07083333333333333,2.8793969849246226,0.036546405998726876
0.07083333333333333,0.07083333333333333,2.909547738693467,0.03655982058734305
0.07083333333333333,0.07083333333333333,2.9396984924623117,0.03657245920643879
0.07083333333333333,0.07083333333333333,2.9698492462311554,0.03658436624402556
0.07083333333333333,0.07083333333333333,3.0,0.03659558360555134
