x_1,x_2,reweight
0.10660368273695839,0.5637542516593252,0.9433246520277108
0.10660368273695839,0.20403219408629747,0.9231668925434335
0.10660368273695839,0.5654329164870275,0.943628156608294
0.10660368273695839,0.15195482775817104,0.9300671590001374
0.10660368273695839,0.6165016540605331,0.9568100995611649
0.10660368273695839,0.2265995098087439,0.9226918260404671
0.10660368273695839,0.4788487132273543,0.9349754113976585
0.10660368273695839,0.355804624871694,0.9309672222830944
0.10660368273695839,0.025956536271175373,0.9851282767132218
0.10660368273695839,0.5079609372831356,0.9364607191937798
0.10660368273695839,0.47762883697022823,0.934922051901735
0.10660368273695839,0.597700865998851,0.9512284221458548
0.10660368273695839,0.5540212555187923,0.9416239009261859
0.10660368273695839,0.39794149245137933,0.933059382621422
0.10660368273695839,0.2681576740359133,0.9243134904323442
0.10660368273695839,0.3675156691776049,0.9318823423656615
0.10660368273695839,0.5637333012994448,0.9433209093280739
0.10660368273695839,0.2640126849373376,0.9240406691317194
0.10660368273695839,0.40678916633429474,0.9333042966144265
0.10660368273695839,0.5490130921088422,0.9408216278898258
0.10660368273695839,0.5646817689214728,0.943491382201925
0.10660368273695839,0.27673842199185744,0.9249505066601523
0.10660368273695839,0.03755639162037658,0.9755122446380952
0.10660368273695839,0.3741270800097459,0.9323240569649172
0.10660368273695839,0.3117415779040151,0.9280486645776905
0.10660368273695839,0.13628175759183372,0.9336191095398871
0.10660368273695839,0.3140218561193569,0.9282170673386816
0.10660368273695839,0.09301504634202937,0.9461339645343348
0.10660368273695839,0.6090329937791525,0.9545949966868403
0.10660368273695839,0.1560933970516611,0.9292996958243338
0.10660368273695839,0.05414107311588742,0.9624672408622511
0.10660368273695839,0.03888075885346893,0.9744441615421092
0.10660368273695839,0.14058404524235435,0.9323866147565123
0.10660368273695839,0.44276391040867696,0.9340672635954913
0.10660368273695839,0.168730684689321,0.9269031135528982
0.10660368273695839,0.5966105235443757,0.9509127985792168
0.10660368273695839,0.4500057561253155,0.9341809785895947
0.10660368273695839,0.001574743419944652,1.0146074605558975
0.10660368273695839,0.18846174602499016,0.9243815415481175
0.10660368273695839,0.3639620467441428,0.9316043955863251
0.10660368273695839,0.5803768082141335,0.9468861818976817
0.10660368273695839,0.3181210752608472,0.9285151445443967
0.10660368273695839,0.6101221789898648,0.9549093799821483
0.10660368273695839,0.5682588714945395,0.9441626791181809
0.10660368273695839,0.11800815284185168,0.9375379470619754
0.10660368273695839,0.3511484867497687,0.9306395509684517
0.10660368273695839,0.5365854877818055,0.9392035809370817
0.10660368273695839,0.26251621755737525,0.9239434777805625
0.10660368273695839,0.24647039647497693,0.9231288997525114
0.10660368273695839,0.5014397310501445,0.935995884787708
0.10660368273695839,0.5872012573206987,0.9484877001406914
0.10660368273695839,0.5202450511392679,0.9374149787157987
0.10660368273695839,0.5125985246261568,0.936813034685221
0.10660368273695839,0.06654423012119941,0.9567154057363073
0.10660368273695839,0.4194549537963778,0.9337168708196207
0.10660368273695839,0.5062394455885252,0.936335118039304
0.10660368273695839,0.10788193387724593,0.9411380679855825
0.10660368273695839,0.13506196431702294,0.93399104823242
0.10660368273695839,0.2467151617461965,0.9231384373779424
0.10660368273695839,0.2689130519928249,0.9243645511343344
0.10660368273695839,0.27858860937268864,0.9251088645929532
0.10660368273695839,0.46826679447376096,0.9345549765777478
0.10660368273695839,0.10684940110325324,0.9413766966213114
0.10660368273695839,0.3436669882081246,0.9301670830196307
0.10660368273695839,0.42712884871304985,0.9339426610639754
0.10660368273695839,0.3812560610685485,0.9326351860121557
0.10660368273695839,0.3039963829103634,0.9274581334264774
0.10660368273695839,0.2801849282707849,0.9252513276051971
0.10660368273695839,0.16416558684533314,0.9277280911922368
0.10660368273695839,0.39423630290973843,0.9329713713173972
0.10660368273695839,0.14425533282363576,0.9315755432465801
0.10660368273695839,0.5501534189457901,0.9409075484945307
0.10660368273695839,0.2634654315168111,0.9240049573116141
0.10660368273695839,0.48601936746436825,0.9352622881444053
0.10660368273695839,0.2355613808120692,0.9228122672007513
0.10660368273695839,0.5840316619222634,0.9477365304715087
0.10660368273695839,0.24044133379198232,0.9229221239178064
0.10660368273695839,0.22150270015989823,0.9226846119766058
0.10660368273695839,0.6375280618035718,0.9646099749520926
0.10660368273695839,0.4479546768638872,0.9341336573141618
0.10660368273695839,0.1777780966761425,0.9256680404864269
0.10660368273695839,0.6335323730829722,0.9630823541207296
0.10660368273695839,0.32377420599204837,0.9289215299207205
0.10660368273695839,0.09247390852387682,0.9463684013677263
0.10660368273695839,0.16036461316061007,0.9284538405714293
0.10660368273695839,0.1379621149829941,0.9331119216233045
0.10660368273695839,0.5081402827216869,0.9364739489793419
0.10660368273695839,0.5070297355224436,0.9363924749089432
0.10660368273695839,0.5713165733749254,0.9447894143565907
0.10660368273695839,0.33314693181647864,0.9295223963063742
0.10660368273695839,0.44474532299837277,0.9340854501412855
0.10660368273695839,0.6060753626378035,0.9537449739391625
0.10660368273695839,0.2522580323915942,0.9233697778005375
0.10660368273695839,0.005121065720740037,1.0086181227070516
0.10660368273695839,0.3732834680940748,0.9322759834924678
0.10660368273695839,0.5647968793181131,0.9435122312051573
0.10660368273695839,0.19735442961243246,0.9235277259082924
0.10660368273695839,0.12507704979758533,0.9354869323520146
0.10660368273695839,0.12917922162328166,0.9350456405437487
0.10660368273695839,0.37286255229377846,0.9322510770318904
0.10660368273695839,0.03600484949903983,0.9770841439143029
0.10660368273695839,0.12475094777016967,0.9355311518225928
0.10660368273695839,0.24635489462701557,0.9231244192985573
0.10660368273695839,0.053239046500995195,0.9630882545003382
0.10660368273695839,0.6013971778629021,0.9523581794408128
0.10660368273695839,0.5473000365271267,0.9407690684133071
0.10660368273695839,0.4702588615675925,0.9346182036440693
0.10660368273695839,0.12272657647325398,0.9359409933621259
0.10660368273695839,0.0866377128782762,0.9482942459899613
0.10660368273695839,0.4670835324185111,0.9345212770338078
0.10660368273695839,0.4174372515089466,0.9336465477764476
0.10660368273695839,0.22428123546447196,0.9226768620307059
0.10660368273695839,0.18216564185422118,0.9251203014847293
0.10660368273695839,0.2304101570557835,0.9227363123500208
0.10660368273695839,0.35686565024009576,0.9310478615850687
0.10660368273695839,0.035119776568871094,0.9780704896656394
0.10660368273695839,0.1971797889287882,0.923540060746125
0.10660368273695839,0.12151535798215664,0.9362853171097054
0.10660368273695839,0.08351530267721728,0.9491656778458026
0.10660368273695839,0.2772129017859722,0.9249903413111674
0.10660368273695839,0.20639608108514318,0.9230576195204585
0.10660368273695839,0.11403398024192016,0.9391486807265162
0.10660368273695839,0.33259202746889444,0.9294882920925549
0.10660368273695839,0.06296852494350584,0.9589367533908887
0.10660368273695839,0.6298069322727644,0.9616650154622489
0.10660368273695839,0.07199783800359985,0.9541528369324751
0.10660368273695839,0.17753629694260123,0.9256976188492281
0.10660368273695839,0.4731968669704007,0.9347276188543195
0.10660368273695839,0.5482762429955055,0.9408093397677934
0.10660368273695839,0.02290910971958269,0.9886201376255278
0.10660368273695839,0.034544128291478175,0.9786936124066167
0.10660368273695839,0.5532948522735698,0.9414765000166252
0.10660368273695839,0.4873090135327732,0.9353086731954201
0.10660368273695839,0.07757801848535605,0.9515832106704184
0.10660368273695839,0.6280587137420068,0.9609896729710782
0.10660368273695839,0.4941599745546113,0.9355741633561896
0.10660368273695839,0.25559873177517084,0.9235332724757938
0.10660368273695839,0.2753256803731926,0.9248354413215001
0.10660368273695839,0.04285293182480508,0.9707964125297911
0.10660368273695839,0.5557907111755499,0.9419316217564312
0.10660368273695839,0.4818558989222251,0.9351042653413483
0.10660368273695839,0.5888982003303822,0.9488987012910445
0.10660368273695839,0.1333959238594232,0.934410733785357
0.10660368273695839,0.01934925460858258,0.9922167639850921
0.10660368273695839,0.5075806342693558,0.9364327587966988
0.10660368273695839,0.4791330034516021,0.9349878139254686
0.10660368273695839,0.3860013124635732,0.9327738307461301
0.10660368273695839,0.46828930838654725,0.9345556448332103
0.10660368273695839,0.3565425864514874,0.9310231853333039
0.10660368273695839,0.2664181004261265,0.9241979463477684
0.10660368273695839,0.39738414800326033,0.9330458713373339
0.10660368273695839,0.6393700607877494,0.9653357642320405
0.10660368273695839,0.5374941205444953,0.9393626706975031
0.10660368273695839,0.5596504804734046,0.9426000720591797
0.10660368273695839,0.5529598072799512,0.9414067706872412
0.10660368273695839,0.03682367658430269,0.9762089802746367
0.10660368273695839,0.3426481620178577,0.9301027820026703
0.10660368273695839,0.1980608862883571,0.9234801048323883
0.10660368273695839,0.3724036704567996,0.9322232284742561
0.10660368273695839,0.027358252711556376,0.9841149957361999
0.10660368273695839,0.243643888772669,0.9230242101478449
0.10660368273695839,0.3216795569928227,0.9287722713437021
0.10660368273695839,0.11427568756174017,0.9390519599721606
0.10660368273695839,0.5534191265713707,0.9415022163844422
0.10660368273695839,0.03228892710819154,0.9804898117997091
0.10660368273695839,0.387021083039089,0.9327991251180819
0.10660368273695839,0.46514071065290524,0.9344716989223204
0.10660368273695839,0.30149964504619997,0.9272487055573531
0.10660368273695839,0.1978142336403892,0.92349631929187
0.10660368273695839,0.3248904441609465,0.9289989405817628
0.10660368273695839,0.31656032025256153,0.928402142138967
0.10660368273695839,0.5814930866823654,0.9471445666287531
0.10660368273695839,0.26041702835640645,0.9238109809201801
0.10660368273695839,0.09821885074126539,0.9438192399876275
0.10660368273695839,0.4675159734536997,0.9345332733260313
0.10660368273695839,0.5375772972834514,0.939377406164863
0.10660368273695839,0.4811780985845184,0.9350762922023622
0.10660368273695839,0.3780490441403151,0.9325137570047127
0.10660368273695839,0.16987658842854972,0.9267115874706826
0.10660368273695839,0.291824013509449,0.9263444283827338
0.10660368273695839,0.3840965600755204,0.9327231061192017
0.10660368273695839,0.20652401788577687,0.9230520092860672
0.10660368273695839,0.05369694485572503,0.9627659071773499
0.10660368273695839,0.2995105008634487,0.9270723251279472
0.10660368273695839,0.6332586134585795,0.9629789288011124
0.10660368273695839,0.0045314177994525305,1.010100640882407
0.10660368273695839,0.3634760996518154,0.9315659885323964
0.10660368273695839,0.047658054412864186,0.9668403208363819
0.10660368273695839,0.618830764257154,0.9575543588567814
0.10660368273695839,0.22914744699053108,0.9227198686520196
0.10660368273695839,0.6009578674310342,0.952223238360841
0.10660368273695839,0.13521635770310264,0.9339453444181784
0.10660368273695839,0.18533360445596883,0.9247372107341894
0.10660368273695839,0.1984587027468657,0.9234548740408474
0.10660368273695839,0.52218276028063,0.9375774714645988
0.10660368273695839,0.1253197311129477,0.9354561700453418
0.10660368273695839,0.15142058262507702,0.9301599755358555
0.10660368273695839,0.10483309574414904,0.9418226903879626
0.10660368273695839,0.5997396171125929,0.9518444462152762
0.10660368273695839,0.0964739306723079,0.9445697748740297
0.10660368273695839,0.08318696314170068,0.9492716916359261
0.10660368273695839,0.3913903623063317,0.9329017020511343
0.10660368273695839,0.12637705690714415,0.9353339507130399
0.10660368273695839,0.2592155638229472,0.9237378358408315
0.10660368273695839,0.04836278469946865,0.966443712427107
0.10660368273695839,0.44082180551629724,0.9340548282478575
0.10660368273695839,0.2592814859826735,0.9237417907028316
0.10660368273695839,0.5890867966370325,0.9489448870921466
0.10660368273695839,0.11187945129549513,0.9399678931021158
0.10660368273695839,0.49791364757164863,0.9357641385652543
0.10660368273695839,0.5645778672356963,0.9434725954172115
0.10660368273695839,0.1051472988982093,0.9417529310376697
0.10660368273695839,0.4953611727044879,0.9356297268155921
0.10660368273695839,0.02240266655623908,0.9892261322931173
0.10660368273695839,0.48705651948814843,0.9352996128465949
0.10660368273695839,0.08063933966203417,0.9502249627368741
0.10660368273695839,0.1244284052359006,0.9355803200598982
0.10660368273695839,0.21485218695310856,0.92278852905647
0.10660368273695839,0.2736817838738554,0.9247076358938746
0.10660368273695839,0.6489803485144967,0.9695459516803258
0.10660368273695839,0.4326027770542134,0.9340108756274503
0.10660368273695839,0.3191768656322994,0.9285914185605509
0.10660368273695839,0.15879762850539506,0.9287649526946347
0.10660368273695839,0.0935504173810192,0.9458965688607907
0.10660368273695839,0.24240170667585845,0.9229821766952029
0.10660368273695839,0.30790281506587797,0.9277622832839587
0.10660368273695839,0.04419459244854067,0.9694169937659326
0.10660368273695839,0.11408411907609275,0.9391286727705046
0.10660368273695839,0.12877373816887297,0.9350884310798305
0.10660368273695839,0.24308177963366814,0.9230048426507768
0.10660368273695839,0.46675968554694486,0.9345125286703755
0.10660368273695839,0.5097675399598496,0.936595348208792
0.10660368273695839,0.47927791615413434,0.9349941341498587
0.10660368273695839,0.21861631702632595,0.9227187464686806
0.10660368273695839,0.3451126519730498,0.9302590606012029
0.10660368273695839,0.15455013825307662,0.9295961707367523
0.10660368273695839,0.429359659663704,0.9339785926383908
0.10660368273695839,0.09113133438375733,0.9469158550419029
0.10660368273695839,0.0659154185232216,0.9571053662390948
0.10660368273695839,0.05491280862343218,0.9619908447506602
0.10660368273695839,0.5701399433201326,0.9445416514591517
0.10660368273695839,0.6437390998924404,0.9671371854643831
0.10660368273695839,0.2283484790154568,0.9227101619308848
0.10660368273695839,0.31008701400288996,0.9279255974354385
0.10660368273695839,0.07822107197683716,0.9512709014881167
0.10660368273695839,0.3178182032920415,0.9284932455189502
0.10660368273695839,0.36613393285933576,0.9317751091126203
0.10660368273695839,0.025596882000928845,0.9853936188263158
0.10660368273695839,0.36137359313553846,0.9313996576793505
0.10660368273695839,0.24090690750002872,0.9229356215644259
0.10660368273695839,0.35655674842862467,0.9310242650244296
0.10660368273695839,0.4402742280458743,0.9340519525072594
0.10660368273695839,0.19518533992768095,0.923697182454061
0.10660368273695839,0.15940084981380065,0.9286448762153291
0.10660368273695839,0.013198382589610636,0.9982523791655964
0.10660368273695839,0.04109894491369247,0.9725977243109291
0.10660368273695839,0.26506882057016595,0.9241095667264746
0.10660368273695839,0.00848300291997548,1.00405391171447
0.10660368273695839,0.19645656041288562,0.9235935552041235
0.10660368273695839,0.2750124696573969,0.924810698671777
0.10660368273695839,0.3476850272374515,0.9304197589365866
0.10660368273695839,0.41128771490868316,0.9334438982158011
0.10660368273695839,0.2988699710739889,0.9270142023033114
0.10660368273695839,0.5591344292571305,0.9425090188900451
0.10660368273695839,0.5677034763746933,0.9440546025267037
0.10660368273695839,0.006407143362704615,1.0066949509128797
0.10660368273695839,0.34141355758277075,0.9300259387866195
0.10660368273695839,0.0756135034553818,0.9525632391277787
0.10660368273695839,0.5346465401852819,0.9388833311075722
0.10660368273695839,0.45454891732987573,0.9342781407750431
0.10660368273695839,0.5145287959239611,0.9369653549955936
0.10660368273695839,0.08570917814624295,0.9485385306417231
0.10660368273695839,0.21597879000092501,0.9227655676247576
0.10660368273695839,0.5239197654247048,0.937732617667802
0.10660368273695839,0.06688462217051261,0.9565102148213043
0.10660368273695839,0.46570333083019205,0.9344853521555899
0.10660368273695839,0.6297403107441121,0.9616394228302949
0.10660368273695839,0.029806006473343343,0.981867778391428
0.10660368273695839,0.3323505836434689,0.929473486374746
0.10660368273695839,0.40482465261789796,0.9332464396642657
0.10660368273695839,0.017059782635382804,0.9943680027623896
0.10660368273695839,0.08689409748011577,0.9482268745227398
0.10660368273695839,0.5249022912053752,0.9378254783434058
0.10660368273695839,0.32651301574777214,0.9291082117931121
0.10660368273695839,0.30903848517084803,0.9278474895396797
0.10660368273695839,0.11549017528988896,0.9385585885261589
0.10660368273695839,0.2936888454370193,0.9265248089546466
0.10660368273695839,0.4411826681228228,0.9340568474902067
0.10660368273695839,0.62372250677413,0.9592796972213876
0.10660368273695839,0.5476710062374388,0.9407878717796498
0.10660368273695839,0.4736604881007242,0.9347467637285016
0.10660368273695839,0.30648365423544344,0.927654233895427
0.10660368273695839,0.5393098913505014,0.9396867118040872
0.10660368273695839,0.5886397502754609,0.9488355822356953
0.10660368273695839,0.3748078028338697,0.9323610465526703
0.10660368273695839,0.13837050200294557,0.9329921296423941
0.10660368273695839,0.18416143655478728,0.9248756549524543
0.10660368273695839,0.032511387791787555,0.9803678817746575
0.10660368273695839,0.6427164201796839,0.9667017084218419
0.10660368273695839,0.18866032549190628,0.9243594307283107
