x_1,x_2,eta,WQ
0.14725054538633237,0.07052242578067053,1.150949195331163,8.544566338623739e-11
0.03266243754793137,0.07052242578067053,1.150949195331163,6.448842129392421e-09
0.16330589428600173,0.07052242578067053,1.150949195331163,6.141885095138328e-11
0.00690939532100981,0.07052242578067053,1.150949195331163,3.428053857362561e-07
0.8192226133287939,0.07052242578067053,1.150949195331163,1.8505742612292666e-15
0.0264340390505694,0.07052242578067053,1.150949195331163,1.1318238070993715e-08
0.9569820750012239,0.07052242578067053,1.150949195331163,2.4542238475610077e-18
0.012392196069794668,0.07052242578067053,1.150949195331163,7.970790348400408e-08
0.10667057039499671,0.07052242578067053,1.150949195331163,2.2939386035561883e-10
0.038217241500796986,0.07052242578067053,1.150949195331163,4.227310507754711e-09
0.005297797743291977,0.07052242578067053,1.150949195331163,6.583633561258582e-07
0.08458237179981129,0.07052242578067053,1.150949195331163,4.548643325018227e-10
0.07306057093630476,0.07052242578067053,1.150949195331163,6.949926455447695e-10
0.28686879276445626,0.07052242578067053,1.150949195331163,8.181391161565862e-12
0.7026360875306666,0.07052242578067053,1.150949195331163,2.359741983402667e-14
0.0030458972460318647,0.07052242578067053,1.150949195331163,2.516817514205798e-06
0.00912113454881006,0.07052242578067053,1.150949195331163,1.7203031452972952e-07
0.9695249855082761,0.07052242578067053,1.150949195331163,7.3340660060847245e-19
0.012403508080588169,0.07052242578067053,1.150949195331163,7.952413188727174e-08
0.012758344386127385,0.07052242578067053,1.150949195331163,7.40437206926136e-08
0.13557569988824,0.07052242578067053,1.150949195331163,1.1059654764232376e-10
0.24143925160966917,0.07052242578067053,1.150949195331163,1.5979091375541747e-11
0.1874695688989142,0.07052242578067053,1.150949195331163,3.899293278121312e-11
0.0008975308499572206,0.07052242578067053,1.150949195331163,4.4204015545634955e-05
0.5942890325874377,0.07052242578067053,1.150949195331163,1.3513719387156068e-13
0.017839506844167238,0.07052242578067053,1.150949195331163,3.147284753048447e-08
0.09020388492937165,0.07052242578067053,1.150949195331163,3.7688413612090796e-10
0.0318077802527461,0.07052242578067053,1.150949195331163,6.922951517429765e-09
0.0007582582211079656,0.07052242578067053,1.150949195331163,6.506625716502679e-05
0.06372144975800853,0.07052242578067053,1.150949195331163,1.0262463095239782e-09
0.41329484914431136,0.07052242578067053,1.150949195331163,1.519556342882686e-12
0.030011746549146606,0.07052242578067053,1.150949195331163,8.085379851058623e-09
0.07191234507842632,0.07052242578067053,1.150949195331163,7.272642674567927e-10
0.056228235455003175,0.07052242578067053,1.150949195331163,1.4612854318733202e-09
0.033757340821188496,0.07052242578067053,1.150949195331163,5.903545874211578e-09
0.25373990785259665,0.07052242578067053,1.150949195331163,1.3255190475201533e-11
0.024586816657231454,0.07052242578067053,1.150949195331163,1.3690102452047609e-08
0.11259290578611592,0.07052242578067053,1.150949195331163,1.9507658802640584e-10
0.02173542936510854,0.07052242578067053,1.150949195331163,1.8882636853472443e-08
0.02636552892879791,0.07052242578067053,1.150949195331163,1.1395860048603928e-08
0.013317477228092834,0.07052242578067053,1.150949195331163,6.641342144323942e-08
0.19752846568752364,0.07052242578067053,1.150949195331163,3.266061383402829e-11
0.010396915951234487,0.07052242578067053,1.150949195331163,1.2402286435161424e-07
0.01563471979316934,0.07052242578067053,1.150949195331163,4.4140796417185074e-08
0.03131795384179025,0.07052242578067053,1.150949195331163,7.2161733802599565e-09
0.09944921821616194,0.07052242578067053,1.150949195331163,2.826627615796592e-10
0.6433738854959431,0.07052242578067053,1.150949195331163,6.41923599987932e-14
0.3797974213165287,0.07052242578067053,1.150949195331163,2.341271914012532e-12
0.006879757957574901,0.07052242578067053,1.150949195331163,3.4645922141455076e-07
0.0006833339408650174,0.07052242578067053,1.150949195331163,8.2464834674419e-05
0.31576069430319165,0.07052242578067053,1.150949195331163,5.475116944687661e-12
0.015369880223830602,0.07052242578067053,1.150949195331163,4.611005742263898e-08
0.025241189565337815,0.07052242578067053,1.150949195331163,1.2779097924780878e-08
0.3705111370900536,0.07052242578067053,1.150949195331163,2.6419725661096807e-12
0.35698995763100605,0.07052242578067053,1.150949195331163,3.153755619176599e-12
0.06350767366493638,0.07052242578067053,1.150949195331163,1.0360729626858648e-09
0.4374765837307871,0.07052242578067053,1.150949195331163,1.1137234759612923e-12
0.029679604550077638,0.07052242578067053,1.150949195331163,8.328831172931243e-09
0.0014436796725077507,0.07052242578067053,1.150949195331163,1.4729027719909234e-05
0.015293153392989419,0.07052242578067053,1.150949195331163,4.670307204797869e-08
0.053525754158079066,0.07052242578067053,1.150949195331163,1.677309644084445e-09
0.19265265104777957,0.07052242578067053,1.150949195331163,3.556327458704812e-11
0.021355805811273037,0.07052242578067053,1.150949195331163,1.9767171028186486e-08
0.053114286761782155,0.07052242578067053,1.150949195331163,1.713815481334335e-09
0.3812525630809798,0.07052242578067053,1.150949195331163,2.297466700654599e-12
0.18357626715809153,0.07052242578067053,1.150949195331163,4.18326532800533e-11
0.02287940043889195,0.07052242578067053,1.150949195331163,1.652253890962257e-08
0.10153225664126042,0.07052242578067053,1.150949195331163,2.6577365452482687e-10
0.13824746750041433,0.07052242578067053,1.150949195331163,1.0409803068344968e-10
0.11323285193516257,0.07052242578067053,1.150949195331163,1.9177592759175781e-10
0.005385139381869326,0.07052242578067053,1.150949195331163,6.326062901469928e-07
0.1275401707949578,0.07052242578067053,1.150949195331163,1.3352774026560937e-10
0.06347209825734557,0.07052242578067053,1.150949195331163,1.0377204357011294e-09
0.005708703249267757,0.07052242578067053,1.150949195331163,5.484568646116414e-07
0.0008878788156754802,0.07052242578067053,1.150949195331163,4.531675508569666e-05
0.722829700551105,0.07052242578067053,1.150949195331163,1.622721282469124e-14
0.014521699237051183,0.07052242578067053,1.150949195331163,5.329313854997032e-08
0.0017695873544546162,0.07052242578067053,1.150949195331163,9.133009557063732e-06
0.03407851557176728,0.07052242578067053,1.150949195331163,5.755482153442846e-09
0.028222615912383443,0.07052242578067053,1.150949195331163,9.520600260029732e-09
0.9299880787046887,0.07052242578067053,1.150949195331163,2.2806266887125398e-17
0.7245103462943893,0.07052242578067053,1.150949195331163,1.571119075310117e-14
0.10495515665336397,0.07052242578067053,1.150949195331163,2.4077441330561637e-10
0.9639050660120205,0.07052242578067053,1.150949195331163,1.1862222894929361e-18
0.9476583517253085,0.07052242578067053,1.150949195331163,6.843770651680613e-18
0.48631999036761614,0.07052242578067053,1.150949195331163,5.922802974597995e-13
0.006787963721809885,0.07052242578067053,1.150949195331163,3.5812664084201913e-07
0.030291918969346337,0.07052242578067053,1.150949195331163,7.887412959121117e-09
0.020434408256286233,0.07052242578067053,1.150949195331163,2.2163288215041095e-08
0.02548209987209389,0.07052242578067053,1.150949195331163,1.2464369946574001e-08
0.018334430582646305,0.07052242578067053,1.150949195331163,2.933174766932857e-08
0.14226380648805062,0.07052242578067053,1.150949195331163,9.520713245736974e-11
0.0015408788338339271,0.07052242578067053,1.150949195331163,1.264494288733304e-05
0.7076607191743469,0.07052242578067053,1.150949195331163,2.1535596520550678e-14
0.0007345022929460196,0.07052242578067053,1.150949195331163,6.99660512464588e-05
0.07883762626355553,0.07052242578067053,1.150949195331163,5.581117392640813e-10
0.002309498508146499,0.07052242578067053,1.150949195331163,4.8655666801399314e-06
0.1907119162187403,0.07052242578067053,1.150949195331163,3.680344654426454e-11
0.004303481533690146,0.07052242578067053,1.150949195331163,1.091649593563485e-06
0.008952988910180603,0.07052242578067053,1.150949195331163,1.8020397536482334e-07
