x_1,x_2,eta,WQ
0.14725054538633237,0.6264856263059658,1.150949195331163,1.1748742665208503e-14
0.14725054538633237,0.020977754730707305,1.150949195331163,1.7254243212769767e-09
0.14725054538633237,0.02166592012864864,1.150949195331163,1.5941552149599048e-09
0.14725054538633237,0.35617574387153056,1.150949195331163,4.353994093248366e-13
0.14725054538633237,0.0389733530944958,1.150949195331163,3.837333047686589e-10
0.14725054538633237,0.07052242578067053,1.150949195331163,8.544566338623739e-11
0.14725054538633237,0.006172465773316025,1.150949195331163,4.420033357193225e-08
0.14725054538633237,0.0051954177782204845,1.150949195331163,7.134402387930021e-08
0.14725054538633237,0.0004271062035226987,1.150949195331163,4.1514046345532354e-05
0.14725054538633237,0.03231743696683255,1.150949195331163,6.044686995586286e-10
0.14725054538633237,0.0033478135668037557,1.150949195331163,2.389008165502186e-07
0.14725054538633237,0.047168990004907686,1.150949195331163,2.3993352713306874e-10
0.14725054538633237,0.010776098627171504,1.150949195331163,9.55396103284555e-09
0.14725054538633237,0.39631764884519416,1.150949195331163,2.5995942207742363e-13
0.14725054538633237,0.17892883720692723,1.150949195331163,5.866879317821928e-12
0.14725054538633237,0.015869875941403946,1.150949195331163,3.465196708865557e-09
0.14725054538633237,0.7947011896991393,1.150949195331163,4.761942477965576e-16
0.14725054538633237,0.9152698094721415,1.150949195331163,7.224518614761925e-18
0.14725054538633237,0.019127208872055664,1.150949195331163,2.1673675151622196e-09
0.14725054538633237,0.12858840070987326,1.150949195331163,1.6070789122706365e-11
0.14725054538633237,0.0073755923702488796,1.150949195331163,2.695898000531341e-08
0.14725054538633237,0.003571769565033341,1.150949195331163,2.0033176035830235e-07
0.14725054538633237,0.5959837209475102,1.150949195331163,1.8541755132670392e-14
0.14725054538633237,0.0014857901997433632,1.150949195331163,2.0141185458173247e-06
0.14725054538633237,0.005832102542545702,1.150949195331163,5.176677465130874e-08
0.14725054538633237,0.036550611671034794,1.150949195331163,4.4854698077926215e-10
0.14725054538633237,0.11002898532051666,1.150949195331163,2.5221337025730316e-11
0.14725054538633237,0.17656632089171906,1.150949195331163,6.121085463104362e-12
0.14725054538633237,0.9413340314317263,1.150949195331163,1.4252717622368754e-18
0.14725054538633237,0.02644888162439753,1.150949195331163,9.81935212408822e-10
0.14725054538633237,0.01783472320488625,1.150949195331163,2.5804977082718086e-09
0.14725054538633237,0.20543546514035071,1.150949195331163,3.7312986672356414e-12
0.14725054538633237,0.043595874057950776,1.150949195331163,2.9162059196965736e-10
0.14725054538633237,0.3820823992244571,1.150949195331163,3.1170995440068887e-13
0.14725054538633237,0.49782132933639733,1.150949195331163,7.111004678910642e-14
0.14725054538633237,0.30851914443996714,1.150949195331163,8.183098260678903e-13
0.14725054538633237,0.00994659660060919,1.150949195331163,1.185791140635438e-08
0.14725054538633237,0.4522785263689593,1.150949195331163,1.2769909924175448e-13
0.14725054538633237,0.030262823904560216,1.150949195331163,7.087497673482435e-10
0.14725054538633237,0.5871565194538468,1.150949195331163,2.1070161246180686e-14
0.14725054538633237,0.018763194896374867,1.150949195331163,2.2733956447306638e-09
0.14725054538633237,0.14247030410237108,1.150949195331163,1.1863402732046127e-11
0.14725054538633237,0.32395567788224,1.150949195331163,6.651063388856894e-13
0.14725054538633237,0.011853926332842268,1.150949195331163,7.405425920615756e-09
0.14725054538633237,0.22577761495969972,1.150949195331163,2.6975838886398013e-12
0.14725054538633237,0.01658593745824181,1.150949195331163,3.0979378530360795e-09
0.14725054538633237,0.0015331392411039547,1.150949195331163,1.8595766782247012e-06
0.14725054538633237,0.0008955287445412694,1.150949195331163,7.089083589722593e-06
0.14725054538633237,0.19649070284019574,1.150949195331163,4.329008675415965e-12
0.14725054538633237,0.2954637140403121,1.150949195331163,9.781124791263408e-13
0.14725054538633237,0.47269988350029996,1.150949195331163,9.835966105134799e-14
0.14725054538633237,0.013308294379431776,1.150949195331163,5.457919159676968e-09
0.14725054538633237,0.0013122245961417842,1.150949195331163,2.756924144247319e-06
0.14725054538633237,0.7699039539502617,1.150949195331163,8.520950311546409e-16
0.14725054538633237,0.447360596293152,1.150949195331163,1.359423282976709e-13
0.14725054538633237,0.3066046717843023,1.150949195331163,8.398305692591989e-13
0.14725054538633237,0.036753307894040806,1.150949195331163,4.4256431189923454e-10
0.14725054538633237,0.014200725387995897,1.150949195331163,4.6096591576696965e-09
0.14725054538633237,0.06390749751162969,1.150949195331163,1.1060741404698763e-10
0.14725054538633237,0.08715278868979327,1.150949195331163,4.832801526303028e-11
0.14725054538633237,0.007594340046308857,1.150949195331163,2.48639114679194e-08
0.14725054538633237,0.6866003170232163,1.150949195331163,4.392193737362439e-15
0.14725054538633237,0.008028784760086932,1.150949195331163,2.1318239850772296e-08
0.14725054538633237,0.01658770984134728,1.150949195331163,3.097100323321654e-09
0.14725054538633237,0.015603962507355983,1.150949195331163,3.617770897732053e-09
0.14725054538633237,0.5127223421523349,1.150949195331163,5.850191309139777e-14
0.14725054538633237,0.4245067471184317,1.150949195331163,1.8158975608826145e-13
0.14725054538633237,0.32361208106966155,1.150949195331163,6.681604159429983e-13
0.14725054538633237,0.19509764769470908,1.150949195331163,4.431870474416331e-12
0.14725054538633237,0.4908328079051493,1.150949195331163,7.786331574901153e-14
0.14725054538633237,0.08162709396161415,1.150949195331163,5.7772657934093125e-11
0.14725054538633237,0.020137329986862205,1.150949195331163,1.908133965283563e-09
0.14725054538633237,0.49719526513078405,1.150949195331163,7.16920775181114e-14
0.14725054538633237,0.17404615723799347,1.150949195331163,6.407345981623714e-12
0.14725054538633237,0.009221507649623206,1.150949195331163,1.4568375397881877e-08
0.14725054538633237,0.3250056518189108,1.150949195331163,6.558647511692116e-13
0.14725054538633237,0.009078532506092581,1.150949195331163,1.5204087814706927e-08
0.14725054538633237,0.08794298294283984,1.150949195331163,4.714819412769913e-11
0.14725054538633237,0.08673441739447568,1.150949195331163,4.8968416933114735e-11
0.14725054538633237,0.21420695735844883,1.150949195331163,3.237440028987132e-12
0.14725054538633237,0.4376391045450542,1.150949195331163,1.5375728735505439e-13
0.14725054538633237,0.4561085647593685,1.150949195331163,1.2161705062961468e-13
0.14725054538633237,0.007586125535902921,1.150949195331163,2.4938482460670075e-08
0.14725054538633237,0.018347595081047018,1.150949195331163,2.403906685856075e-09
0.14725054538633237,0.31731188877343214,1.150949195331163,7.268861160787187e-13
0.14725054538633237,0.46208186150436226,1.150949195331163,1.1268978535320543e-13
0.14725054538633237,0.016850204966060045,1.150949195331163,2.9766000225698553e-09
0.14725054538633237,0.020823336319339473,1.150949195331163,1.7570299265341678e-09
0.14725054538633237,0.02247404707146304,1.150949195331163,1.4577293538357292e-09
0.14725054538633237,0.0018868491745567704,1.150949195331163,1.0905762039726674e-06
0.14725054538633237,0.8658163726938516,1.150949195331163,5.978425346261856e-17
0.14725054538633237,0.29205974526238715,1.150949195331163,1.025220534726345e-12
0.14725054538633237,0.024912120350531586,1.150949195331163,1.135002883600815e-09
0.14725054538633237,0.0006633703291120674,1.150949195331163,1.4655927169290323e-05
0.14725054538633237,0.12983042140689538,1.150949195331163,1.5623333843634833e-11
0.14725054538633237,0.15080601383785605,1.150949195331163,9.991224630919598e-12
0.14725054538633237,0.03162650409962081,1.150949195331163,6.369530699301334e-10
0.14725054538633237,0.0010605534309491224,1.150949195331163,4.682821786855406e-06
0.14725054538633237,0.47818434074929866,1.150949195331163,9.166217258566067e-14
0.14725054538633237,0.0014394200524825663,1.150949195331163,2.1828782238622264e-06
