x_1,x_2,eta,WQ
0.14725054538633237,0.07052242578067053,2.542982412771166,1.1664726677071723e-10
0.14725054538633237,0.07052242578067053,1.150949195331163,8.544566338623739e-11
0.14725054538633237,0.07052242578067053,2.266628753043922,1.1452214089448851e-10
0.14725054538633237,0.07052242578067053,1.81009149065308,1.0765743238964786e-10
0.14725054538633237,0.07052242578067053,2.871370451171065,1.1807780948672257e-10
0.14725054538633237,0.07052242578067053,1.9939138912415562,1.1107195794855539e-10
0.14725054538633237,0.07052242578067053,1.7220798045147852,1.0563491676862358e-10
0.14725054538633237,0.07052242578067053,2.2038883114681993,1.1386945131993823e-10
0.14725054538633237,0.07052242578067053,2.0066399187520547,1.1127204506449193e-10
0.14725054538633237,0.07052242578067053,2.6192683029712134,1.170640251637271e-10
0.14725054538633237,0.07052242578067053,1.427850909689888,9.675092556078406e-11
0.14725054538633237,0.07052242578067053,2.513512254801179,1.1646938183495682e-10
0.14725054538633237,0.07052242578067053,0.1829253404277007,6.183486212084429e-11
0.14725054538633237,0.07052242578067053,2.1921473816255235,1.1373888313444097e-10
0.14725054538633237,0.07052242578067053,0.9400093256720594,7.580605400528981e-11
0.14725054538633237,0.07052242578067053,1.3101623418979322,9.22533065898175e-11
0.14725054538633237,0.07052242578067053,0.047217288329143514,6.559027670920944e-11
0.14725054538633237,0.07052242578067053,2.882319098491422,1.181116022007026e-10
0.14725054538633237,0.07052242578067053,2.129532237985763,1.1299434571754639e-10
0.14725054538633237,0.07052242578067053,1.8288371806010144,1.0805386317960359e-10
0.14725054538633237,0.07052242578067053,1.666965383265596,1.0422632567170871e-10
0.14725054538633237,0.07052242578067053,2.98914755572439,1.184060671803453e-10
0.14725054538633237,0.07052242578067053,2.5897245475603405,1.1690976913953296e-10
0.14725054538633237,0.07052242578067053,2.90879866837665,1.181904117376136e-10
0.14725054538633237,0.07052242578067053,1.7534493109089981,1.0638701561287192e-10
0.14725054538633237,0.07052242578067053,2.263508921677478,1.1449141063117795e-10
0.14725054538633237,0.07052242578067053,1.9189668954517776,1.098025639604499e-10
0.14725054538633237,0.07052242578067053,1.4894765301835675,9.889415878928392e-11
0.14725054538633237,0.07052242578067053,0.21266526171265498,6.125183725882445e-11
0.14725054538633237,0.07052242578067053,2.8402474682176795,1.1797772215940055e-10
0.14725054538633237,0.07052242578067053,1.4300405630827262,9.682963986810241e-11
0.14725054538633237,0.07052242578067053,1.192434283480538,8.728488132159946e-11
0.14725054538633237,0.07052242578067053,2.375995333411347,1.1549544545470023e-10
0.14725054538633237,0.07052242578067053,0.5243907021677625,6.126720850401114e-11
0.14725054538633237,0.07052242578067053,1.5131811371852768,9.967842314312114e-11
0.14725054538633237,0.07052242578067053,1.6046624919314985,1.024954914506881e-10
0.14725054538633237,0.07052242578067053,2.272290860246183,1.1457746809578982e-10
0.14725054538633237,0.07052242578067053,0.8582412611945291,7.217881332595182e-11
0.14725054538633237,0.07052242578067053,2.0544674105927223,1.1198626548790401e-10
0.14725054538633237,0.07052242578067053,1.5368255913350446,1.0043837586448614e-10
0.14725054538633237,0.07052242578067053,1.9615257084234061,1.1054286445786409e-10
0.14725054538633237,0.07052242578067053,1.9919729694008794,1.1104105969492026e-10
0.14725054538633237,0.07052242578067053,2.475151664111564,1.1622247903609421e-10
0.14725054538633237,0.07052242578067053,1.7711346978073284,1.0679560542176371e-10
0.14725054538633237,0.07052242578067053,2.1757212869544458,1.1355153596019349e-10
0.14725054538633237,0.07052242578067053,1.3574165705379295,9.41207192665782e-11
0.14725054538633237,0.07052242578067053,2.0186306659856768,1.1145664442842294e-10
0.14725054538633237,0.07052242578067053,2.7738763504146617,1.1774296448760147e-10
0.14725054538633237,0.07052242578067053,2.4211357853988336,1.1584317291007731e-10
0.14725054538633237,0.07052242578067053,2.9458931439831533,1.1829418684816095e-10
0.14725054538633237,0.07052242578067053,1.3303893839324337,9.306236446560244e-11
0.14725054538633237,0.07052242578067053,1.2812361901297509,9.107204850092239e-11
0.14725054538633237,0.07052242578067053,0.8582838609117545,7.218065122316008e-11
0.14725054538633237,0.07052242578067053,0.4906385386140917,6.071871485656758e-11
0.14725054538633237,0.07052242578067053,2.1425775639609617,1.1315637341354013e-10
0.14725054538633237,0.07052242578067053,2.209682885680626,1.1393288256966379e-10
0.14725054538633237,0.07052242578067053,0.9411820739928984,7.585921761146906e-11
0.14725054538633237,0.07052242578067053,2.0980339826662684,1.1258740440064964e-10
0.14725054538633237,0.07052242578067053,2.459557866938935,1.1611689705383876e-10
0.14725054538633237,0.07052242578067053,1.9904070233141693,1.1101605663309378e-10
0.14725054538633237,0.07052242578067053,1.0443489219785158,8.059052858026271e-11
0.14725054538633237,0.07052242578067053,2.974476790829088,1.1836917621185152e-10
0.14725054538633237,0.07052242578067053,2.969850494224225,1.1835732160773719e-10
0.14725054538633237,0.07052242578067053,2.2153795665153075,1.1399460015675944e-10
0.14725054538633237,0.07052242578067053,1.0864386599378335,8.252285636424846e-11
0.14725054538633237,0.07052242578067053,1.8999171352541002,1.094539477463442e-10
0.14725054538633237,0.07052242578067053,2.9940607739599554,1.184181869827935e-10
0.14725054538633237,0.07052242578067053,2.4180088884755975,1.15820017919248e-10
0.14725054538633237,0.07052242578067053,2.2786058450973794,1.146385044104356e-10
0.14725054538633237,0.07052242578067053,0.4697101001024162,6.04427467206551e-11
0.14725054538633237,0.07052242578067053,2.67292882525608,1.1732284577248396e-10
0.14725054538633237,0.07052242578067053,1.2265550676434132,8.876656396616888e-11
0.14725054538633237,0.07052242578067053,1.0433168084867526,8.054302085860573e-11
0.14725054538633237,0.07052242578067053,2.0599915982576076,1.1206503336015204e-10
0.14725054538633237,0.07052242578067053,1.1314748338475704,8.457019557864873e-11
0.14725054538633237,0.07052242578067053,2.503331507331847,1.1640558756572346e-10
0.14725054538633237,0.07052242578067053,0.1922157961435138,6.164265833590817e-11
0.14725054538633237,0.07052242578067053,2.6331877708032354,1.1713373909473586e-10
0.14725054538633237,0.07052242578067053,2.1727174929683724,1.135166767741815e-10
0.14725054538633237,0.07052242578067053,2.7549574200961278,1.1767033070499354e-10
0.14725054538633237,0.07052242578067053,0.681977810415022,6.53569657294517e-11
0.14725054538633237,0.07052242578067053,2.8219024141776874,1.1791582763625197e-10
0.14725054538633237,0.07052242578067053,2.5870288831463966,1.1689525660266253e-10
0.14725054538633237,0.07052242578067053,2.8570750333355335,1.1803258898873788e-10
0.14725054538633237,0.07052242578067053,0.6578374799743836,6.458347427440642e-11
0.14725054538633237,0.07052242578067053,0.42805169786638464,6.004379569171639e-11
0.14725054538633237,0.07052242578067053,0.3041680968637013,6.007318104631424e-11
0.14725054538633237,0.07052242578067053,1.5244909991055322,1.0004471279165133e-10
0.14725054538633237,0.07052242578067053,2.124589665071377,1.1293197416976354e-10
0.14725054538633237,0.07052242578067053,1.811393725268234,1.0768535040058203e-10
0.14725054538633237,0.07052242578067053,1.9277848021249926,1.0996027201430148e-10
0.14725054538633237,0.07052242578067053,2.554273239115703,1.1671282868363718e-10
0.14725054538633237,0.07052242578067053,2.1518777560764115,1.1326961887874171e-10
0.14725054538633237,0.07052242578067053,2.8473362481505045,1.18001054345766e-10
0.14725054538633237,0.07052242578067053,0.8867304853880453,7.342167373874107e-11
0.14725054538633237,0.07052242578067053,1.2879753296913288,9.134973774492282e-11
0.14725054538633237,0.07052242578067053,0.9591455474260178,7.6676293678092e-11
0.14725054538633237,0.07052242578067053,2.20381517333956,1.1386864646661131e-10
0.14725054538633237,0.07052242578067053,1.2387465496935768,8.928831228326221e-11
0.14725054538633237,0.07052242578067053,1.814079055049132,1.0774274059491668e-10
0.14725054538633237,0.07052242578067053,-0.47612031168154667,8.815235072081934e-11
0.14725054538633237,0.07052242578067053,-2.732310483936794,1.1917526168356427e-10
0.14725054538633237,0.07052242578067053,-1.0453707127856589,1.0703169178501974e-10
0.14725054538633237,0.07052242578067053,-0.3233580488168788,8.129031917401062e-11
0.14725054538633237,0.07052242578067053,-2.056853542640551,1.178139427139491e-10
0.14725054538633237,0.07052242578067053,-0.3888482675178113,8.428005200838493e-11
0.14725054538633237,0.07052242578067053,-1.2840501587897737,1.1148136067561726e-10
0.14725054538633237,0.07052242578067053,-1.741859662552985,1.1624185965483129e-10
0.14725054538633237,0.07052242578067053,-2.1848779452915155,1.18225612956429e-10
0.14725054538633237,0.07052242578067053,-1.7520123539735641,1.1630858705891409e-10
0.14725054538633237,0.07052242578067053,-2.28856764417793,1.1849135857679637e-10
0.14725054538633237,0.07052242578067053,-2.7092934066000636,1.191525891289837e-10
0.14725054538633237,0.07052242578067053,-1.342034841797807,1.123199251666102e-10
0.14725054538633237,0.07052242578067053,-0.3839715325365485,8.405927336009512e-11
0.14725054538633237,0.07052242578067053,-1.1662154870197747,1.0950037926689478e-10
0.14725054538633237,0.07052242578067053,-1.5691727918756917,1.148895734978691e-10
0.14725054538633237,0.07052242578067053,-1.8797918112595104,1.1704736803267553e-10
0.14725054538633237,0.07052242578067053,-1.7326417744876232,1.1618016109856298e-10
0.14725054538633237,0.07052242578067053,-2.5172928831320793,1.1891718427395593e-10
0.14725054538633237,0.07052242578067053,-1.7747985593267133,1.1645377430070137e-10
0.14725054538633237,0.07052242578067053,-1.2089530481977702,1.102643319169247e-10
0.14725054538633237,0.07052242578067053,-0.4843661946416744,8.850894180904213e-11
0.14725054538633237,0.07052242578067053,-0.7358455099949164,9.83033420889186e-11
0.14725054538633237,0.07052242578067053,-1.7991011077345223,1.1660188281880342e-10
0.14725054538633237,0.07052242578067053,-1.379293290653311,1.1281581495572458e-10
0.14725054538633237,0.07052242578067053,-1.5277428913037887,1.1449574277600957e-10
0.14725054538633237,0.07052242578067053,-0.93308622683525,1.0428805591562941e-10
0.14725054538633237,0.07052242578067053,-2.9993308589086998,1.1937476702905086e-10
0.14725054538633237,0.07052242578067053,-1.2441902163408047,1.1085462157555529e-10
0.14725054538633237,0.07052242578067053,-1.857812680831103,1.1693272724882333e-10
0.14725054538633237,0.07052242578067053,-1.9461421398174064,1.173655867854539e-10
0.14725054538633237,0.07052242578067053,-1.5875028512860836,1.1505449998113969e-10
0.14725054538633237,0.07052242578067053,-2.262742733823128,1.1843012633472355e-10
0.14725054538633237,0.07052242578067053,-2.711331652531305,1.1915463889558403e-10
0.14725054538633237,0.07052242578067053,-2.7447261629656583,1.1918706846047006e-10
0.14725054538633237,0.07052242578067053,-0.7730183981145675,9.954903231177445e-11
0.14725054538633237,0.07052242578067053,-2.468943607915528,1.1884242711342816e-10
0.14725054538633237,0.07052242578067053,-2.7445764817513303,1.1918692784516083e-10
0.14725054538633237,0.07052242578067053,-2.6848877555610473,1.1912739114302607e-10
0.14725054538633237,0.07052242578067053,-1.7338420401867718,1.161882556354976e-10
0.14725054538633237,0.07052242578067053,-2.9887263720715094,1.1936869819602615e-10
0.14725054538633237,0.07052242578067053,-1.3888748115887843,1.129381808905752e-10
0.14725054538633237,0.07052242578067053,-2.7170616664418548,1.191603571078161e-10
0.14725054538633237,0.07052242578067053,-2.1909970555487464,1.1824283553792577e-10
0.14725054538633237,0.07052242578067053,-2.5874679194313996,1.190137419338738e-10
0.14725054538633237,0.07052242578067053,-1.536102360007437,1.1457762626271723e-10
0.14725054538633237,0.07052242578067053,-2.3259932434908857,1.185747704534075e-10
0.14725054538633237,0.07052242578067053,-2.479595422759732,1.1885951488944972e-10
0.14725054538633237,0.07052242578067053,-0.8355299021433651,1.0151970531353492e-10
0.14725054538633237,0.07052242578067053,-1.4967988011546045,1.1418156824758264e-10
0.14725054538633237,0.07052242578067053,-1.61736552534655,1.1531154381254874e-10
0.14725054538633237,0.07052242578067053,-2.3010253734295114,1.18519806362372e-10
0.14725054538633237,0.07052242578067053,-2.9281567772699226,1.1933146929306493e-10
0.14725054538633237,0.07052242578067053,-0.5087392067411773,8.955189713913696e-11
0.14725054538633237,0.07052242578067053,-2.653449739584687,1.1909308326120903e-10
0.14725054538633237,0.07052242578067053,-1.5208914917771137,1.1442769522599167e-10
0.14725054538633237,0.07052242578067053,-1.1831866085985099,1.0981020852497387e-10
0.14725054538633237,0.07052242578067053,-2.558615999600285,1.1897565722053838e-10
0.14725054538633237,0.07052242578067053,-0.6312611139142459,9.450744220332756e-11
0.14725054538633237,0.07052242578067053,-2.788307620337582,1.1922628381369363e-10
0.14725054538633237,0.07052242578067053,-1.648142695296065,1.1556200664910553e-10
0.14725054538633237,0.07052242578067053,-2.3712121555225787,1.1866770648447593e-10
0.14725054538633237,0.07052242578067053,-2.05880125695417,1.178210033806441e-10
0.14725054538633237,0.07052242578067053,-0.5322124384966189,9.053979457741192e-11
0.14725054538633237,0.07052242578067053,-2.704128123478043,1.1914735739784318e-10
0.14725054538633237,0.07052242578067053,-2.231686589583333,1.183522690201186e-10
0.14725054538633237,0.07052242578067053,-2.720818602639879,1.1916407118918844e-10
0.14725054538633237,0.07052242578067053,-2.6823635809176167,1.1912471477576469e-10
0.14725054538633237,0.07052242578067053,-2.667062278199611,1.1910820114747426e-10
0.14725054538633237,0.07052242578067053,-2.488390038934677,1.1887335515155666e-10
0.14725054538633237,0.07052242578067053,-2.1513051314058522,1.181273734211788e-10
0.14725054538633237,0.07052242578067053,-1.8988903586061916,1.171431480278922e-10
0.14725054538633237,0.07052242578067053,-1.2140578051902715,1.1035201793714651e-10
0.14725054538633237,0.07052242578067053,-2.6632006127327714,1.1910395378531815e-10
0.14725054538633237,0.07052242578067053,-1.4599930856733014,1.1378423901545537e-10
0.14725054538633237,0.07052242578067053,-2.0216766336352263,1.1768173082923686e-10
0.14725054538633237,0.07052242578067053,-2.5855474467970057,1.1901127385822454e-10
0.14725054538633237,0.07052242578067053,-2.7925699552982173,1.1922994013315501e-10
0.14725054538633237,0.07052242578067053,-1.9555545403001828,1.1740753588712832e-10
0.14725054538633237,0.07052242578067053,-0.20313136348249827,7.577554738163498e-11
0.14725054538633237,0.07052242578067053,-1.9664190773830663,1.17455021836437e-10
0.14725054538633237,0.07052242578067053,-2.7237245365938323,1.1916692505328588e-10
0.14725054538633237,0.07052242578067053,-2.395249401985826,1.1871384645785787e-10
0.14725054538633237,0.07052242578067053,-0.12275856839674759,7.220997509594315e-11
0.14725054538633237,0.07052242578067053,-2.1884822790115726,1.1823578244717627e-10
0.14725054538633237,0.07052242578067053,-2.0834066396168494,1.1790794198903427e-10
0.14725054538633237,0.07052242578067053,-2.1379683202280937,1.18086528481982e-10
0.14725054538633237,0.07052242578067053,-1.8756874406468391,1.1702632384855006e-10
0.14725054538633237,0.07052242578067053,-2.659588917473748,1.190999518408078e-10
0.14725054538633237,0.07052242578067053,-1.2802128701556736,1.114228583786522e-10
0.14725054538633237,0.07052242578067053,-1.5696510625210336,1.1489394774169668e-10
0.14725054538633237,0.07052242578067053,-1.4538001739545159,1.1371475919793465e-10
0.14725054538633237,0.07052242578067053,-1.1173634734688769,1.0855921503016086e-10
0.14725054538633237,0.07052242578067053,-0.2267090619068819,7.684828331902028e-11
0.14725054538633237,0.07052242578067053,-0.5658929860169097,9.192679269649575e-11
0.14725054538633237,0.07052242578067053,-2.837313390234892,1.1926651084550246e-10
0.14725054538633237,0.07052242578067053,-0.9450409297134645,1.0460215819588019e-10
0.14725054538633237,0.07052242578067053,-1.8287633881753456,1.1677364688967935e-10
0.14725054538633237,0.07052242578067053,-2.5001637250207924,1.1889151152425238e-10
0.14725054538633237,0.07052242578067053,-2.914121644032016,1.193221834429284e-10
