Theta,WQ
2.6474543278573064,1.2883382009791375e-10
1.4394773532346663,3.531692654327801e-11
1.7436380697526659,3.59768527664016e-11
1.4179602694558469,3.563587624671754e-11
1.380012887621283,3.6319425779755377e-11
2.0261232932512434,4.573955084425068e-11
0.17749926859173834,3.838286188783912e-10
2.270647994583999,6.366999097285375e-11
1.4459865234677485,3.5230128761940154e-11
0.37492534789657284,1.753919104695912e-10
1.7156681119747594,3.5512072622776324e-11
2.1598023438948273,5.417497363973279e-11
1.2080941125575961,4.1452777307068194e-11
0.7189386945244757,8.186465711540964e-11
0.7781483320275155,7.391216533286404e-11
0.22618323372978777,2.9926964990019713e-10
0.33670345785554373,1.970112838045263e-10
1.6621426850541805,3.485439068961166e-11
2.085151103629501,4.9108333557697563e-11
1.5607374875072604,3.442787101913341e-11
2.4955035301310415,9.362317188216985e-11
0.9910747630833869,5.349176258505602e-11
2.4548022063689525,8.675278910881995e-11
0.9134660941740842,5.97170384993137e-11
0.27747970877747186,2.41892498041058e-10
1.3629967989875147,3.6676785193883234e-11
1.8138171966916818,3.75183700017834e-11
1.8301620292821104,3.795634811670415e-11
2.3962884992590054,7.816720123299679e-11
2.260749805114615,6.271224728889112e-11
0.5347965916550966,1.1753516896424311e-10
1.7879722655698442,3.688732761412834e-11
1.8662805734762222,3.903331745460403e-11
2.469507981712332,8.914159153365681e-11
0.2963118072801666,2.2572456748986003e-10
1.235030806438589,4.041667497546655e-11
0.35789899975971556,1.8446987781800623e-10
1.5025622516158987,3.466332899795991e-11
1.8346395885492766,3.808165141393502e-11
1.7404519036090378,3.5919663925292295e-11
2.319103148265727,6.871653294363187e-11
2.5303883128301106,1.002164328231933e-10
1.754823091537123,3.618631108558494e-11
1.8008906529198048,3.7193398615976354e-11
1.2147352391256898,4.118888083152013e-11
2.1526662028929047,5.364844563186814e-11
1.4534418814961225,3.513621677814164e-11
2.2189954429646606,5.892108183061729e-11
2.4845565785511132,9.16939440756764e-11
0.626939068616962,9.71548388838869e-11
2.8102609253510837,2.0043683832945927e-10
2.6432533220843277,1.2758469536264073e-10
1.995413134686784,4.4189011781782584e-11
1.9346953812234249,4.15009303222918e-11
1.7699455346698678,3.649114798746585e-11
1.5050507002872269,3.4646075390034335e-11
1.9860762026367953,4.374363442780639e-11
1.9964681885521112,4.4240090999805103e-11
0.26414913516049826,2.546988131034891e-10
0.4461727472238044,1.4468888095968584e-10
2.0728828386352673,4.836427299678568e-11
1.2752397573714611,3.9035626994442094e-11
1.425498084548013,3.5518530297747075e-11
2.325489164979752,6.942886063835684e-11
0.8709471054898394,6.36697513260484e-11
1.0775723219736737,4.7841412193214005e-11
2.882740613358175,2.6014618830158015e-10
2.2309987594996628,5.997114263720022e-11
1.4979782334627545,3.4696798185442856e-11
2.355890550331138,7.298448479364773e-11
0.2690451554863493,2.498509357682187e-10
1.8271598532939375,3.787361944877724e-11
2.1072150744993183,5.0507301531387095e-11
2.363840710906592,7.396135273479078e-11
2.465657565186736,8.850632221073424e-11
0.2794458303922115,2.4010496205376026e-10
0.9915903845346338,5.345428162299074e-11
0.7124881167770569,8.281061300837521e-11
1.9158332168707572,4.076306757847059e-11
1.8161677587044815,3.757948740457076e-11
1.6674827554761047,3.490646750361687e-11
2.884875185959093,2.6240362441548653e-10
2.9187032066161858,3.0383972186285386e-10
0.4709713587223181,1.3610511194198378e-10
0.37138697265648757,1.7721217103672294e-10
1.006054510037952,5.242233665437496e-11
1.4405299127958267,3.530258690907784e-11
2.894068421116085,2.725624481342832e-10
0.8820803163615607,6.259415922174903e-11
2.7319417082958464,1.5914236476283346e-10
2.535931323359156,1.0133145777829787e-10
1.0291638742773495,5.084957807257876e-11
2.6060597382161084,1.1734570867748953e-10
0.4465856364020735,1.445384814641413e-10
0.9447541315035474,5.70626843907248e-11
1.68184974628047,3.506141563325198e-11
2.4821499340868414,9.127814948582675e-11
1.8074618391021533,3.735624777278689e-11
1.3672575743876156,3.658431967963449e-11
0.27029237894499414,2.4864348019512025e-10
0.5200460056774432,1.2143869642278462e-10
2.5657552343466348,1.076845458934965e-10
2.7970489368132054,1.9219781514661014e-10
2.5797195733779286,1.1088144032497764e-10
1.4324556818782037,3.541559389471811e-11
2.176086433308903,5.541205088072955e-11
1.628518144774158,3.459482455110209e-11
2.323785726346082,6.923771667258385e-11
2.9668089928982098,3.899153564190457e-10
2.6367040793726315,1.2567706788370695e-10
2.065132067498805,4.790633536753803e-11
1.6266985400978387,3.4584131915124586e-11
1.0482146930900067,4.962070455387719e-11
2.901221100796442,2.809939874848143e-10
0.16972220199130295,4.017748775868441e-10
2.242920042896849,6.10453225702353e-11
0.8020475315272285,7.103826093952616e-11
2.796752034058798,1.9201970899380217e-10
1.1669010525359724,4.3216608309958625e-11
1.7302056097186131,3.574316680944363e-11
1.583740993055303,3.443129892596261e-11
0.21673636611840782,3.127435337926986e-10
0.9484097442161781,5.6765731258535584e-11
0.5500164632696373,1.1371783142086613e-10
0.24262907289468844,2.782800761049408e-10
2.9001823321042086,2.797390192707873e-10
2.7080438151093333,1.4941996329397807e-10
1.288821763148452,3.8612703802466207e-11
2.841636574702605,2.2282500387870966e-10
1.3708634227338747,3.650762742145758e-11
0.41840586382964384,1.5545659815256856e-10
2.254581444836108,6.212720419497281e-11
1.6662431077564621,3.4894112343878766e-11
2.2992897725333745,6.657844280552851e-11
2.9074036552325144,2.886897255026797e-10
1.3506023010795771,3.6957170023474684e-11
1.1896606923372517,4.22147586749237e-11
2.5082036715110076,9.59422817915636e-11
1.4717089851057952,3.493085437539806e-11
1.712171265955168,3.54598521217633e-11
1.105961657309992,4.624688846993379e-11
2.33430703841843,7.043172025911198e-11
2.0731194068817236,4.8378396912514086e-11
1.7347220108968493,3.581957184881688e-11
2.293109743662159,6.593311246362517e-11
0.8449858820730094,6.629704705658131e-11
2.013087572551501,4.506512485431653e-11
2.2944616241056326,6.607342333622135e-11
1.6339430152834893,3.462874284503596e-11
2.520428203053455,9.82610636268118e-11
2.161640384502582,5.431211304014798e-11
2.4181484816321817,8.121384475976549e-11
0.47435236217408483,1.350015442168023e-10
2.908803040081977,2.9048740495351205e-10
1.0399663481161057,5.014542150138496e-11
2.0024201557399937,4.4531133559862194e-11
0.7863112906646889,7.291046237852569e-11
0.7765610034594439,7.410944180609146e-11
1.3845289254061617,3.622990333910989e-11
2.5413995109789487,1.0245084552250747e-10
0.8975168212180457,6.115116072884603e-11
2.254781302021031,6.214601976803762e-11
2.040500969990458,4.6511870832667666e-11
2.169763921123789,5.492578856263402e-11
1.3303132641634283,3.745308526467407e-11
0.5055264132245024,1.2549381106113545e-10
0.3132368836191626,2.128154132117462e-10
1.3012822296407622,3.824365711249714e-11
1.806722958970215,3.733769460256174e-11
2.8732025585469243,2.5048951208156064e-10
1.444063285189266,3.525530781292033e-11
1.8063996516280334,3.732959571541482e-11
0.7166009343249533,8.220553677100361e-11
2.9512385845405427,3.573501098140483e-10
1.3790050167603898,3.6339708654802965e-11
2.679663262287005,1.3913247097410558e-10
2.800266534155138,1.9414726783167575e-10
0.4445103622237815,1.4529713707819336e-10
0.8212367970110273,6.885535515779067e-11
2.283389104012854,6.493809712152416e-11
1.268060449075433,3.926797438251566e-11
2.0515006629251036,4.712331397193781e-11
1.8797199002097167,3.9473151806783906e-11
1.181625020588766,4.2560688773583854e-11
2.693965410520325,1.4416024819237746e-10
0.8129763204663877,6.97819311592862e-11
0.3321477022119883,1.999095585486022e-10
0.8931842048214983,6.155061457537695e-11
0.48547386098015055,1.31475450197201e-10
1.8603698405376148,3.884665205834549e-11
1.9488752421245017,4.208537660912204e-11
2.3481802783307932,7.20561841140426e-11
1.7926580574444602,3.699619724654205e-11
2.039009874243446,4.643036738245157e-11
2.7284189532507894,1.576412284079576e-10
0.8169998440648609,6.932817656794565e-11
0.5300652379543921,1.1876459259284166e-10
2.6588570157591427,1.323291625014649e-10
1.6454834210734763,3.471107188239906e-11
2.2337173335718767,6.021332285566444e-11
0.5748647597850421,1.0790239212001934e-10
2.151886144666784,5.3591456397568845e-11
1.3547924075660285,3.686047819673179e-11
0.857796687188359,6.497926017838335e-11
0.7703113185543818,7.489418867912402e-11
1.1784965011682285,4.269765727472797e-11
1.3385727529757954,3.724563560290792e-11
0.7862445786441772,7.291856284931386e-11
1.534065021070232,3.4492334035859706e-11
1.8710223391828615,3.9186050936366046e-11
2.0024012073007182,4.4530199205663556e-11
0.8344438886691575,6.741372899788574e-11
2.695059263520891,1.4455749801876873e-10
0.6866584255165693,8.677378965922822e-11
1.9694648899365381,4.2980476854404826e-11
1.4257905518293155,3.5514099489616854e-11
1.1959954228057923,4.194797170744574e-11
1.2565085323323903,3.9654733933719716e-11
2.3147628300992964,6.823895052645104e-11
1.859606730666167,3.882285236178722e-11
0.24174117541827278,2.793415307649552e-10
0.7538388950236601,7.702559955238889e-11
1.9018385576400088,4.024428356737246e-11
1.0416370608527559,5.003824098784767e-11
1.4628977397115857,3.50255335742434e-11
0.6453225722204877,9.376064170275114e-11
0.8739403914373757,6.33776329781276e-11
1.7644863595070677,3.6378220869346876e-11
1.9455798364412638,4.194724628585875e-11
1.283365500306915,3.8780000045328794e-11
0.588946385754758,1.0481594627568246e-10
0.4948359767881202,1.286249746990407e-10
0.24746237971875829,2.7263330676242163e-10
1.9936045636980442,4.410180863371959e-11
2.4637994087985,8.820226992959182e-11
2.1899400884369165,5.65045472930999e-11
1.4029026643740106,3.5888509486184094e-11
0.7302234874601915,8.024958701220913e-11
1.0156429222576975,5.17586169575585e-11
1.7599567374247047,3.6286996178286415e-11
2.522593039778629,9.868090483079929e-11
2.38966242913726,7.727864609355048e-11
2.7588802905658905,1.715006373298798e-10
0.35243403395906747,1.875635129868838e-10
0.39891639746121826,1.6387399102418933e-10
2.5417458806874835,1.0252241159068408e-10
2.1948645149293013,5.690199835981851e-11
1.4441375947291653,3.525432768545857e-11
1.4635921236043958,3.5017776362250587e-11
2.7292089550737884,1.5797572041632462e-10
1.024840401152678,5.113687329547489e-11
1.9035556348238838,4.0306636708376976e-11
0.9624516185100276,5.5649725038493754e-11
1.174077167358095,4.289333822662958e-11
2.409800398382993,8.002898156022846e-11
1.8532035049386635,3.862584122310406e-11
2.3750205183887747,7.536990121022689e-11
2.4382266827392187,8.417757375502106e-11
2.1831389407207276,5.596352665455589e-11
1.0526376056989042,4.934389217347789e-11
1.2948522646856695,3.8431844364508053e-11
1.1495776134372049,4.402553846146935e-11
2.0864282101677962,4.9187159930927603e-11
0.4856773336706497,1.314123803968218e-10
2.2451315118445394,6.124809657322451e-11
2.8857000827496093,2.63285898350476e-10
1.7959096680501472,3.7073181421161e-11
1.9469308877726932,4.2003707348924536e-11
0.2666017963703696,2.522484601948044e-10
2.6062107128400904,1.173845146436083e-10
0.6451065930943367,9.379943157130548e-11
2.7287980296917262,1.5780157806193172e-10
0.8448013639615669,6.631633875722413e-11
1.7028076340062053,3.532642262819396e-11
0.8739437397070186,6.337730743360467e-11
1.2209180162333717,4.094819515205563e-11
0.5352756083382055,1.1741185851719252e-10
2.550757543731889,1.0441271893020545e-10
0.6223675741734019,9.802895176620126e-11
1.9151218650858588,4.073611288580903e-11
0.5014782659999922,1.2666445071964615e-10
0.17070914317892638,3.9940768814573654e-10
2.2481653613676467,6.152808898622887e-11
2.5718132765690123,1.0905297608649559e-10
0.9699941596553814,5.506610017055448e-11
1.3519741904083284,3.692529729017726e-11
1.4857374061669166,3.4796897287604745e-11
0.8439981653875944,6.640041895994701e-11
0.2045178238282172,3.319895751152032e-10
2.3248222938043,6.935393172649798e-11
2.6945293151039498,1.4436480592612326e-10
1.650389511871945,3.475027118394424e-11
0.7075643653789209,8.354412582970519e-11
2.6630567159491467,1.3365670893889714e-10
2.7712696345883545,1.777660809813724e-10
0.4934453797528342,1.290418167864636e-10
2.268929795962748,6.350204282267023e-11
2.4907892986344153,9.278464478310788e-11
1.0487723172394263,4.958563105103272e-11
0.18783109735315695,3.622640893825195e-10
0.6567613513716295,9.174159616754797e-11
1.8338354298378197,3.805897771015137e-11
1.9558946237809975,4.2384294573474855e-11
1.8387846225483508,3.819970316578368e-11
0.87188605079594,6.357788410281476e-11
1.0098879007434398,5.215506170277168e-11
1.8877127712463608,3.97449792735759e-11
2.843062460677749,2.2395128240191301e-10
2.5940211049737276,1.1431734268497842e-10
0.8244170493063823,6.850378808540283e-11
0.7384129643788518,7.910823345466841e-11
0.9286306014993306,5.84049171332748e-11
2.5052522800623405,9.539535554692457e-11
2.7984262081336797,1.930279233568547e-10
2.4599757637187034,8.758169648058474e-11
1.6951791899918451,3.5224592309478915e-11
1.4578875663652722,3.508300659263755e-11
1.8909789377406756,3.985827414451819e-11
0.6353760840570697,9.557350897086037e-11
0.5689221626595306,1.092488660562833e-10
0.8772587733167044,6.30563210399692e-11
2.815521925632301,2.0389803937409383e-10
0.8915107236723702,6.170605571256e-11
2.964317319168492,3.843235561205695e-10
0.8020112825012125,7.104248686886286e-11
0.5724987392075647,1.0843527299436918e-10
0.5212241320124114,1.2111915324822957e-10
1.9005476689748357,4.019764480142576e-11
1.7724290839507633,3.6543603360517296e-11
1.228483394456136,4.066019149284141e-11
1.2872999587758296,3.865901402775905e-11
1.5056303651281788,3.4642148735679265e-11
1.9237560656731927,4.106755018038273e-11
1.7392417944900294,3.589823059296278e-11
2.3911400865540253,7.747543723526549e-11
2.8446818913764162,2.2524323923700273e-10
1.3529956352211387,3.6901702156719096e-11
0.3961891416886068,1.6511547334561993e-10
1.7682311674015647,3.645533340584258e-11
2.5238701572355686,9.892991532525178e-11
1.0480654666433205,4.963009915625068e-11
1.5987573149334728,3.446302275011932e-11
0.4263287430826701,1.522467659268262e-10
1.7380312450176811,3.587694741785636e-11
2.4141882119460716,8.064838746526544e-11
1.959991697617024,4.2561737426553255e-11
1.1654666700149143,4.3282049062353894e-11
0.9046989251511768,6.049835706302195e-11
2.444943516248856,8.520662077710052e-11
1.4961268888459471,3.4710935337936276e-11
2.6422023571671778,1.2727534947772255e-10
0.5964466635493063,1.032291763422354e-10
0.5168247958142079,1.2231950286903317e-10
2.070753020774203,4.823750857085634e-11
2.4193092497747157,8.138074752409908e-11
2.834970161508241,2.1769494812466433e-10
1.9697835036945055,4.29947669320062e-11
1.8503423932884053,3.8539361843758614e-11
1.4888832713578932,3.476968043938432e-11
1.8010368341003542,3.7196968649207565e-11
0.2747634077867673,2.4440324735972376e-10
1.8071977035183526,3.734960831436857e-11
1.2342482412405253,4.044550216043563e-11
1.6888295817533763,3.5144524717704675e-11
1.2957991956947217,3.840382944076949e-11
1.3308680582534766,3.7438910118112544e-11
2.1604455339173976,5.4222891817244683e-11
1.3372975762864745,3.7277163002673587e-11
2.3346428876123815,7.047036560591169e-11
0.8770484603191725,6.307660659753597e-11
1.5355493061832002,3.448681407340879e-11
2.1641527259901014,5.450058063368779e-11
1.128742809377226,4.5053050200496184e-11
1.0157307733400383,5.175260964759856e-11
2.2722235282587118,6.382462701772693e-11
2.480939789915466,9.107018590581955e-11
1.4867182044765106,3.4788300982241374e-11
2.486631209630389,9.205475873991248e-11
0.6033490332000289,1.0180242405103426e-10
1.3182410682205181,3.7770159196456685e-11
1.0984901627014019,4.665485692521777e-11
1.3171647979004588,3.7799230851194496e-11
1.9312128865549072,4.136132287211768e-11
0.9863651785571622,5.3836348074503276e-11
0.19299238811811187,3.5234738314665465e-10
0.7436521532203951,7.839120350326813e-11
2.5306014330664075,1.0025894370473621e-10
0.4787578171895652,1.335860134214405e-10
0.5841124483633835,1.0585935713466107e-10
2.708167020765881,1.4946744130381516e-10
2.3301875189095442,6.996039167345433e-11
2.4591990056664663,8.745646006114062e-11
0.6342942672904598,9.577399902749434e-11
0.98018361199918,5.429481761229574e-11
2.1413055254561306,5.2829334514505524e-11
0.7388782698013521,7.904414149323235e-11
1.3672748273269886,3.65839493267934e-11
0.4223681282350027,1.538368688984384e-10
2.4640214517108916,8.823851741793148e-11
1.6891770242725832,3.514879586159429e-11
0.42407637107803564,1.531475424932313e-10
2.5012192960455675,9.465588282013553e-11
1.075863980825214,4.794125436214607e-11
0.7110370765639726,8.302573924062101e-11
2.442887724728383,8.488959978568605e-11
0.6424417456111234,9.428011695555208e-11
1.9686505545044681,4.29440145798875e-11
1.3864103289645757,3.61932633138844e-11
1.3252742325861904,3.75834261323538e-11
1.222471183165915,4.0888485949391344e-11
1.8514176524428563,3.857175040667354e-11
0.480437900099412,1.330527341628913e-10
1.1983905853706545,4.1848449480636596e-11
0.5903727641741796,1.0451119690807244e-10
0.7699050206218386,7.494565294147e-11
2.9247632202052976,3.1260515139812417e-10
2.623891749219086,1.220789012949878e-10
0.9121021832082058,5.983747911567817e-11
0.8245162426952672,6.849286816162966e-11
1.8345667702056532,3.807959519992443e-11
2.8199653427881093,2.0690708525353497e-10
0.7863740665495578,7.290284113306673e-11
2.692892649246174,1.437724641106089e-10
0.713055794730831,8.272668625136373e-11
1.1765207227990584,4.278482243960063e-11
2.87374936227232,2.5102489892145077e-10
1.0924814397742755,4.6988955276021196e-11
0.23593518293683716,2.864759665460522e-10
1.2092607687461674,4.1406013833789167e-11
1.7650845845417737,3.6390436438344755e-11
0.8924994926537045,6.161413610278085e-11
1.1076769652037421,4.615438503677312e-11
1.975458540154905,4.325156403053392e-11
2.4597049290549173,8.753799823371256e-11
0.3392561131658587,1.9542039281447145e-10
2.835109450252773,2.1779990975201927e-10
2.471689473870342,8.950466939601298e-11
1.0757333402421927,4.794890800594085e-11
1.5357732549551908,3.448600101277326e-11
0.3119948491654554,2.137163065463377e-10
2.0011207343526904,4.4467174383662265e-11
0.31319692709980096,2.1284428679695361e-10
0.4229184148160001,1.536142272514308e-10
1.2661252909422758,3.933165100515274e-11
1.1480187285159196,4.410033521942444e-11
0.5701075331379466,1.0897813561916155e-10
2.8049305581115505,1.970372549162304e-10
1.119983462527746,4.5503254972254885e-11
1.9189136168211456,4.088051819889672e-11
0.6016179182921507,1.0215729538530415e-10
0.5909586806449362,1.0438642386396103e-10
2.36999395381558,7.4731483372903e-11
1.3075358551826342,3.806521190827807e-11
0.8926586512242721,6.159936116655686e-11
0.28712526448024306,2.3335255202503824e-10
0.9487337916641038,5.67395374670631e-11
0.41000284448654817,1.5899129488768225e-10
1.338011302283606,3.725949439788457e-11
1.1727070631177088,4.295452938794907e-11
1.080345106142399,4.768031377187264e-11
0.28284176392621324,2.370747536438279e-10
1.3766874927246064,3.638676855402397e-11
0.6907564570094001,8.612558595053204e-11
1.4066831956379142,3.5822790320633035e-11
1.8376023159784214,3.816582900553296e-11
1.655280166417439,3.4791844754866327e-11
1.78991938552877,3.6932270627501934e-11
1.629990788794853,3.4603729912954766e-11
1.449500824064325,3.5185129459790175e-11
0.7781266319965442,7.391485674104003e-11
2.610882999653018,1.1859590921633667e-10
2.421358664107468,8.16767269334671e-11
1.8549830680057375,3.8680112130195413e-11
2.8896535192049138,2.6759300561742746e-10
0.9859185047624497,5.386924046065667e-11
0.40368106460951536,1.6174387136764778e-10
0.21578067670624962,3.141713645276233e-10
0.6439430654675014,9.400883486394213e-11
2.3628061781376166,7.383308597737257e-11
0.8728257129174127,6.348616150707786e-11
2.3625427856587478,7.380048454572883e-11
1.1830081516173139,4.250054438096455e-11
1.3684133737941762,3.6559581563096033e-11
0.6094407277114815,1.0056908077384673e-10
0.4717805080349379,1.3583962377993871e-10
1.315858060485396,3.783470526949579e-11
2.870085054753285,2.474774589213621e-10
1.7873739912515634,3.6873602901037026e-11
2.171878837484923,5.508759771169388e-11
1.8259087726111016,3.7839448489986426e-11
0.5555613416216039,1.1237692304833633e-10
1.3760651672537068,3.639950557140643e-11
1.7672733710017516,3.6435464482687777e-11
1.6936434264558515,3.520483620505479e-11
1.7685597158408037,3.6462172103255065e-11
2.324171273868599,6.92809065945093e-11
1.9577958186542215,4.246636135635786e-11
1.429448849881834,3.545944716482286e-11
2.694881916864584,1.4449296495982868e-10
2.7030498101856937,1.475170776004203e-10
2.489228449254532,9.250960420756012e-11
1.3921875750520447,3.608315636926878e-11
2.6375397440347026,1.2591783369431654e-10
0.5627908107788392,1.106666736241411e-10
1.243550654414683,4.0107698819311346e-11
1.4162585970393493,3.56632075422524e-11
0.5551842844440882,1.1246729291353267e-10
1.0828725364729006,4.753449474565129e-11
2.2419917168933923,6.096053272543711e-11
2.9716358551441644,4.012097271178634e-10
0.39004858762412076,1.679719982587765e-10
2.8693865262252922,2.468118253559822e-10
2.621824108749332,1.215141538537216e-10
2.4669757051414507,8.872300206456975e-11
1.4854568978407927,3.479937429828224e-11
1.930510538074255,4.133335326371694e-11
0.5273068705940723,1.1949108717649533e-10
1.5795622844660884,3.4426614283564895e-11
1.8174683636766475,3.761357353490388e-11
0.9565950141113094,5.611048005592325e-11
1.9527374795475372,4.224905586825749e-11
0.3984125125726773,1.6410213172133505e-10
0.42216502727304206,1.539191830086372e-10
1.3206402661951433,3.770582801733099e-11
0.20234358362637736,3.35654668667596e-10
1.336776838144263,3.729009018773989e-11
0.4263760762516179,1.522279344649767e-10
1.2196290081394372,4.0997978362720963e-11
1.210859010148185,4.1342231214508294e-11
0.5630960991907062,1.1059537896456689e-10
2.2452323704627517,6.125737099838742e-11
2.5798579540557323,1.1091388243218356e-10
1.410554464064886,3.5757087037230675e-11
0.6810991723508109,8.766532296217262e-11
0.2286483020895477,2.9593426365001917e-10
0.8590584489249627,6.485174162960239e-11
1.9114620356008254,4.0598427433726827e-11
1.779478182316936,3.669618316757288e-11
2.8594738204383288,2.37713850700493e-10
1.0906055408782145,4.7094364721344896e-11
2.679375369390743,1.3903433101131876e-10
0.853666523340609,6.53994974529564e-11
0.7201391800671243,8.169045982556086e-11
1.1283344643018263,4.507379571549047e-11
0.6108841718646036,1.0028030737192273e-10
2.044146815853398,4.671253775012554e-11
0.8619297742837982,6.456304893249527e-11
2.2535534141457036,6.203056739026051e-11
1.9879554438240805,4.383231737478345e-11
1.4597910053618923,3.506086072381146e-11
2.485655877984082,9.188485543961446e-11
1.4052955013876038,3.584673466276465e-11
2.4770791105216063,9.041165045661595e-11
0.8986766598725285,6.1044952310049e-11
1.557004834307193,3.443246806907472e-11
0.477345931503103,1.3403694456453537e-10
2.9148213415016087,2.984674593874174e-10
0.5272941404424556,1.1949445689138855e-10
0.1667503811529519,4.0907051144530116e-10
1.538938817016811,3.447506321527598e-11
1.790316214212522,3.694148180791955e-11
0.4130326811120676,1.5770084656051363e-10
1.7064916165727224,3.537780732773933e-11
0.20430702855680305,3.323415385189708e-10
0.2085881290905156,3.2533113305103803e-10
1.371987154172168,3.6484018742381655e-11
0.9998021366958739,5.286382892628846e-11
0.613534096392095,9.97535741173482e-11
2.8678645755470904,2.453730661654087e-10
2.5710112673945953,1.0887021265129633e-10
1.0119921665841456,5.200943849151309e-11
1.2325007664060728,4.05101461388986e-11
1.3235952210713318,3.762749418547574e-11
2.7982320117555117,1.929104861518065e-10
2.949896658756713,3.5478856366286894e-10
2.0214604565249727,4.5495519100384386e-11
2.2350592068642827,6.033346298326225e-11
1.0702136699198883,4.8274691900763406e-11
1.496758148032507,3.470607485033907e-11
1.4980090285697696,3.469656604635767e-11
2.3338570797164784,7.0379996718311e-11
1.5263478940159065,3.4524708312344787e-11
2.6449835561884325,1.2809671116650626e-10
0.7786906248499192,7.384495546376831e-11
0.3262262962464523,2.0379413439825375e-10
0.5053208288819158,1.2555282889958272e-10
2.799987479076971,1.9397678494670613e-10
1.248475640964463,3.99331381167297e-11
2.7385221098182293,1.6201410291834653e-10
1.4810597581840153,3.4839277060794494e-11
0.7324166241843897,7.994144215844927e-11
1.7959005406223403,3.7072963672860814e-11
2.5241359858361205,9.898187105592238e-11
0.65870647509426,9.140503660416968e-11
1.2300025458048316,4.060321755452254e-11
2.3158185960811135,6.835463698858182e-11
0.2855329695622486,2.347234483703986e-10
0.80412131773959,7.079715229354471e-11
2.142619743833294,5.292290384648163e-11
0.7634291664224839,7.577340507552794e-11
0.5628258332425119,1.1065849098847146e-10
0.6197173978260899,9.854138674642865e-11
2.797332563315406,1.9236823546808168e-10
2.1458498600609044,5.3154193495196736e-11
0.9839978354472946,5.401109368680177e-11
0.539367621221448,1.163670250550994e-10
0.34427539745140634,1.9235903101641792e-10
0.6464299970723032,9.35621426282091e-11
1.4841838293722591,3.481071930316801e-11
1.525897402046829,3.452678867015374e-11
2.0043648305459905,4.46272922257283e-11
2.17349459504732,5.521179050589723e-11
2.584727671486933,1.1206538113574751e-10
0.4909962914588164,1.2978144665426193e-10
2.180886926756863,5.5786380559969305e-11
0.6258623649724716,9.735960520982824e-11
1.769352223129239,3.647871674320142e-11
1.8092807183284292,3.7402181369394324e-11
1.0079206288605995,5.229190370373003e-11
0.9236778569726357,5.882806475282853e-11
1.5162702723220902,3.4576273276630677e-11
0.3560302216954634,1.855174121092257e-10
2.479321623534778,9.07932581892276e-11
1.9218739612681213,4.099450790373601e-11
1.5525730867514667,3.4439794916064746e-11
0.2817225412662193,2.3806554810134004e-10
1.6244579239526715,3.457143720177093e-11
2.0324916118963556,4.6077913869507116e-11
0.9959249637789539,5.31410995430223e-11
1.7345181444448121,3.581607574578044e-11
1.1469753149361843,4.415058573560968e-11
0.5470313146837228,1.1445050437786333e-10
2.4537319121665333,8.65828299212432e-11
0.9192202374902745,5.921336150597412e-11
1.825003154503215,3.7814824674716197e-11
1.0209116500592677,5.14006852849633e-11
1.5481273188949234,3.444918382552025e-11
0.7022442127755104,8.434808534504207e-11
2.6998829113960254,1.4633180527891535e-10
2.4943683523661973,9.342017389174055e-11
2.4720611953623486,8.956676697812856e-11
1.230810681191038,4.0573025920371204e-11
0.9383462603791417,5.7589726632756516e-11
2.5345881635450156,1.0105946995172323e-10
2.3222452098558257,6.906556710383101e-11
2.2142969986594716,5.851846190891526e-11
0.2775970119498573,2.4178515476818726e-10
2.9154148645886564,2.992770961809828e-10
1.239799654662412,4.0242634093036464e-11
0.28621106024342535,2.3413781935190754e-10
2.4896042718621527,9.25757119334069e-11
2.2231269328124252,5.927899940575336e-11
0.9653402145665924,5.542492135331411e-11
1.1446426963531502,4.426346635614972e-11
0.9128743291014396,5.976924466281484e-11
0.21345474255169153,3.17699059100866e-10
2.5893540524843113,1.1317735832412774e-10
2.6499795420166037,1.2959450079415238e-10
0.22622096890811905,2.9921805248680077e-10
1.573833107022129,3.442312272044572e-11
2.43637229260545,8.389687009796298e-11
1.057267648701055,4.9057483214020224e-11
2.633395600545346,1.2473129559926542e-10
1.82138540255052,3.771739028906687e-11
0.32278580092941667,2.0611479972652877e-10
2.194510640673033,5.687327545478448e-11
0.3200356566628927,2.0800470923228493e-10
2.924291117245408,3.1190497807705466e-10
2.3523378481633213,7.255444093933868e-11
0.9810124638338731,5.423293350258723e-11
1.617387682930967,3.453479210701713e-11
1.2447125263489724,4.0066251297675986e-11
2.9323230950942953,3.2424139553065427e-10
0.1800692754563319,3.7823568562462997e-10
1.032309383826766,5.064253375846599e-11
2.6860291554927103,1.4133293161705118e-10
2.8308859026950164,2.1465802227526334e-10
1.307895979847601,3.805507292087139e-11
1.8979889054212093,4.010580121182182e-11
1.388357437192062,3.6155749012317336e-11
0.29032780978400385,2.306398084733235e-10
0.818930148759779,6.911213230443391e-11
1.8055424068985388,3.73081785187023e-11
1.6288310288899053,3.459669778917863e-11
1.9373933278658082,4.161014679567847e-11
2.3653127548940067,7.414446354594546e-11
1.3874618465893238,3.6172952890911364e-11
2.7506683191552437,1.6755931712394627e-10
0.882227258255373,6.258016106050631e-11
1.1206007565959464,4.547116944283756e-11
0.3984858365002669,1.640688987388392e-10
1.727489503768543,3.5698272222273565e-11
0.5552776361141599,1.124449082250795e-10
0.9807690253536581,5.425109597693518e-11
2.0816126656463747,4.889128930957202e-11
2.718699729183416,1.536245281614803e-10
1.687155226989337,3.512412019035455e-11
2.363917013358305,7.397082685135038e-11
0.22661401835682476,2.9868162018406146e-10
2.346325522433354,7.183562690310865e-11
2.517744281798624,9.774445562738786e-11
2.9729508426044724,4.0439768607131687e-10
0.48678168979527725,1.310709475574312e-10
1.8877368533870444,3.974580990165904e-11
2.88879706232259,2.666487120990498e-10
1.0706607377295099,4.824812904292905e-11
2.28885110706723,6.549420944763922e-11
0.1781096023825166,3.824859214908562e-10
2.7474645917806373,1.6606469359144048e-10
1.6989475075821006,3.5274124759659753e-11
2.548352418661829,1.0390281513022015e-10
0.4882551297771749,1.3061770934683474e-10
1.0771521147100753,4.786592912140577e-11
1.2355322137765612,4.0398244396504456e-11
1.2167554684015103,4.110970826326978e-11
0.7446719292720956,7.825281006048071e-11
2.243714229208078,6.111801538552602e-11
2.9280575076575914,3.1757584839076905e-10
1.8081714413487122,3.7374123606751854e-11
0.3549134084651333,1.861485371695663e-10
2.2724311765425114,6.384505266300496e-11
1.7731984911798266,3.6559991553012034e-11
0.6035378817592746,1.0176382936457233e-10
0.8409853930872132,6.671731922042143e-11
0.32456107600955253,2.0491137502463317e-10
1.215749448446417,4.114906985494765e-11
0.7774021592384694,7.400479923256922e-11
1.9761118008308223,4.328140065381168e-11
0.6793678950825295,8.794587939396971e-11
1.8572989229148675,3.87512931397505e-11
0.6624989403715622,9.075436004864846e-11
2.226028090804451,5.953252339200499e-11
1.975272042004305,4.324305652598527e-11
0.6360543475831593,9.544814462924686e-11
1.021653854180222,5.13506456480555e-11
2.41260634826833,8.04242294748057e-11
0.19015864730147894,3.5772612421609734e-10
2.4936053654728423,9.328412024537244e-11
0.35600913075714646,1.855292953208652e-10
2.842905260835362,2.238265988090413e-10
0.5246358594428479,1.2020154199008092e-10
2.8165125132707685,2.0456192690738353e-10
2.0051855245879238,4.466803157284008e-11
1.7956424236567734,3.706680975905845e-11
1.211533507908845,4.131541043772355e-11
0.4831644398423154,1.3219486020655214e-10
0.17847100243153843,3.816951496609398e-10
2.5898073887778166,1.1328728115200777e-10
0.24621944523325207,2.740646263199815e-10
0.7445678946069395,7.826691120237434e-11
0.2784592371953495,2.409988545672517e-10
1.3492282424004944,3.6989302957403654e-11
1.6050953294191737,3.448340774004516e-11
0.9294726684622804,5.833348686616312e-11
1.090102933053221,4.712269672698035e-11
1.3825645111052598,3.6268571199935244e-11
2.1157675941698373,5.1071165093732984e-11
1.2704432449314311,3.919018056171884e-11
0.18909406591152883,3.597880010368699e-10
0.8475871426052609,6.60260303776247e-11
0.9197874333610201,5.91640997492674e-11
1.0216042512718309,5.135398696120191e-11
0.6027637479884863,1.0192218566765105e-10
2.2231932848079654,5.928477743920849e-11
1.802962893362981,3.724423041875821e-11
1.4729637419432609,3.491803405707163e-11
1.053342814095619,4.930004719513286e-11
0.8931582598458386,6.155301955663766e-11
2.222422491491824,5.921771394056299e-11
0.6745290956333496,8.873747294729318e-11
2.3285398569162146,6.977326300792272e-11
2.1376499902972874,5.2570684273847654e-11
1.4552402308517478,3.5114441626707116e-11
1.43636495788705,3.5360015702741936e-11
1.248313724012265,3.993883017843856e-11
0.32463093220802375,2.0486428265568462e-10
0.9868865068357872,5.379800454349979e-11
2.8703955819913496,2.477744409494834e-10
2.013357977413985,4.507886892631414e-11
0.22040945418499108,3.0736945298853927e-10
2.870920988139428,2.4827844853634554e-10
2.5748536290715003,1.0975032096532479e-10
2.5672748807061163,1.0802521154701806e-10
2.596282469344968,1.1487642877669031e-10
1.3079675016006005,3.8053061063141426e-11
2.9081994313664583,2.897093950503108e-10
1.370163039739561,3.65224119970455e-11
0.9292900505311344,5.834896524001714e-11
0.2991762726702102,2.2343965915888883e-10
1.888129330434729,3.9759356878355127e-11
0.18190814351802895,3.743299099618279e-10
1.742245579622106,3.5951723973713366e-11
2.1152926258985496,5.10395281589486e-11
2.465538144306652,8.848673217804491e-11
1.1284454423835084,4.506815526404813e-11
0.48773906033198144,1.3077615667607363e-10
2.189575984861917,5.6475352179342974e-11
0.5954423385526599,1.0343942503258843e-10
1.6398905980345406,3.466944290864866e-11
2.0380206936118164,4.6376479444940706e-11
1.9197018909448857,4.091076406429116e-11
0.7256264879735733,8.090149065974136e-11
2.614235209285051,1.194777016798139e-10
1.995726566067969,4.420417017389995e-11
2.3022404795749334,6.68901176960939e-11
1.8001260523975227,3.717476454675414e-11
0.29232306902794203,2.289790706199337e-10
2.708504731961918,1.4959771335220414e-10
1.6434228312421426,3.46953555571384e-11
2.0031697960340473,4.4568138707874995e-11
2.41266990166633,8.043321667498833e-11
1.7967281998592508,3.709274651488162e-11
0.8337732966492631,6.748577211905553e-11
1.112126891239379,4.5916410125217803e-11
1.9332961053878492,4.144465062015584e-11
0.7524000790701126,7.721623441165605e-11
2.795291406795479,1.911478213034469e-10
2.5832846948282424,1.1172216654562013e-10
0.6257532679258233,9.738039112009422e-11
1.8709738810100107,3.9184476601427197e-11
1.7805720046246523,3.672035012920852e-11
2.8306305626582278,2.1447074174083507e-10
1.386093431767368,3.6199407866636225e-11
1.0133201316641915,5.191793471071604e-11
2.0677980517311854,4.8062799495622305e-11
2.4507044818513677,8.610487702356061e-11
1.0569520846002998,4.907689485779945e-11
2.256560329586736,6.231391823301195e-11
1.253965474250232,3.974202765086841e-11
1.452657294806114,3.5145823696785446e-11
1.3840213637512162,3.623985400083952e-11
0.9585803112090124,5.595354204912803e-11
2.8311096258585793,2.14822359914892e-10
1.066695302726231,4.848482596564176e-11
2.047908357728211,4.6921642550927015e-11
0.6804289556624922,8.777376722614096e-11
1.2807146704310386,3.8862537868481766e-11
1.296948013976277,3.836998138491243e-11
1.9688657769533204,4.295364270703489e-11
0.379260672684184,1.7320644186005202e-10
1.3069792913891336,3.808091077501257e-11
2.401863091657201,7.892709129407605e-11
0.8741994562423584,6.335245271749715e-11
1.4581600736059859,3.507981267535321e-11
0.43941156101439605,1.4719031025078332e-10
1.501829412682178,3.466853285443957e-11
0.9459096345753063,5.696853021803814e-11
2.2690924474900456,6.351791069502158e-11
0.22010903779848978,3.078023523857041e-10
1.5438763684949113,3.4460071650253897e-11
1.9388239870405706,4.1668438506669496e-11
0.6580290110618998,9.15220370193902e-11
1.0554612529502236,4.916881682320931e-11
0.4794924161381209,1.3335240203655057e-10
2.594908333614919,1.1453616767936344e-10
1.3725576540483813,3.6472086015678957e-11
1.1592557244207107,4.356860233085596e-11
1.5487640369597973,3.4447713845805844e-11
1.4871771532845999,3.4784312963709057e-11
1.732272228534402,3.577785633226101e-11
0.299778257024496,2.229648911923914e-10
2.912933565702612,2.9591982540937364e-10
0.1927611369058645,3.5278046311437133e-10
1.6217901011450517,3.455700110763653e-11
1.7966184158641174,3.709011804168133e-11
1.9528321771230381,4.225309342485068e-11
2.552907570397436,1.0487192795890795e-10
1.034628699269825,5.0490930129559695e-11
1.7225050717081254,3.5617940604766967e-11
1.9494810722535854,4.211092339755158e-11
1.032024863839083,5.066119337260815e-11
0.4417648148796456,1.4631133766931958e-10
2.822194594980031,2.0844739061290632e-10
0.8747306342405791,6.330087466399468e-11
1.8220369910581014,3.7734829044328717e-11
2.5766917715688273,1.1017541333228963e-10
1.3205130191907437,3.770922352578477e-11
2.638177506711719,1.2610209624305048e-10
2.869475280774558,2.4689621471649154e-10
0.6301337352016014,9.655125771480541e-11
0.3104724127442252,2.1483016297254933e-10
2.3724091851221267,7.503718497486104e-11
2.4039702068921422,7.921730561429315e-11
0.7795312897130526,7.374095444211239e-11
2.8448614078236227,2.253873020331882e-10
0.390246807895795,1.6787843376609763e-10
0.7851795715448117,7.304807112594744e-11
2.5123550991523484,9.671997942053887e-11
0.5945586525826028,1.0362498335228466e-10
1.6962393723256453,3.52383759779416e-11
1.1465835434858194,4.4169492029146935e-11
2.236264510762414,6.044171617598805e-11
1.5470722480794927,3.445171188521574e-11
1.0444984182551784,4.985574022690073e-11
1.6336362773320325,3.462674348649316e-11
1.679484820639069,3.5034419516812985e-11
1.6527097898494165,3.476968389904744e-11
1.4095008343660504,3.577480977443023e-11
1.4293344695088617,3.546113434123204e-11
1.1948612557022595,4.1995355751633106e-11
2.5117987137187208,9.661517554059797e-11
0.8950060243415972,6.138212608806506e-11
0.498090129520364,1.2765822995525741e-10
2.142442138811536,5.291024076572445e-11
2.6473414602112557,1.2879999431147126e-10
0.35066176891493117,1.8858682519047487e-10
1.6569690905682348,3.4806781464750616e-11
1.6097804461268361,3.4501147706726766e-11
1.45846371196256,3.507626309347836e-11
1.3284606588886065,3.75006715752077e-11
0.6484780789553918,9.319676784177028e-11
2.21619779038895,5.868078238154823e-11
1.0458325635744856,4.977110385072429e-11
1.2695295865376879,3.92199299929198e-11
2.610151463618436,1.1840489581699012e-10
1.331822310900928,3.741460989750047e-11
0.16338706714597437,4.1764454179009006e-10
1.9252177572715186,4.1124583574567394e-11
1.3354739683183412,3.7322567019570746e-11
0.6346771025763726,9.570297369844849e-11
0.6452013324696,9.378241327435309e-11
0.37634840354051735,1.746691734065484e-10
0.33579069934609407,1.9758584192177795e-10
2.6304925010084204,1.239110644712122e-10
0.5634780100547727,1.1050629475884318e-10
0.6200587558829229,9.847514512804877e-11
2.1667056053862046,5.469329910109112e-11
1.1409506511358365,4.444366975741746e-11
1.6550118881324218,3.478949953087107e-11
1.4976058968834158,3.4699612738411805e-11
2.0494389051568938,4.700733067580206e-11
2.401792289184663,7.891736826838179e-11
1.505079695776872,3.464587814457682e-11
1.7507796633299402,3.610902578016432e-11
1.587164312431469,3.4436480781855506e-11
2.815664031968217,2.0399303732240207e-10
1.1429721393305377,4.434477001975271e-11
1.549376087117957,3.444634030952397e-11
1.2919021273308677,3.851979214239472e-11
2.747460159887239,1.6606264223275418e-10
1.6506148739697053,3.475213207103356e-11
1.2074638971477891,4.147811035287078e-11
2.1162332376445296,5.110221795260226e-11
1.0269692693732773,5.0995015640442705e-11
0.8779124708862521,6.299333688232967e-11
2.336543043245446,7.068963981061961e-11
1.8279448590361773,3.7895151724652014e-11
1.3120550682158278,3.7939055853284815e-11
2.7063727350688636,1.4877855433220267e-10
0.8323163411383616,6.764271729496071e-11
0.951559601966653,5.651200562531486e-11
2.6997300192938534,1.4627499543724976e-10
0.9581779626394182,5.5985285463532354e-11
2.37774283250397,7.571920580629875e-11
0.7921231432560032,7.221011664546708e-11
1.4483306573264225,3.5199968110382225e-11
1.834535745200872,3.807871931394673e-11
2.261108557544882,6.274654993804801e-11
2.712738501416567,1.512476168993026e-10
2.586968280442865,1.1260170489693582e-10
2.109399466694026,5.0650152643822295e-11
2.112729474902204,5.086945740252259e-11
2.335881021641405,7.061312248262831e-11
1.0169461221441367,5.166963991381434e-11
1.4637102150184746,3.5016462161565646e-11
1.72839530199233,3.571315625892597e-11
2.154261109847849,5.3765311635519737e-11
0.7815776557810437,7.348874458023309e-11
1.5816593809526553,3.442873984431649e-11
1.7072492383578683,3.5388553322266457e-11
1.648651319145929,3.473609626336595e-11
0.9110398732622625,5.99315683816442e-11
1.6101712935422707,3.450273028676033e-11
1.8329720750168796,3.803471762862168e-11
1.0995559799847368,4.659615580492535e-11
0.9693398397162916,5.511629857884514e-11
0.8778627482873509,6.299812408929575e-11
2.898565463972369,2.7780661495291265e-10
0.5954317979691647,1.0344163524789145e-10
2.037710459646386,4.6359608380138795e-11
0.6009283842034219,1.0229919466086459e-10
0.8803562010496128,6.27587862023064e-11
2.218436860039914,5.887297057919222e-11
2.960338860865944,3.757107674809673e-10
2.814762634435134,2.0339181522057084e-10
2.815288846541897,2.0374240043527487e-10
0.23771352777545254,2.8425432032468875e-10
2.916863007563955,3.012702105386306e-10
2.6618011167397952,1.332574743925232e-10
0.30000956921227667,2.2278295624198427e-10
2.030080716613218,4.594912534934519e-11
0.3838530286557904,1.709434421348525e-10
1.6254731857112925,3.457712486967116e-11
1.3562884193021194,3.6826427840880775e-11
2.8833891602283,2.608281925332468e-10
2.265882914716876,6.320598078567593e-11
2.26379360323026,6.300425768165619e-11
1.042087375472496,5.0009430536762486e-11
1.223162408908151,4.0862009727259816e-11
0.8727291042832782,6.349558180715537e-11
0.9671784801630205,5.5282695138648673e-11
0.7760528830524417,7.417276534735715e-11
0.30111969877930633,2.2191359648097127e-10
1.0101000938251536,5.2140342134051065e-11
2.3401586834373136,7.110984335056825e-11
2.452861940807419,8.644506246987116e-11
2.179717467463697,5.56947785660279e-11
0.2506002995262066,2.690818424324898e-10
0.815428512621649,6.95048300485198e-11
2.138967756656379,5.266365061808045e-11
0.6861378216176057,8.685667866531783e-11
0.8735311532943486,6.341744269025573e-11
1.9013456249108136,4.0226450219179144e-11
2.367354638723913,7.439962901379133e-11
1.4379580614622975,3.533783183299915e-11
1.8398118270116763,3.8229264408552087e-11
0.19189534902282798,3.5441104694656156e-10
2.6998836054838407,1.4633206326598516e-10
1.1955645844320755,4.19659520367724e-11
1.9431879169985913,4.184786367165925e-11
0.83284685676284,6.758550253265432e-11
0.9086527949992447,6.014389638288098e-11
0.9530452807533428,5.639301636303229e-11
1.4140282421180344,3.5699499766408614e-11
1.4381764139299869,3.533481226682821e-11
2.1468953673421,5.3229457496100335e-11
1.623885032550182,3.45682749506746e-11
0.6427410629682426,9.422593364374629e-11
0.6227992979086399,9.794587265966713e-11
1.8431313449157245,3.832562812807232e-11
2.0539489129286808,4.7261869736683396e-11
2.4263152831110477,8.23995086806251e-11
1.9862638135396753,4.375246634080215e-11
2.6732678874303315,1.3697962041992676e-10
2.16679682352499,5.470020786803827e-11
2.423787854855959,8.202972140594863e-11
1.5189488542266298,3.456154033647971e-11
0.7108038181117546,8.306040221000655e-11
2.3006442720744493,6.672122726643469e-11
0.893603907181256,6.151173154318368e-11
1.7355189647808111,3.5833281699989827e-11
2.5171820351866874,9.763677584383914e-11
1.577616140531,3.442504806571529e-11
0.6015265303763858,1.0217608412434712e-10
2.6219035254686367,1.2153576598817747e-10
1.9063966088202489,4.041059777465538e-11
1.8196994069302357,3.767249127557654e-11
1.9651037816111045,4.278623182021022e-11
0.9990962261047457,5.291411090226201e-11
2.0080407562613045,4.481049993833744e-11
0.5631117945321762,1.1059171560032613e-10
1.6478980897753137,3.473005148730017e-11
2.9463818675782756,3.4824437732820926e-10
1.371161767038461,3.650134594241541e-11
0.22396778182479915,3.0232897314755436e-10
1.1592709099780534,4.3567895371513636e-11
2.6379156004574944,1.2602637216244372e-10
0.23723400477494144,2.848501518816763e-10
1.1261708772716335,4.5184108357102135e-11
1.1614972001216177,4.346458825910522e-11
2.2732392321138706,6.392463897089131e-11
0.24961535209369187,2.701871531806366e-10
2.31971968200921,6.878480053753502e-11
0.16435662070088425,4.151371873685991e-10
0.22730517734556516,2.977427600472126e-10
0.7552649264766107,7.683737843066105e-11
0.8160516778336284,6.943468737513506e-11
1.7236432340286845,3.563604952997394e-11
1.1977186099209338,4.187629645466938e-11
0.8452689760744868,6.62674664591342e-11
2.871362401414112,2.4870336768732217e-10
2.259700910696661,6.261213082667177e-11
0.959209544037361,5.590396189259611e-11
2.362375770346991,7.377982382525947e-11
0.31650358523671984,2.1047883402606595e-10
0.37498885508836854,1.7535954361226444e-10
2.517840146526018,9.776283404439911e-11
1.054800078418733,4.920969729466933e-11
1.8748220982048207,3.931036889941193e-11
2.8632255692397273,2.4108266523513766e-10
1.9324092087058218,4.140910788713522e-11
1.4558034765887957,3.51076917046741e-11
2.663837127327204,1.3390586432697819e-10
2.2830417264668155,6.490298539216795e-11
2.3417336829476385,7.129411208511598e-11
0.732454718734085,7.99361059333506e-11
1.726042977176232,3.567468529509331e-11
1.2845142067626785,3.874448943916811e-11
0.6044657497155086,1.015745395042262e-10
2.362832778869885,7.383637973308835e-11
0.9153439309404503,5.955187823587426e-11
0.5295596039766027,1.1889722333063433e-10
2.3708536217426066,7.484007118022024e-11
1.1960570049422958,4.194540363338601e-11
1.2214100841571311,4.092924568564376e-11
1.8793132077928911,3.94595258158601e-11
0.7397879899863596,7.89190674647962e-11
1.337639020682915,3.7268703261581586e-11
2.2820409553629983,6.480200120584928e-11
0.9385019531153599,5.757682187098328e-11
0.40652542477216286,1.6049519887070272e-10
2.6066586748018072,1.1749978057794425e-10
2.8137205843317536,2.0270078534142543e-10
0.3819948180376662,1.718527920021424e-10
1.5514180345942206,3.444203786555545e-11
1.2946374609678406,3.8438213814553656e-11
1.2610482066372775,3.950083857155037e-11
1.9527289858303292,4.2248693784376334e-11
0.2682844674697479,2.5059276761041546e-10
2.770968036079515,1.7760875202073447e-10
1.4811101648348863,3.4838808188514684e-11
1.9006590623413278,4.020166131020925e-11
1.158063757270991,4.362419140880557e-11
0.5056346273162263,1.254627641094296e-10
0.7050000726378527,8.393013959652179e-11
2.258832284947989,6.252941809243864e-11
2.1229620956807005,5.155506670418636e-11
2.1051341761679643,5.0371956648986813e-11
1.6448182945279932,3.470595057722619e-11
2.721959008327656,1.5495154845542694e-10
1.0795359607140804,4.772720329076578e-11
0.9032448848515924,6.062958447771481e-11
1.714926750494153,3.550089261448414e-11
0.6854526031627011,8.696596495537175e-11
1.4974395427479834,3.4700874900904914e-11
2.1341479121008913,5.23251079055669e-11
0.20010223841605823,3.3951520365031723e-10
0.6818094068861157,8.755063103067026e-11
1.9402737455411412,4.1727775350835386e-11
0.29649496611650156,2.255771771076797e-10
2.3283000599485577,6.974609433494709e-11
1.5352473960905624,3.448791839054614e-11
1.0968474586452495,4.674566080921448e-11
2.856036752378236,2.3470359917373253e-10
1.4862276906910763,3.479258758778946e-11
2.262225743581338,6.285356739512224e-11
0.9060040308879774,6.038097221790517e-11
1.8965090219853573,4.005304752450242e-11
1.0789715298930844,4.775997108793614e-11
1.6978640426446712,3.525972933811172e-11
0.8565180477291234,6.510889565926663e-11
1.6114865652814954,3.4508172094132414e-11
1.5076041295809592,3.4629040309595036e-11
1.5357075687101673,3.448623895320942e-11
0.5297262153845123,1.1885349341129636e-10
2.5049157575646976,9.533330552904804e-11
0.9508591289079629,5.656825897372937e-11
2.653348747977638,1.3062115205719742e-10
2.7449053569114152,1.6488747807282738e-10
1.762529880393874,3.633854334081402e-11
1.9261113348989745,4.115958221205605e-11
1.032713817692145,5.061603311948852e-11
1.5221722293309456,3.454479712667791e-11
2.7902974091087116,1.8821990482930028e-10
0.5097111437392179,1.243023939437912e-10
2.1592110156293858,5.413098685638139e-11
1.5461313711534406,3.445406337167914e-11
1.376103882322196,3.639871196165276e-11
2.956272814835273,3.6728666087265517e-10
0.24095003077065114,2.8029379812442575e-10
1.8912688015879058,3.986839114918451e-11
0.4996664370851813,1.2719427566869872e-10
0.7778954946353366,7.394353368583858e-11
0.9948057125221366,5.3221642953487534e-11
0.8890213757821362,6.193847456828168e-11
2.056684321930219,4.741774780026205e-11
1.7552982317810806,3.619550945619011e-11
2.5915204155952485,1.1370421459986266e-10
0.25403313622049795,2.652952876594002e-10
0.514508721398971,1.2295933260102554e-10
0.52339937260484,1.2053278185289046e-10
1.3553155838479833,3.684854210218436e-11
1.838658356708843,3.819607784654056e-11
2.685851677000008,1.4127078472942659e-10
1.9666905168051667,4.28566137856904e-11
1.014294185896028,5.185101170879951e-11
0.33439852674806175,1.9846804474543487e-10
1.7583312489007792,3.625480532017644e-11
2.6220605500004246,1.215785166050802e-10
0.19492560494727273,3.4876665910482973e-10
2.2477176548602937,6.14866379365583e-11
0.9084139407869032,6.016521123796287e-11
1.7692318481460232,3.647619932064733e-11
1.2887815310907034,3.861392462765661e-11
0.9552426891526898,5.621782400049187e-11
0.6114589695469889,1.0016567969189598e-10
1.2544737768927874,3.972451714004307e-11
2.1035985481294093,5.0272537132051535e-11
2.6146499111938812,1.1958753469325786e-10
1.9186498846368858,4.087041619433666e-11
0.8638584659562623,6.43702910561641e-11
0.509677381067475,1.2431193141744566e-10
1.145666105725979,4.421384891370408e-11
0.19931294248869086,3.408951185521483e-10
2.5788164298200407,1.1067008201559136e-10
2.4870190330594255,9.212245438136656e-11
2.915080697813552,2.988207385629163e-10
0.4388421245282995,1.4740436296422885e-10
2.0388145977483685,4.64197178239921e-11
1.685996240860621,3.5110169267337306e-11
0.22208790018875968,3.049720541341149e-10
0.300959637332469,2.2203855706487265e-10
2.487397099070992,9.218852183678477e-11
1.9812011776609189,4.3515813781590225e-11
0.3883011580265412,1.6880081290047887e-10
2.9243757346024952,3.1203025291269126e-10
2.6386208074692163,1.2623043835654844e-10
1.316696744844875,3.781191485135284e-11
2.029153008282437,4.589979283487007e-11
2.6597755579086644,1.3261762378386642e-10
2.179745420684698,5.5696965005340044e-11
0.48039796605915763,1.3306536825955904e-10
2.4516525854042643,8.625411604182867e-11
0.7252260722184753,8.09586623464331e-11
1.0283615967544493,5.090265138706573e-11
1.558498164483833,3.4430456213661414e-11
1.0917432928778157,4.703036981246923e-11
0.26041837450552796,2.585127908724754e-10
2.0330058332918823,4.610549278984442e-11
2.538880229980192,1.0193269838214501e-10
0.5171027580502654,1.2224308288119994e-10
2.097193040133551,4.986201980898364e-11
2.5517098704558143,1.0461572296951647e-10
2.833207459082124,2.1637464240033042e-10
0.6105351617529616,1.0035000931450815e-10
1.3645798773035822,3.664219642687699e-11
0.6460124578884926,9.363690651164356e-11
2.1960815748044467,5.700097547126686e-11
2.0527614518149537,4.7194553983462074e-11
2.3143412951033464,6.81928469027244e-11
2.9384249246931686,3.3425629995334903e-10
1.4075850649717876,3.580733984424393e-11
1.6776532161082898,3.50139154021014e-11
0.4606602522553521,1.395665107380148e-10
2.5154261835850558,9.730170196080561e-11
1.716208051749307,3.552025198893798e-11
2.182628971460884,5.592332529113229e-11
1.0047408087237049,5.251452569751615e-11
0.24837026899543313,2.715967071052164e-10
0.4131147022542464,1.5766616603232328e-10
1.8815974623213907,3.9536315408019186e-11
2.7269776300452846,1.5703412466347392e-10
1.7688668935980212,3.6468576674174045e-11
2.8459795128342993,2.262884308915918e-10
1.124401662651104,4.527480729825307e-11
2.963848151240752,3.8328802217398714e-10
1.5464295435166218,3.4453308260760285e-11
1.1911511859621284,4.215151901797168e-11
0.6230847341382103,9.7891005502891e-11
1.3786226877171042,3.63474318473338e-11
2.3841707374606416,7.65540323617934e-11
1.0394028812732665,5.0181672840904415e-11
2.3232416463512933,6.917683969690777e-11
2.2502548532723217,6.172215445642643e-11
1.5868732599698672,3.443599312914505e-11
0.24107573329402288,2.80142084778339e-10
1.142051568833872,4.4389737957081345e-11
1.4080928575279732,3.5798679024177735e-11
2.315371125697633,6.830556721813744e-11
2.3015544390237963,6.681744636537752e-11
2.7376657665033766,1.6163528657927358e-10
1.3351262567702666,3.7331266727589413e-11
2.4471385942528507,8.554715548956828e-11
2.7560117345660866,1.7010546217141889e-10
1.4548830209748371,3.5118739742324586e-11
1.9092023686733164,4.05142458279048e-11
1.3876510342252357,3.6169311423899587e-11
2.0735411820659184,4.840359998009569e-11
0.7594711783631377,7.628633761320745e-11
2.038270367011894,4.6390067401378956e-11
2.63255357523962,1.2449247073015795e-10
2.8947309456991657,2.733232514717787e-10
0.7717968435824679,7.470648985988266e-11
0.7667123116488407,7.535198278188256e-11
2.7153870254283943,1.522957659308865e-10
2.184707929246911,5.608753032747058e-11
0.5033492646365734,1.2612115643161364e-10
1.3406073453804153,3.719571001205366e-11
2.5853859244625563,1.1222251448798922e-10
1.0925051188999,4.6987628084544507e-11
2.9486472938246675,3.5243537322899824e-10
2.388546437196152,7.713053443914678e-11
1.8131915496674398,3.7502207744732045e-11
2.9098244365959713,2.918129970064453e-10
0.3650370304504026,1.805643333943205e-10
2.7664308569516742,1.7527145651220465e-10
2.7838038823647846,1.84531371702187e-10
2.8100396455506944,2.0029359881612145e-10
2.087882799372409,4.927725876185817e-11
1.639079008221237,3.4663672419356304e-11
2.902694940321124,2.8279298758581356e-10
2.7905739691751,1.8837993547076839e-10
2.805365009349606,1.973104183028253e-10
2.959938649275477,3.7486504306856064e-10
0.5623388605474277,1.107723547539243e-10
0.9477929485412185,5.681564685478121e-11
2.398711633325799,7.849610591798184e-11
1.381953886539241,3.628067649611632e-11
2.360076324199544,7.349628336357656e-11
0.3698149590222001,1.7803167178475138e-10
0.5482952143419745,1.1413936092159656e-10
0.8670063054858234,6.405767483795054e-11
2.7104560633027135,1.503542794082174e-10
0.8318247542524719,6.76958022350824e-11
1.8757955944789564,3.934249579915577e-11
1.1520212908054355,4.3908958933449313e-11
1.8895600051922135,3.9808896518903606e-11
0.6623827017927706,9.077419558445373e-11
1.6941355084192453,3.521113922538311e-11
0.2289751005061966,2.9549739442082265e-10
1.115062298324096,4.576100322359689e-11
2.6143283391381926,1.195023525437107e-10
0.3386159504817259,1.9581717346362175e-10
1.197847017489566,4.187097069763716e-11
2.0521701686140643,4.7161114130204256e-11
0.2279875026235612,2.9682139791741326e-10
1.5025058913975629,3.466372722679759e-11
2.9469909202769577,3.493616336947074e-10
2.7378436843939764,1.617138637941767e-10
2.2592689834988713,6.25709793309913e-11
0.2385465949751529,2.8322479375771766e-10
0.5254974515099249,1.1997161413411585e-10
1.8623725932757031,3.890943923582253e-11
0.9381776741242555,5.7603705686214554e-11
2.076508781810265,4.858171508880886e-11
2.5779942746154694,1.1047824159099708e-10
1.2131532985408089,4.125123595445492e-11
2.3851953322356607,7.668842235133018e-11
0.47835028393622503,1.3371591042304993e-10
0.9832032404423765,5.406997822116753e-11
2.71213983499371,1.5101241809717955e-10
2.049736901219904,4.702405487575343e-11
2.0959493407579677,4.978309201679944e-11
1.9666897401553662,4.2856579254737447e-11
1.6020958128253515,3.447324256591986e-11
2.5413955472300414,1.0245002700205608e-10
2.6329066883714227,1.2459253257019074e-10
2.5964211849211076,1.1491086856822432e-10
2.749547610136877,1.6703379679610027e-10
2.5433814442189413,1.0286142430469949e-10
2.6197665950071616,1.2095642587437865e-10
1.4636986022965381,3.501659133078676e-11
0.4252877380750699,1.5266194797929195e-10
1.2731161582486636,3.910371744768741e-11
0.7278921376690598,8.057917532155204e-11
0.3073345977666736,2.1715978697119777e-10
1.4635984266345703,3.501770618087479e-11
0.19323713859693337,3.518901383769792e-10
1.5919771564746945,3.444581356886372e-11
0.7084766202438922,8.340746431424724e-11
0.9472252497922097,5.68616564922446e-11
1.2391922476838741,4.026464645978783e-11
2.2381179655774592,6.060881328562491e-11
0.33618574699217996,1.9733679765412512e-10
2.6806681942197,1.394759641792776e-10
2.6196732060525183,1.2093121090815038e-10
1.1868956372494053,4.233284117994474e-11
1.694968781337074,3.5221870870903443e-11
1.6006614859787685,3.4468710592102283e-11
0.6727191874158335,8.903641652941635e-11
1.8244743182349255,3.7800488845916226e-11
2.037099157652713,4.632640611377154e-11
0.32020177517455717,2.0788965564629204e-10
1.4318411103627315,3.542447895886754e-11
1.4356112164199217,3.5370605359473485e-11
0.5818683083202882,1.063494135613511e-10
2.0101670365316253,4.4917338814985275e-11
2.3792389753071075,7.591225080342375e-11
2.592341543837806,1.1390495211034607e-10
0.5295737968607008,1.188934971470821e-10
2.410051624765116,8.006424659229849e-11
0.7563083382831381,7.670011101524835e-11
2.866611763405999,2.4420043482741933e-10
0.3177947255225505,2.0956821617071977e-10
2.732521530669942,1.5939182773716383e-10
1.0793388627704323,4.773864018439822e-11
2.129571770478346,5.2007456531056294e-11
1.0286690133811731,5.088230196909891e-11
2.475041534897658,9.00670834269007e-11
2.354377764512786,7.280088160453351e-11
2.580609802143064,1.1109041453486492e-10
1.2417388393886692,4.0172660672648985e-11
1.7828638865516648,3.677141566675839e-11
1.2178799824113467,4.1065861084276465e-11
0.6613527080950591,9.095025511611765e-11
1.9267136362067616,4.118322918959168e-11
2.340896790462478,7.119610597418354e-11
0.5777206163584693,1.0726476735301917e-10
1.9389574926480024,4.1673891487903974e-11
2.3735204718404175,7.517849698597462e-11
0.47510020760681226,1.347594790287578e-10
1.873644117151341,3.927164472768678e-11
0.9919797731609584,5.3426008606479305e-11
0.9044414018514825,6.052156421370079e-11
0.9777217417684964,5.447938117148576e-11
2.796819582084658,1.920602035828592e-10
1.5009579677387066,3.467479365114624e-11
1.5213292628782875,3.454907175746239e-11
0.3924264884533716,1.6685559108436332e-10
0.3476993097194954,1.903199357090957e-10
1.7428303265575475,3.596225077252068e-11
1.2811307127736358,3.884952909045821e-11
0.6511633513232428,9.2721095578278e-11
0.6744518611535754,8.875019784386041e-11
2.3690501385123484,7.461254863220462e-11
1.2712707586002356,3.916332164480339e-11
2.3259907954545342,6.948530730767794e-11
2.154361476939815,5.377268154556734e-11
2.5147298211681313,9.716931506168858e-11
1.576073829587873,3.4424084670301074e-11
1.5407890772659985,3.4469150054271235e-11
2.1105272166498947,5.0724215006400055e-11
0.9489367356242565,5.672314354288144e-11
2.880297300953913,2.576066514387217e-10
2.704499179874163,1.4806503374043918e-10
1.994275226044697,4.4134093182732706e-11
1.1627811566013708,4.340531255230514e-11
2.021328382989776,4.548865244532452e-11
2.123038020491417,5.15602205266763e-11
2.117394609790969,5.1179827602611644e-11
2.807929854889179,1.9893715443812879e-10
2.000921065040786,4.4457367213332975e-11
0.41572271465127175,1.5657030509088582e-10
2.9782026050138373,4.1763678631160696e-10
1.8801402755747125,3.948725705948114e-11
0.6063643480007748,1.011889530990531e-10
2.749076113593159,1.6681356903161541e-10
0.6843846347226265,8.71367234521223e-11
1.7169745608884524,3.553191696665782e-11
2.0699116397543627,4.818762497399652e-11
2.1019789447294075,5.016810286618326e-11
0.5802918136392563,1.0669585058338312e-10
2.593872930821342,1.1428086336123587e-10
0.7321481708296205,7.99790623506871e-11
0.5068506066013216,1.2511476861409574e-10
2.6833843418332357,1.404115933284938e-10
2.5141281252099135,9.705515386656798e-11
0.7005849886195088,8.460127869154817e-11
1.7309107601613916,3.575495167286369e-11
0.38612691509015307,1.6984217456322186e-10
2.5704590209800733,1.0874465182023802e-10
1.5291110781788422,3.451240783822916e-11
0.2648771193212354,2.5396687313753646e-10
2.1065097381593123,5.046134481597265e-11
0.2063932951623842,3.2888936582095324e-10
0.6496546137926447,9.298788574837526e-11
1.7779078137988862,3.66617182066979e-11
1.3027272437223323,3.820202367971473e-11
0.5024248184849072,1.26389109795203e-10
1.497183823468502,3.4702820713103675e-11
0.17261724601299402,3.949071438979856e-10
2.615999203516793,1.1994604026206118e-10
0.4867920551972339,1.3106774992443692e-10
0.8071823314729842,7.044360132011253e-11
1.3092663466601637,3.8016627625831396e-11
2.162749995758425,5.4395207220658745e-11
2.8502008323211125,2.2975142265153498e-10
0.6456294492484012,9.37055698061256e-11
1.1085191844908207,4.61091231299499e-11
1.0349913242597364,5.046730783647905e-11
0.2397289272267173,2.8177571597025946e-10
2.718840408809598,1.5368139959121e-10
2.580691419938037,1.1110960548524041e-10
1.5761487181491203,3.442412577448952e-11
2.1900884097464477,5.65164477602788e-11
1.3604467480323466,3.673308276796513e-11
0.7465875667561428,7.799386209194341e-11
0.698525519581343,8.491719325175045e-11
0.7042307662939215,8.404648641984303e-11
2.225034663697289,5.944550595984626e-11
2.3913449550399686,7.750278254114874e-11
0.8141160755900184,6.965292150052075e-11
0.6647660111005154,9.036884492842686e-11
1.103936620167309,4.635665004617759e-11
1.155631769305529,4.373820811203107e-11
2.130923940650907,5.210093647630334e-11
2.255904560834654,6.225194279372228e-11
2.3983827612508213,7.845134062086819e-11
2.3274907752325475,6.965452618698037e-11
2.474538410654635,8.998231736539867e-11
2.6795263396834748,1.3908578072989138e-10
0.23461770583700148,2.881432210095712e-10
0.30931916145577465,2.1568102376443821e-10
2.434575622539932,8.36262867899646e-11
1.8157362928247593,3.756822192029616e-11
0.7914069083130536,7.229585626475482e-11
2.4004179588604377,7.872900422780771e-11
1.3091018609947962,3.8021230846232935e-11
1.068801652410235,4.8358792347005106e-11
1.7695818514874835,3.6483523406939416e-11
1.564196060639949,3.44248959307449e-11
2.9418612997674765,3.401622741148965e-10
0.4775260580957197,1.3397927315195892e-10
1.9409297910336145,4.175471492821537e-11
1.3834010235349699,3.6252053763287353e-11
0.46523892192723604,1.3801131110797539e-10
1.599159984743315,3.446419428533782e-11
1.9874461742100669,4.380823700791266e-11
2.5569189837159,1.0573736685795259e-10
2.870338665022557,2.477199568629671e-10
1.6283609237353078,3.459388710377085e-11
1.3322320579523341,3.7404207115096495e-11
2.0762352228311065,4.856523833263072e-11
2.949619196395836,3.5426334499239737e-10
0.306798156396318,2.1756270800048996e-10
1.1143668968196923,4.579770661179254e-11
0.36910878537023817,1.784020019351023e-10
0.6674021133398992,8.992378113744961e-11
1.5500863615545777,3.444479487120983e-11
2.109510040558674,5.06574049258303e-11
0.8934076412732763,6.152990942900369e-11
1.0761301692038578,4.7925667721670154e-11
1.3519767237431772,3.692523862738095e-11
2.589662754529604,1.132521921372997e-10
2.4018467497715115,7.892484696215014e-11
0.37091759801312496,1.77456155579362e-10
2.523067366109214,9.877327255750885e-11
0.2169041095159196,3.124941995754588e-10
0.9534209688647037,5.636299640142538e-11
2.4775148752041107,9.048560812556047e-11
0.8649977525185664,6.425686337609368e-11
1.3798966301373983,3.6321759742814663e-11
0.5229009255430537,1.2066673387162705e-10
2.1504165349185693,5.348439114926264e-11
0.5796364769740386,1.0684039391751489e-10
1.3505298883095653,3.6958858183463594e-11
0.7058400814615864,8.380338524066624e-11
0.29969901706796653,2.2302727913913746e-10
2.1916567811197276,5.664255257137383e-11
0.6090413409775518,1.0064921430187642e-10
2.9391211073796155,3.3543681089762077e-10
0.6157111411153036,9.932410531144377e-11
0.27260030072068137,2.4643768863413857e-10
1.0587443337421518,4.896685691484134e-11
0.7340961429792388,7.970670131005966e-11
2.7833705311217964,1.8428982653683402e-10
1.3602528514498744,3.6737392805106795e-11
2.2529076365547485,6.196998895957626e-11
1.3297766981760961,3.746682771753144e-11
1.7296230069432785,3.573347028955399e-11
0.44130212305290184,1.4648344832211687e-10
0.9956571704483866,5.3160349934661064e-11
1.2570339616892985,3.963679504618258e-11
1.9032690790980304,4.0296205710801767e-11
2.2919915752277795,6.58174176682212e-11
2.274788492690196,6.407767642306498e-11
1.738978062094249,3.5893580346939786e-11
1.497276876669495,3.470211186727856e-11
2.946586641132685,3.4861924762680957e-10
1.6080154223216936,3.449419786386533e-11
2.88609624259282,2.6371160059161e-10
1.6482086442399926,3.473253656970167e-11
0.7207838881048892,8.1597146125457e-11
2.541734222605981,1.025200015336624e-10
2.4496299589639325,8.593622322456882e-11
1.708068098072052,3.540023646388133e-11
1.0914481352532677,4.7046952818903094e-11
1.981001654065247,4.350655813306268e-11
1.1469738216106853,4.415065776110383e-11
1.6455813808345867,3.4711830039701676e-11
2.5452015295117913,1.032407853772461e-10
0.5730840638162276,1.0830305188505865e-10
0.4702631298505162,1.3633820597126052e-10
1.689251567505434,3.5149713887482614e-11
1.7125984136559722,3.546616115536685e-11
0.8117115889496006,6.992552729886461e-11
2.3266152039077137,6.955567071313648e-11
2.35777241414951,7.32138922029324e-11
2.7736025717304176,1.7899148400286982e-10
0.8872195531612992,6.210759951892321e-11
2.0009028480117927,4.4456472722077874e-11
2.0678826828692554,4.806778439320233e-11
0.3258215541708153,2.0406466503511425e-10
0.595030373779003,1.0352586438782454e-10
0.8016282644409696,7.108716338214747e-11
2.2162964286760194,5.868922653595716e-11
0.20398508504295781,3.32880471451185e-10
2.94309093960521,3.423246742327295e-10
1.3103189069636068,3.798724462495692e-11
1.9937459467707261,4.4108609430445916e-11
1.366411186034428,3.6602528522910315e-11
0.35128886204910903,1.8822359525082017e-10
1.5470714948041386,3.4451713731241563e-11
2.704622563154856,1.481118419337354e-10
2.859613865562959,2.378380261811503e-10
0.42984558081102053,1.5085845526922323e-10
1.3296043355328948,3.7471249141842054e-11
1.901467390045312,4.023085267663304e-11
0.7847331334104117,7.310246619538822e-11
1.649678232221531,3.474443264703518e-11
1.2783673782566878,3.893631454808499e-11
2.724413161871072,1.5596392338321566e-10
2.5191138792666306,9.800754224533016e-11
2.1489784233060387,5.338000034961822e-11
0.9635577787053048,5.556344840876316e-11
2.8132092257761983,2.0236324026880345e-10
2.124735429744437,5.167570021852678e-11
2.1562296190736583,5.391019558112635e-11
0.5954044007413021,1.0344738042137284e-10
0.5630320789109706,1.1061032361747637e-10
0.21470772428201812,3.157893233233825e-10
2.681773655871714,1.3985548225241723e-10
2.137816435423401,5.25824097598108e-11
2.1394703157119954,5.269918640710697e-11
0.4427934239795819,1.4592995647667716e-10
2.498990393238299,9.425105402621904e-11
0.5147374531718638,1.228958987685693e-10
0.8708230355395585,6.368190651295107e-11
2.54676641024829,1.035687381226851e-10
2.837611601449312,2.1970138744642352e-10
1.4665755741219542,3.498502347957888e-11
0.3791326271819374,1.732702982803482e-10
0.24069290021208428,2.806046202965656e-10
1.2927346820486068,3.849486996950754e-11
0.7397500375608074,7.892427926548362e-11
1.194425878802437,4.201358933425542e-11
1.7344334767314338,3.581462509402245e-11
0.8669714100696584,6.406112691212208e-11
0.7189294881388069,8.186599523932931e-11
2.182350985923433,5.5901432795835516e-11
1.6340810275660844,3.462964561570357e-11
2.064646193336323,4.787793789327562e-11
2.137587219553574,5.2566263562972333e-11
1.0016481762701246,5.273275531229331e-11
2.9368071719556803,3.315436996245308e-10
1.434599568730015,3.5384913258412804e-11
0.30287861434469054,2.205488917488985e-10
0.46424529495351596,1.3834630894022687e-10
1.5495723366608947,3.444590809118558e-11
2.1403586359253786,5.2762108898693727e-11
1.4900768721232531,3.475962405142337e-11
2.9421516238875522,3.4067045210975596e-10
0.4283380993962239,1.5145086637440679e-10
2.0006598938989657,4.444454761329133e-11
2.4458621657907123,8.534887934225192e-11
2.2404926707255157,6.082402599535152e-11
1.026546977029648,5.1023094291155715e-11
0.17298026589596208,3.940620459821034e-10
1.6432380364798633,3.4693967707223185e-11
1.7308367063535635,3.575371153639273e-11
2.163602536428361,5.445920644709782e-11
0.44404234614897886,1.454691699332857e-10
1.926292750025634,4.1166699950128434e-11
0.9768013501172733,5.454867260857895e-11
0.9541954044360647,5.6301201862891373e-11
0.6832606589819266,8.731700099614438e-11
0.6327129162151928,9.606825873024833e-11
1.8659674956579901,3.902332682314206e-11
1.7011151659880897,3.5303298350193046e-11
1.8640769994101543,3.896324523717696e-11
0.7342413662688341,7.9686454139551e-11
2.5586553777688192,1.0611552969431023e-10
2.40701237249772,7.963923331910118e-11
2.940848203932062,3.3840034395003925e-10
2.7315961954252823,1.589940343025949e-10
1.7605508514428043,3.6298833779327347e-11
1.8172354652052025,3.7607455663046444e-11
2.4260257897608453,8.23570220309971e-11
1.3384645607349384,3.724830345933491e-11
0.6495619750852087,9.30043062217192e-11
1.6902676778117622,3.5162286092439107e-11
1.703285512515509,3.533300687890096e-11
2.720089617311117,1.541880087809974e-10
2.718682126203436,1.5361741450701935e-10
1.555490062698823,3.4434744153001546e-11
2.2074218438824893,5.793767133539405e-11
1.3798079169056765,3.6323541725124515e-11
1.6868850898757046,3.512085585019183e-11
1.8726537318341003,3.923921531217505e-11
2.3060137874160636,6.729207361855829e-11
1.133484476723291,4.4813877856987304e-11
0.2055690294745109,3.3024502292805767e-10
2.9388636737565745,3.3499935001000664e-10
0.7935719018439009,7.203717251890783e-11
0.7934657485755211,7.204982247130838e-11
2.879429181650228,2.56715520295418e-10
1.808975900365904,3.739445757361017e-11
0.9519216506328851,5.648296853112853e-11
2.7902725128532837,1.8820551066918485e-10
0.8136825394545038,6.970194951085313e-11
1.0205712717821358,5.142366515156123e-11
0.658902637510418,9.137120231121783e-11
0.794535029177848,7.192255812943303e-11
1.732468505428923,3.5781174816122194e-11
2.2612195068622154,6.275716471298363e-11
2.9583144258736005,3.714702708181383e-10
2.6240699858022287,1.2212778638318177e-10
0.8745254170066739,6.332079343642832e-11
1.0569638459461907,4.90761710843919e-11
2.0938970090607536,4.965339698930738e-11
0.8368600310052323,6.715516690539133e-11
0.8521871522380148,6.555108135286961e-11
2.5996044751791567,1.1570584242827154e-10
2.883067702822185,2.604897322094022e-10
0.9586638294212111,5.594695681672846e-11
1.2582770011384752,3.959448821687819e-11
0.6424838934023218,9.427248428094097e-11
1.5074536557237672,3.463002540317357e-11
0.9046794755755384,6.050010927870254e-11
2.4188235858482554,8.131085096891297e-11
0.24838303429433295,2.7158218514617333e-10
2.4641534551633058,8.82600773728843e-11
2.629101294252851,1.2352115151829077e-10
1.757888875758421,3.62460944872724e-11
0.2634826638656713,2.553723818155657e-10
2.534319490946451,1.0100520315020256e-10
0.42597918334959073,1.5238596256716901e-10
0.530643446311341,1.186132217532543e-10
0.9052101427717919,6.045233158604688e-11
2.4429427733763567,8.489806488470618e-11
1.5989565308433404,3.446360025740256e-11
0.5899890702241865,1.0459303492551665e-10
2.6608674026936114,1.3296188310875895e-10
1.9733611310461547,4.315615459608349e-11
1.584413677061226,3.4432221595091537e-11
2.3998433660711984,7.865045786338319e-11
2.5416042412252082,1.024931367856303e-10
1.9343289464035982,4.1486168041395144e-11
1.5829033981235994,3.443021539451236e-11
2.636120187794091,1.2550929349611585e-10
2.756156598055675,1.701754384283882e-10
1.342186442157761,3.715728111077661e-11
2.8759719421754983,2.5322330010710924e-10
2.9181069232637507,3.0300255288605753e-10
0.5687138677788101,1.0929655095218758e-10
2.321958115824473,6.903355949983082e-11
0.6019543341390712,1.020881778379656e-10
1.541244729865722,3.4467748182465617e-11
0.7543681324584472,7.695566235169704e-11
1.9666169478816968,4.2853343161518657e-11
0.9551253799028763,5.622715264155408e-11
1.114939827279668,4.5767462193443595e-11
1.4166406361484405,3.565704446627607e-11
0.8639518934161525,6.436097724890198e-11
0.9384909910734106,5.757773030932377e-11
1.2494856045050085,3.98977054864963e-11
1.4165203813690197,3.5658982737858564e-11
1.6092829387560819,3.449915612225785e-11
0.178936009324155,3.8068233063868224e-10
0.8656185111335023,6.419519605403819e-11
2.5476864296507236,1.0376232228362874e-10
0.5725977704975127,1.0841288423336178e-10
1.4741198405707319,3.490636777026706e-11
1.3607666244946948,3.6725981460575004e-11
2.5153864986444043,9.729414973715373e-11
1.7156310255086815,3.55115119530424e-11
1.944924423987063,4.191994108151244e-11
2.2854595391772072,6.514800360168736e-11
1.9269825036786858,4.11937999631792e-11
1.0825243850183273,4.755452334334828e-11
2.940892059140835,3.3847625109851384e-10
0.7292897250076658,8.03813438042922e-11
2.2862797215304687,6.52314571695573e-11
2.6185318735939074,1.2062374817214103e-10
1.878473974454691,3.9431470383250286e-11
1.9409028368778682,4.1753607007655084e-11
2.0570020852724884,4.7435929134950234e-11
2.3786585334801624,7.583726659576216e-11
0.8375501687400135,6.708160120748902e-11
2.8605204048606914,2.3864476508383294e-10
2.0674562216519057,4.8042676476581716e-11
2.013106373983628,4.506608015426957e-11
0.8295384063003497,6.794356716695343e-11
2.5801985828990195,1.1099380510908738e-10
1.9067607211816855,4.0423993703238357e-11
1.072841298998121,4.811901450433389e-11
2.0316774299095637,4.6034326174448466e-11
2.079466276060136,4.876059987518515e-11
0.33892995413766924,1.9562236834236712e-10
1.6784586168051918,3.502288812729696e-11
2.5132341695238973,9.688593136975574e-11
1.9847487693538748,4.368128126417996e-11
2.086078948043675,4.9165576667789056e-11
0.6467878361229917,9.34981429871498e-11
2.281807601603273,6.47784906239698e-11
2.7533843605689117,1.6884506074279132e-10
2.0937492394790778,4.964408522984183e-11
1.4161937909481888,3.566425454788991e-11
2.878973133501012,2.562496976897166e-10
2.253614147132725,6.203626955921143e-11
2.8129055379427554,2.0216326077345171e-10
1.3964709493751728,3.600385689307354e-11
1.5958287876221426,3.445500670879742e-11
2.5075968270280953,9.582942461303276e-11
2.3910686070538714,7.746589986284415e-11
1.3276100253697638,3.752265096981419e-11
2.1675735786966412,5.475910197809706e-11
1.2340044265055945,4.0454498933724305e-11
2.286863533883527,6.529096456593931e-11
2.932175115895706,3.240056730378771e-10
1.0985860111237862,4.6649571072319496e-11
0.8966730287072436,6.122862011084502e-11
1.7255644942079498,3.566693253086052e-11
1.4696873973585929,3.4951856804626135e-11
0.7012354435538174,8.450188050735016e-11
2.4994663579291934,9.433727356970511e-11
0.5047077762586468,1.2572909340779694e-10
0.55944561364439,1.1145276946739048e-10
1.7542932116280952,3.617608194370795e-11
1.7960902686009563,3.707749182648167e-11
0.40003351367088474,1.633701775878375e-10
1.7827183902986916,3.6768156596320915e-11
1.3397886476244498,3.72157437452329e-11
1.4485228935329688,3.5197520474125233e-11
0.37403400644876406,1.7584730943752802e-10
0.29889619018605074,2.2366118829546573e-10
1.182515159539812,4.252195298585469e-11
2.7274691799571897,1.5724071464968467e-10
0.5205421563712795,1.2130395671237996e-10
2.2935733373589637,6.598117493357183e-11
2.4296883348445104,8.289706082277867e-11
0.4042206099983123,1.6150571007027505e-10
0.9547544895907961,5.625666432488085e-11
0.5269231421649745,1.1959272987312227e-10
0.37103610662598663,1.7739449756072723e-10
2.0061721034911804,4.471713009866418e-11
1.7216929480370238,3.560510385759104e-11
1.0567536521691885,4.90891093798379e-11
0.48813485646250143,1.3065460784077492e-10
2.6749877148904804,1.375529966994333e-10
1.0035010341208404,5.260180627478618e-11
2.9342805011839546,3.2739067881826225e-10
2.9569654400399092,3.686957069093287e-10
0.6935333159580976,8.569062534199919e-11
2.5594017347804376,1.0627874140598125e-10
0.7673891856881576,7.526555267914906e-11
0.41340935314787797,1.5754168977125146e-10
2.237767642219126,6.057717135767853e-11
1.8560349106315992,3.87123641117383e-11
2.7466766393764908,1.6570067768563727e-10
2.694362670697755,1.4430430372537843e-10
0.4587378107463823,1.4022836337127256e-10
2.3728371845080316,7.509156073563287e-11
0.780776622532773,7.358730971850713e-11
0.38550293715523987,1.7014312497561837e-10
2.4199245858212994,8.146944031867817e-11
0.9130581116600092,5.975302299044793e-11
0.8225369949813122,6.871127894049713e-11
2.4190869911897632,8.134874860170818e-11
2.341840121314085,7.130659192313505e-11
1.8984231409522563,4.0121331191544966e-11
1.2217130519384607,4.091759350264104e-11
0.7031906471149293,8.420418834931136e-11
1.0544907093879592,4.922884962510788e-11
1.3894792487969476,3.613432244448159e-11
2.4433365421257958,8.495865486785162e-11
1.2356960303254463,4.039222958625674e-11
2.9171980160096633,3.0173489939422856e-10
2.8194227099110956,2.0653529123656827e-10
1.3332735927535817,3.737784946212476e-11
2.4951588980029324,9.356147005974826e-11
0.5225455383091719,1.2076238956191843e-10
1.937333014864676,4.1607695104871043e-11
1.8843357700321912,3.962919422485499e-11
1.5482744451034025,3.444884043575928e-11
0.6465741500447079,9.353635256107345e-11
2.332530170414398,7.022781286582365e-11
2.739887307729652,1.6262123691605728e-10
2.2145889208155425,5.854334146424022e-11
2.732401696624034,1.593402144800451e-10
2.1589233669803005,5.410961311264675e-11
2.7502285958379913,1.6735277689927739e-10
2.962741679480676,3.808671539698619e-10
0.8412539209841086,6.668897630672164e-11
0.7032680305608171,8.419243973308976e-11
2.3391564642924823,7.099297576567354e-11
1.3107645650174444,3.7974842026385875e-11
2.0682751014039655,4.809091289942404e-11
2.2890247261797065,6.551201146890977e-11
2.3449438362863284,7.167200984105649e-11
2.6410358198409027,1.2693344207806567e-10
0.8692762212219174,6.38337643680081e-11
1.2315779048119844,4.054443752163503e-11
1.5237745953999793,3.453687465771347e-11
1.5805865708384488,3.4427595725807165e-11
2.9246310724032134,3.124088609619896e-10
2.5838525203411042,1.1185702179941287e-10
2.530265904145489,1.0019202899118204e-10
0.588488257751414,1.0491412753784926e-10
2.037447995038146,4.6345346146043205e-11
1.8317311829794236,3.799999868991043e-11
2.58743473706204,1.1271388089435861e-10
1.907031706191161,4.043397401803115e-11
2.565085793101233,1.0753502108101214e-10
0.2562789650853152,2.6287193398879525e-10
1.73458815255199,3.58172758099113e-11
0.18058701574221434,3.771280363070192e-10
1.5135635413630555,3.459191706219959e-11
2.464392544049548,8.829914834677771e-11
1.2902135535071275,3.8570586816681976e-11
2.0608349522302167,4.7656442662724e-11
2.3864927437039096,7.68591223309333e-11
1.938248337001097,4.164495240946468e-11
0.384481064429226,1.7063802055653708e-10
2.050592480480953,4.707214590603273e-11
2.9350755553995542,3.2868667161940037e-10
1.1497448119196754,4.401753592404704e-11
1.4331931757150413,3.540498469790911e-11
0.2131199873726989,3.1821302589158703e-10
0.5541833147495336,1.1270776833622782e-10
2.3074923798184694,6.745062902877434e-11
0.8089708483684432,7.023830588980874e-11
0.5003603210506555,1.2699093224498235e-10
2.8738410510437253,2.511148830211077e-10
2.897777422736433,2.768739162331822e-10
2.3961169572664343,7.814399799561563e-11
1.7881630028686297,3.68917115736783e-11
0.8044104080472353,7.076364311541758e-11
2.701824096694142,1.470563860824365e-10
2.475484465209592,9.014181123254844e-11
0.8179354765052013,6.922332571521645e-11
1.7298174026169804,3.5736701655270787e-11
1.3554670944192133,3.684509110476382e-11
0.8672845858183567,6.403015634195817e-11
1.8453088191213958,3.838953168135697e-11
1.1777907308150692,4.2728734508974025e-11
1.257992419768772,3.960415753678476e-11
0.18139886429137844,3.754037764415889e-10
1.0779727497626477,4.781807454077112e-11
2.5786275353445043,1.1062595814879855e-10
1.0515150623588736,4.941384901800538e-11
2.4089019089334367,7.990305609805335e-11
0.2025542770595295,3.352961053600819e-10
1.599114499278397,3.446406110917536e-11
2.9304207377779123,3.2123589033773155e-10
2.6648901166168595,1.3424328218356062e-10
0.6088270928125716,1.0069224307564621e-10
2.0926108368421787,4.957246693531685e-11
0.41253872372289535,1.579099844503702e-10
2.748219345516785,1.6641469134763656e-10
0.32586530015782594,2.040353936081457e-10
0.47549342748265055,1.3463249298583132e-10
1.265409696028674,3.935531082970892e-11
1.5906034764782062,3.444290573947647e-11
2.546668157661004,1.035480984965895e-10
2.900350384109986,2.799413276721223e-10
1.1899997368176392,4.2200348125439905e-11
2.9338616395401957,3.2671184385902796e-10
0.9516556478545035,5.6504300000782053e-11
0.672843042979453,8.901590924078462e-11
1.2836581136485534,3.877093963350181e-11
2.4801929816122006,9.094221585461495e-11
0.9266362491306502,5.857468638720036e-11
0.5575091717656717,1.1191194911198872e-10
2.5432930387701522,1.0284305443473007e-10
2.494554346574409,9.345338699328929e-11
0.5326782184476202,1.180830347844028e-10
2.583338281033538,1.117348817240009e-10
2.0198515836645763,4.541204201294506e-11
2.1029252465552513,5.022906917758567e-11
2.7506935808203274,1.6757119627182886e-10
2.5195954788527324,9.81003185557705e-11
0.20997437447544687,3.231216015302126e-10
1.3567122455266345,3.6816826317553964e-11
1.3065170033111315,3.809397749862955e-11
2.1272139605963063,5.1845213341496886e-11
0.647712233235327,9.333313143479228e-11
2.8355830249318474,2.1815747067978372e-10
2.8456945361495105,2.2605812470891978e-10
2.7788207547678097,1.817875735347681e-10
2.261664638310676,6.279978088431187e-11
1.2899869008264384,3.857743014975159e-11
1.790879258117227,3.695458121180636e-11
1.5771702468509106,3.442474429632356e-11
1.9481277082219042,4.2053919895261874e-11
2.3961333553569784,7.814621558415535e-11
1.220500114426542,4.0964312284626355e-11
0.9880977313415906,5.370911158820412e-11
2.9115109778349844,2.9402718020882466e-10
2.50444389440779,9.524640735944986e-11
0.2556251912228932,2.635730749494028e-10
2.7955744741336472,1.9131623402118332e-10
1.7510027241382309,3.611324306470338e-11
2.240050094043442,6.078382062109079e-11
2.3436582073678376,7.152029071434603e-11
1.549414707196955,3.444625493844263e-11
2.5814812167917265,1.1129558882901432e-10
0.8263243620431131,6.829429825338201e-11
1.5260600859091564,3.4526034976318266e-11
1.6790604362685502,3.502963731350049e-11
0.9171660944633646,5.939234543091793e-11
0.37532722241248656,1.7518727096701465e-10
0.9287028106718164,5.839878599934234e-11
1.8921496386223697,3.989919715896788e-11
1.1406214670800812,4.445982851202951e-11
2.9178796276119323,3.0268459205892147e-10
1.9160128892937525,4.07698857239014e-11
2.975493604480033,4.1070406050763374e-10
2.7518236554009756,1.6810412696786618e-10
0.8750661453667392,6.326833121597037e-11
2.3643845735357765,7.402892289838197e-11
1.978718715553715,4.340103776641778e-11
1.6732571722520633,3.496614108728514e-11
2.508309107398465,9.596191142166162e-11
1.6821830378292146,3.506526751990051e-11
1.0963649638672197,4.6772407910901763e-11
0.31747200318339663,2.0979515049319635e-10
1.0814936184343507,4.7613930008718844e-11
1.2590476135678255,3.9568353717823954e-11
2.3727894938793126,7.508549878216282e-11
