x_1,x_2,reweight
0.14586483608302095,0.5969459018860325,0.9248715965070395
0.14586483608302095,0.5397174003394191,0.9161215369105915
0.14586483608302095,0.5278782585103149,0.9150650668693712
0.14586483608302095,0.11957507593004865,0.9250791986237387
0.14586483608302095,0.44717755961561384,0.9142053522250492
0.14586483608302095,0.43573160851396164,0.9146768632312638
0.14586483608302095,0.3666841358817816,0.9129715210634173
0.14586483608302095,0.3255979645355773,0.9095939270480995
0.14586483608302095,0.2437451886253116,0.9023684646727846
0.14586483608302095,0.01756078665335657,0.9938352347263945
0.14586483608302095,0.5070560336324398,0.9142940903316821
0.14586483608302095,0.21713100605029756,0.9027260638685762
0.14586483608302095,0.0665915829649511,0.9514616562499645
0.14586483608302095,0.08324075612478903,0.9419468377574801
0.14586483608302095,0.64024072145738,0.9377034669636527
0.14586483608302095,0.39838741813156364,0.9141055450246806
0.14586483608302095,0.004089390142312932,1.0110172724196909
0.14586483608302095,0.30545266185585596,0.9077962350356081
0.14586483608302095,0.2490207508592664,0.9025502086568389
0.14586483608302095,0.430705510190428,0.9148746436441321
0.14586483608302095,0.603363366406971,0.9265397232288426
0.14586483608302095,0.06700602178469096,0.9511585829310739
0.14586483608302095,0.2972420569238364,0.9069065306584249
0.14586483608302095,0.24463583154136442,0.9023933116995644
0.14586483608302095,0.38461922178317176,0.9138483321190755
0.14586483608302095,0.4976006238927928,0.9140193123666444
0.14586483608302095,0.5894003557307252,0.9232260786606886
0.14586483608302095,0.20961654105801017,0.9032509628463007
0.14586483608302095,0.1764361742279781,0.908223736021848
0.14586483608302095,0.30296781493964414,0.907551423745852
0.14586483608302095,0.3258273963209296,0.9096147658258384
0.14586483608302095,0.05429547969520009,0.9585365947575456
0.14586483608302095,0.17531958913806253,0.9084350403491369
0.14586483608302095,0.303779854604155,0.9076337397606562
0.14586483608302095,0.08152812936229234,0.9427727584088053
0.14586483608302095,0.23497231051691353,0.9022859747114458
0.14586483608302095,0.6421040962028017,0.9383954025840154
0.14586483608302095,0.17372339034914397,0.9087417865832284
0.14586483608302095,0.2518190528773113,0.9026785047395992
0.14586483608302095,0.6095790413075358,0.9280589210510266
0.14586483608302095,0.19015918673058874,0.9055756539791349
0.14586483608302095,0.006546905603925574,1.0070044691531648
0.14586483608302095,0.02068512756112271,0.9902270270231663
0.14586483608302095,0.32092573938584434,0.909163247095942
0.14586483608302095,0.26223791359257437,0.9033116350734869
0.14586483608302095,0.15675159931206378,0.9133297802237315
0.14586483608302095,0.047422491444189786,0.9639142258677772
0.14586483608302095,0.42630505960996473,0.9149400891269917
0.14586483608302095,0.340260874518555,0.9107810136039027
0.14586483608302095,0.01638639549532527,0.9949068663980007
0.14586483608302095,0.47486031006161983,0.914087704610516
0.14586483608302095,0.32695548955362475,0.9097148012940707
0.14586483608302095,0.38993814791151926,0.9139416451915718
0.14586483608302095,0.09380164955138025,0.937237650347867
0.14586483608302095,0.23965793378011863,0.9022923610475323
0.14586483608302095,0.1724350072630508,0.9090129119768916
0.14586483608302095,0.2958882333396332,0.9067462301248526
0.14586483608302095,0.20215779126683314,0.9039506064016619
0.14586483608302095,0.12264974254760447,0.9237120508808165
0.14586483608302095,0.16159676648767715,0.9118906996204067
0.14586483608302095,0.5846856803601799,0.9223106143833216
0.14586483608302095,0.3294341325382538,0.9099230321978006
0.14586483608302095,0.385210985421233,0.9138600883710021
0.14586483608302095,0.5787184076627624,0.9211855326573956
0.14586483608302095,0.343501271998985,0.9110459399382856
0.14586483608302095,0.24534593679903996,0.9024149759398397
0.14586483608302095,0.23197893189049668,0.9023093207495717
0.14586483608302095,0.3060139335632527,0.9078489074386342
0.14586483608302095,0.6481404400472938,0.940880671110932
0.14586483608302095,0.5079718181044593,0.9143241085841326
0.14586483608302095,0.2208112168373778,0.9025322226451497
0.14586483608302095,0.5151754016709962,0.9145600515746163
0.14586483608302095,0.21669391179719236,0.9027522325560029
0.14586483608302095,0.4061285212893978,0.914344889224224
0.14586483608302095,0.1248082038858186,0.923042866872508
0.14586483608302095,0.34777754741561623,0.9114020195761996
0.14586483608302095,0.2811924173038536,0.9050449960278635
0.14586483608302095,0.18177856058363132,0.9071609407713098
0.14586483608302095,0.5332484085920423,0.9153575840575063
0.14586483608302095,0.3838691094380716,0.9138325872890173
0.14586483608302095,0.6214712836368954,0.9312104550144376
0.14586483608302095,0.5091214391647068,0.9143619554774561
0.14586483608302095,0.04623506565791501,0.9647735954126789
0.14586483608302095,0.09915313935825511,0.9341585686048977
0.14586483608302095,0.5200073162761882,0.9147136570224323
0.14586483608302095,0.059188524348266776,0.9561134631712758
0.14586483608302095,0.1549766277685636,0.9138498760268473
0.14586483608302095,0.06753326608968536,0.9507865892728711
0.14586483608302095,0.5826786883619233,0.921930547296264
0.14586483608302095,0.0715643566415674,0.9484823385761884
0.14586483608302095,0.08188729750798386,0.942590700166329
0.14586483608302095,0.1701547144983837,0.9095462780069836
0.14586483608302095,0.6078326321541918,0.927636699253002
0.14586483608302095,0.5584293420582552,0.9179086476376811
0.14586483608302095,0.2297791856372178,0.9023314697709756
0.14586483608302095,0.27599800768564325,0.9044744981431256
0.14586483608302095,0.10271427579962676,0.9325705359792023
0.14586483608302095,0.5479061280563273,0.9167702947365218
0.14586483608302095,0.6341761860911411,0.9355769140946768
0.14586483608302095,0.28443392407919926,0.9054144908390889
0.14586483608302095,0.1567473736398543,0.9133310324738295
0.14586483608302095,0.4281519815503663,0.9149291632250692
0.14586483608302095,0.13642784718723294,0.9198750103071466
0.14586483608302095,0.40720378149782116,0.9143809743999749
0.14586483608302095,0.571758042377701,0.9198534186730363
0.14586483608302095,0.32984703492000494,0.9099565393758343
0.14586483608302095,0.279451501940013,0.9048485193316339
0.14586483608302095,0.3136521554766953,0.9085202122835137
0.14586483608302095,0.4709558932878072,0.9140394031661808
0.14586483608302095,0.2795983143846021,0.9048649364599863
0.14586483608302095,0.21715146986365028,0.9027248518751625
0.14586483608302095,0.5444766443718125,0.9166441041918415
0.14586483608302095,0.1117227098240362,0.9292146128275454
0.14586483608302095,0.05442398124092932,0.9584401379171754
0.14586483608302095,0.5367696438059958,0.9157398707492647
0.14586483608302095,0.047500601460032967,0.9638613501147713
0.14586483608302095,0.007051354027596774,1.0061327829742195
0.14586483608302095,0.3098452289010422,0.9081913930195497
0.14586483608302095,0.3564119889595357,0.9121371533914133
0.14586483608302095,0.518637131973941,0.9146679985422727
0.14586483608302095,0.013383580662073331,0.9980660870263215
0.14586483608302095,0.14933142381318767,0.915391271795074
0.14586483608302095,0.452211362656467,0.9141499097145864
0.14586483608302095,0.3361016797932631,0.9104500223354206
0.14586483608302095,0.18196953662847315,0.9071225207427448
0.14586483608302095,0.297397255234372,0.9069248335057465
0.14586483608302095,0.5809793808700032,0.921611063209726
0.14586483608302095,0.005839926211531815,1.0076322049924948
0.14586483608302095,0.429177021443865,0.9149122553741073
0.14586483608302095,0.5759978455126754,0.9206592376707885
0.14586483608302095,0.27427924876530424,0.9043000979525325
0.14586483608302095,0.2726261968477346,0.9041424631810625
0.14586483608302095,0.2759966969802956,0.9044743616446422
0.14586483608302095,0.38260071974370335,0.9138034433774267
0.14586483608302095,0.3733733783742284,0.9134238766327665
0.14586483608302095,0.47279800271513156,0.9140583808759246
0.14586483608302095,0.07700808536615544,0.9453469453475284
0.14586483608302095,0.5384629859091171,0.915957719010006
0.14586483608302095,0.5455471313611059,0.9167149464758457
0.14586483608302095,0.31301037549276517,0.9084646992233648
0.14586483608302095,0.3798567478408551,0.9137265979594773
0.14586483608302095,0.21504924669179895,0.9028549059646809
0.14586483608302095,0.5571271617755835,0.9177354817192542
0.14586483608302095,0.5448875835734779,0.9166741600425542
0.14586483608302095,0.4561058631366972,0.9141123902363028
0.14586483608302095,0.6046628322105551,0.9268656603839786
0.14586483608302095,0.11317141886291145,0.9284921553961264
0.14586483608302095,0.44915334763311265,0.9141717386882392
0.14586483608302095,0.2899570372096933,0.9060469862187458
0.14586483608302095,0.0846997740376099,0.9413397400710694
0.14586483608302095,0.3867853731698819,0.9138890747212974
0.14586483608302095,0.02081304853595219,0.990110192507821
0.14586483608302095,0.04435311016505942,0.966545513355689
0.14586483608302095,0.05433480656853913,0.958506900629605
0.14586483608302095,0.584260402643833,0.9222297789865911
0.14586483608302095,0.37426327499677947,0.9134758391689645
0.14586483608302095,0.24458635819698432,0.9023918623275812
0.14586483608302095,0.29504226782373455,0.9066457130595982
0.14586483608302095,0.4980868201805062,0.9140261600103711
0.14586483608302095,0.37331016004164574,0.9134201252804712
0.14586483608302095,0.4665765299349141,0.9140237248076837
0.14586483608302095,0.6069910995237865,0.9274336656112507
0.14586483608302095,0.23248072961846009,0.9023046209467199
0.14586483608302095,0.08358297128525856,0.941797461728167
0.14586483608302095,0.25494793875705607,0.9028387629469382
0.14586483608302095,0.2956575700941341,0.9067188375584748
0.14586483608302095,0.4499433999968614,0.9141653347060749
0.14586483608302095,0.3113653648717162,0.9083227536903147
0.14586483608302095,0.0160949317362246,0.9953166202711007
0.14586483608302095,0.26751369875886094,0.9037097107065634
0.14586483608302095,0.11582927466948305,0.9270665043101163
0.14586483608302095,0.29308080894704197,0.906412835590496
0.14586483608302095,0.02829584208874891,0.982219851296649
0.14586483608302095,0.5963879176011148,0.9247366012829042
0.14586483608302095,0.6034231390242377,0.9265548779711283
0.14586483608302095,0.12360448420115902,0.9233751752505387
0.14586483608302095,0.2828471909776514,0.9052337758636154
0.14586483608302095,0.4390260768600045,0.91452085009862
0.14586483608302095,0.0011746134772589456,1.0165343482274125
0.14586483608302095,0.10733030715516925,0.9309757047526374
0.14586483608302095,0.536428122614196,0.9156975454338813
0.14586483608302095,0.24218444603479114,0.9023316597995217
0.14586483608302095,0.549078659032797,0.9167387423469396
0.14586483608302095,0.6440230355636983,0.9391408534517612
0.14586483608302095,0.3087887830848315,0.9080991756759501
0.14586483608302095,0.027322111502662904,0.9832101701780769
0.14586483608302095,0.23342287728660288,0.9022964898713379
0.14586483608302095,0.2352435356875687,0.9022846048096039
0.14586483608302095,0.28243058250373276,0.9051862722206283
0.14586483608302095,0.2631103122149356,0.9033755494082517
0.14586483608302095,0.21861915048778768,0.9026413898691903
0.14586483608302095,0.14985109791369067,0.9152510195720509
0.14586483608302095,0.6158684574112444,0.9296269372105687
0.14586483608302095,0.1855633064775805,0.9064189236354413
0.14586483608302095,0.14598602493868906,0.9164115670151141
0.14586483608302095,0.0250644772131344,0.9850937359915232
0.14586483608302095,0.6030304324154085,0.9264550093260909
0.14586483608302095,0.07055894753719723,0.9490015709761143
0.14586483608302095,0.6066589764900933,0.9273535366505093
0.14586483608302095,0.20509392704300583,0.9036636998672546
0.14586483608302095,0.5930460409215156,0.923979946369808
0.14586483608302095,0.29011790882989186,0.9060656288640734
0.14586483608302095,0.4880594315335209,0.9140704903808032
0.14586483608302095,0.5882663284082031,0.9230010685203562
0.14586483608302095,0.0018482565058324074,1.0153082945879761
0.14586483608302095,0.14428525906394415,0.9169660360518478
0.14586483608302095,0.02250202598826052,0.9885749976246566
0.14586483608302095,0.1713700086108862,0.9092537050540909
0.14586483608302095,0.2300765919826297,0.9023283589714283
0.14586483608302095,0.29541222314882415,0.9066896868353854
0.14586483608302095,0.6096659437952205,0.9280799903050017
0.14586483608302095,0.25137724770898306,0.9026573884989062
0.14586483608302095,0.6414084721686935,0.9381339799465873
0.14586483608302095,0.5818208980185882,0.9217690581218959
0.14586483608302095,0.12146182403436002,0.9241969421715306
0.14586483608302095,0.1267962115216184,0.9226283135228683
0.14586483608302095,0.3584671392465534,0.9123103865066144
0.14586483608302095,0.2913168423760417,0.9062052004541546
0.14586483608302095,0.5305756934121858,0.9151886031939008
0.14586483608302095,0.3776159797201404,0.9136446974524244
0.14586483608302095,0.13576761034763032,0.9201648532418327
0.14586483608302095,0.6083585494893432,0.9277636662507386
0.14586483608302095,0.046349343603192504,0.9646846326861335
0.14586483608302095,0.5284520305434225,0.9150915335468738
0.14586483608302095,0.38924535625383366,0.9139303232916394
0.14586483608302095,0.026981450022194955,0.9835064706050576
0.14586483608302095,0.018402172591297273,0.9931386854318621
0.14586483608302095,0.5017957476338365,0.9141255785775664
0.14586483608302095,0.002602726897842711,1.0132372351156909
0.14586483608302095,0.02679306050184237,0.983658508627053
0.14586483608302095,0.4351355112828705,0.9147041616150112
0.14586483608302095,0.041339891101138025,0.9700299181192322
0.14586483608302095,0.32047102840936725,0.9091219355896176
0.14586483608302095,0.4666999982259603,0.914023569431711
0.14586483608302095,0.20489164333899731,0.9036832342726048
0.14586483608302095,0.6040054315087495,0.9267016753289993
0.14586483608302095,0.03857393624623142,0.9726682391070733
0.14586483608302095,0.5384424142167658,0.9159550273295515
0.14586483608302095,0.032842943319570314,0.9787660636152737
0.14586483608302095,0.21037548403331624,0.9031888938594885
0.14586483608302095,0.5719868146381915,0.9198939039431159
0.14586483608302095,0.455186550104189,0.9141220678086073
0.14586483608302095,0.22717911989656786,0.9023622409465192
0.14586483608302095,0.23139782942767906,0.9023149858792737
0.14586483608302095,0.33149401871930384,0.9100880060835415
0.14586483608302095,0.0996007273625866,0.9339322042128072
0.14586483608302095,0.6182213418944005,0.9302613873425668
0.14586483608302095,0.051832631454268197,0.9605930078986359
0.14586483608302095,0.10125826235338993,0.9331605537435822
0.14586483608302095,0.226583140144729,0.9023706192912636
0.14586483608302095,0.2769097093807912,0.904570578770639
0.14586483608302095,0.20920659964052424,0.903285593696106
0.14586483608302095,0.31600765266627895,0.9087251171863547
0.14586483608302095,0.38880610547271,0.9139231359946453
0.14586483608302095,0.5537988509099202,0.9172944718247786
0.14586483608302095,0.06826639585945023,0.9503036177221457
0.14586483608302095,0.02148069922121122,0.9895607938311994
0.14586483608302095,0.3396031675245946,0.91072811338044
0.14586483608302095,0.5674741539683676,0.9191564200510859
0.14586483608302095,0.5930716876457247,0.9239854413499873
0.14586483608302095,0.5147410992641265,0.9145464575667851
0.14586483608302095,0.28525732675333637,0.9055082510337079
0.14586483608302095,0.47168137179597236,0.914046040430944
0.14586483608302095,0.10616608130068372,0.9313694649871082
0.14586483608302095,0.11504544468922459,0.927494040712996
0.14586483608302095,0.5054019028509514,0.9142402757682174
0.14586483608302095,0.566039851021569,0.9189462766120887
0.14586483608302095,0.3885858562806499,0.913919518134502
0.14586483608302095,0.09903136158550295,0.9342215922548164
0.14586483608302095,0.45565267585686486,0.9141172017395492
0.14586483608302095,0.5128274686426895,0.9144844474184709
0.14586483608302095,0.21328995426749642,0.9029721754386419
0.14586483608302095,0.1605784437722216,0.9121888171885556
0.14586483608302095,0.24108154845830573,0.9023112510274023
0.14586483608302095,0.47771393195684325,0.914122944090286
0.14586483608302095,0.5359037949538389,0.9156341877996912
0.14586483608302095,0.009796281586515644,1.0028563621983804
0.14586483608302095,0.09137370818469588,0.9385924276602295
0.14586483608302095,0.09618226577349367,0.9358237871298504
0.14586483608302095,0.42742412991280493,0.9149366304673229
0.14586483608302095,0.021294751861835215,0.9897098798231359
0.14586483608302095,0.4316484433271666,0.9148450059626481
0.14586483608302095,0.42725233451200617,0.9149378094030582
0.14586483608302095,0.518671643414084,0.9146691132711446
0.14586483608302095,0.2967959974560844,0.9068538287100032
0.14586483608302095,0.320105896347394,0.9090889005251586
0.14586483608302095,0.04573530989362528,0.9651847905370375
0.14586483608302095,0.6077696603521577,0.9276215026349961
0.14586483608302095,0.6162208620345284,0.9297196866136235
0.14586483608302095,0.05323011336246609,0.9593900354272034
0.14586483608302095,0.46714107331976046,0.9140233061475455
0.14586483608302095,0.16844725738554925,0.9099821363101007
0.14586483608302095,0.40894609910643775,0.9144413328207285
0.14586483608302095,0.041213721195381414,0.9701692343034489
0.14586483608302095,0.06645803583145334,0.9515609507553405
0.14586483608302095,0.3307190780404319,0.9100265178486011
0.14586483608302095,0.31575997892338104,0.9087034640527297
0.14586483608302095,0.6327577357646057,0.9350971084921358
0.14586483608302095,0.2735820389259451,0.9042323387395057
0.14586483608302095,0.22500424007923178,0.9023962407958517
