x_1,x_2,reweight
0.03844971300428054,0.11957507593004865,0.9735610486319499
0.6002437065675094,0.11957507593004865,0.9420079881016068
0.14586483608302095,0.11957507593004865,0.9250791986237387
0.5030645854961636,0.11957507593004865,0.9275029278583562
0.31270276544126485,0.11957507593004865,0.9202209518738173
0.007358798897546148,0.11957507593004865,1.0050465793892394
0.08675373784005512,0.11957507593004865,0.9447309249136369
0.45271697687101353,0.11957507593004865,0.926210480472756
0.3549519740004113,0.11957507593004865,0.9232215758168932
0.5923350212964236,0.11957507593004865,0.9398786626040939
0.3565252975908863,0.11957507593004865,0.9233487628706701
0.15100927235736622,0.11957507593004865,0.9239035614527876
0.25883799382709594,0.11957507593004865,0.9154897061010813
0.2522984197624743,0.11957507593004865,0.9151388063895519
0.027729526857685777,0.11957507593004865,0.9829945010641289
0.026885278687442154,0.11957507593004865,0.9837236966595161
0.14999744432395382,0.11957507593004865,0.924108586719845
0.5559176663311355,0.11957507593004865,0.932563953838132
0.2869056511622916,0.11957507593004865,0.91781616127744
0.2764006329402318,0.11957507593004865,0.916779248122914
0.3669854984670648,0.11957507593004865,0.9242105516497217
0.2764115423941104,0.11957507593004865,0.9167802365086579
0.2556006786862062,0.11957507593004865,0.915302803820445
0.11690777379698096,0.11957507593004865,0.9330136256011499
0.2069035751172432,0.11957507593004865,0.91520856869669
0.39591391398551157,0.11957507593004865,0.9253478451786856
0.3940605437838492,0.11957507593004865,0.9253077587240798
0.4513302275428354,0.11957507593004865,0.926193936010605
0.3894253273984687,0.11957507593004865,0.9252102989678874
0.18046910151784723,0.11957507593004865,0.9180753021727311
0.37019498848224136,0.11957507593004865,0.9244538141461683
0.15115988333605293,0.11957507593004865,0.9238726844290399
0.08898834109492502,0.11957507593004865,0.9440150635969017
0.041980216597622355,0.11957507593004865,0.9703283945794159
0.6162637824438555,0.11957507593004865,0.9465084781070848
0.12128326363639935,0.11957507593004865,0.9311817630666711
0.08193870281171349,0.11957507593004865,0.9464018851359907
0.648522655518559,0.11957507593004865,0.9586913179624692
0.39284834212240777,0.11957507593004865,0.9252809681314962
0.27930529972273116,0.11957507593004865,0.9170527130958042
0.2495025919102771,0.11957507593004865,0.9150160872231589
0.3815876683373705,0.11957507593004865,0.9250242957744191
0.07410903278684833,0.11957507593004865,0.9503631332578982
0.5671470810937081,0.11957507593004865,0.9344175930357118
0.2652115722620277,0.11957507593004865,0.91591125776161
0.2555023835615183,0.11957507593004865,0.9152975328318591
0.5376176627053375,0.11957507593004865,0.9302760915851266
0.5850627673699358,0.11957507593004865,0.9382083154500781
0.33090288431659826,0.11957507593004865,0.9215696028514867
0.5646904850586933,0.11957507593004865,0.9339936478415248
0.35814732462498583,0.11957507593004865,0.9234823127807519
0.5044792977973785,0.11957507593004865,0.9275860102117001
0.2454027798894135,0.11957507593004865,0.9148599803133821
0.008346485792753095,0.11957507593004865,1.0039996685946044
0.4769420282844778,0.11957507593004865,0.9266624263977113
0.15202580698875687,0.11957507593004865,0.9236931791648088
0.2930878136441366,0.11957507593004865,0.9184539878897119
0.41817582241293794,0.11957507593004865,0.9260335594681764
0.45409583822628663,0.11957507593004865,0.9262246705210032
0.581582138011845,0.11957507593004865,0.9374454322445721
0.2880871347214922,0.11957507593004865,0.917936429840469
0.4692541742565166,0.11957507593004865,0.9264191296334144
0.10258702104536592,0.11957507593004865,0.9380449249201827
0.31903395234453574,0.11957507593004865,0.9207040139886603
0.586530216623351,0.11957507593004865,0.9385343340543629
0.6241987672143217,0.11957507593004865,0.9491239959246232
0.41352838218889265,0.11957507593004865,0.925872272576568
0.6284970931335327,0.11957507593004865,0.9507649690035607
0.018169167391398743,0.11957507593004865,0.9931401810464904
0.4810409596714342,0.11957507593004865,0.9267908824604904
0.17160254542374273,0.11957507593004865,0.9194208504326727
0.4536785216800394,0.11957507593004865,0.9262205743783918
0.48550974356012,0.11957507593004865,0.9268979181645878
0.02648635688373768,0.11957507593004865,0.9840161053857484
0.14856985876991827,0.11957507593004865,0.9244154547788745
0.23786558935040092,0.11957507593004865,0.9146679409855261
0.0026358257603360026,0.11957507593004865,1.0124326935372892
0.2727807024003301,0.11957507593004865,0.916469032883371
0.26767812925475293,0.11957507593004865,0.9160835842472912
0.5416613209416413,0.11957507593004865,0.9309173381055068
0.08898864057172566,0.11957507593004865,0.9440149603721387
0.5530634764724797,0.11957507593004865,0.9320764509165294
0.4092521432481865,0.11957507593004865,0.9257279048240009
0.1621161033466298,0.11957507593004865,0.9213997667664957
0.2622118527943805,0.11957507593004865,0.9157067071111674
0.36437411455499036,0.11957507593004865,0.9239991982909728
0.3500899563479385,0.11957507593004865,0.922853377639239
0.6468036646823033,0.11957507593004865,0.9578943364627045
0.5633607515498138,0.11957507593004865,0.9337719643476656
0.6193122198142891,0.11957507593004865,0.9474405235629212
0.6445209969970119,0.11957507593004865,0.9568904862428067
0.16034272356808266,0.11957507593004865,0.9218051555804487
0.4972989136753596,0.11957507593004865,0.9271959181729418
0.3006692718465929,0.11957507593004865,0.9192246864687722
0.002627256272145401,0.11957507593004865,1.012467235478561
0.3496419560185334,0.11957507593004865,0.9228212383237294
0.22521313399328777,0.11957507593004865,0.914599307750739
0.17210060043008613,0.11957507593004865,0.9193341198090892
0.5422995531881523,0.11957507593004865,0.9310098631354625
0.6307915798437944,0.11957507593004865,0.951618708163337
0.6437652049431019,0.11957507593004865,0.9565704781622988
0.16053802120270322,0.11957507593004865,0.9217599205756267
0.15337647690433673,0.11957507593004865,0.9234057552568098
0.6025067417720333,0.11957507593004865,0.9426700843790999
0.43163226226139423,0.11957507593004865,0.9262887613458729
0.3554556329328653,0.11957507593004865,0.923261869397124
0.5259740709546462,0.11957507593004865,0.9290168395450168
0.16889804958021468,0.11957507593004865,0.9199353168160995
0.5203378892364418,0.11957507593004865,0.9285907058411741
0.6127285925695946,0.11957507593004865,0.9454950150966804
0.044029062579256546,0.11957507593004865,0.9680887763724787
0.18950928320717125,0.11957507593004865,0.9167731300751324
0.22977497096724175,0.11957507593004865,0.9146062323768771
0.035115722907654995,0.11957507593004865,0.9770109421117866
0.5244694884554887,0.11957507593004865,0.9288936637370628
0.32464870803420726,0.11957507593004865,0.9211343966404107
0.43385723914777613,0.11957507593004865,0.9262715326986763
0.13949280868125613,0.11957507593004865,0.9267818827416436
0.0012894390395519263,0.11957507593004865,1.0151526173825107
0.6451540353191472,0.11957507593004865,0.9571630860945809
0.3087636056992601,0.11957507593004865,0.9199169077667133
0.2120819360927643,0.11957507593004865,0.9149423430025675
0.446830073760435,0.11957507593004865,0.9261475186136641
0.5815774030299109,0.11957507593004865,0.9374444020882485
0.5241510177656584,0.11957507593004865,0.9288682243023966
0.2505476943425657,0.11957507593004865,0.9150606138417369
0.5237371391421468,0.11957507593004865,0.928835780815085
0.26082368918544624,0.11957507593004865,0.9156151898896904
0.2557678127612926,0.11957507593004865,0.9153118256167613
0.11796270335583181,0.11957507593004865,0.9325382247916282
0.3369112288877269,0.11957507593004865,0.9219583606121009
0.34659685093431863,0.11957507593004865,0.9226085450548606
0.03344337843816971,0.11957507593004865,0.9787421607055763
0.21263462996859023,0.11957507593004865,0.9149192803110122
0.08131743955076826,0.11957507593004865,0.9466718461155122
0.47189442641365015,0.11957507593004865,0.9264907355691597
0.4352994786761169,0.11957507593004865,0.9262560912606828
0.09543093973928803,0.11957507593004865,0.9410942590020185
0.38147608155195395,0.11957507593004865,0.9250208417416529
0.012046272702186606,0.11957507593004865,0.9992870387610837
0.48516729465800773,0.11957507593004865,0.9268907450458259
0.05210293624535926,0.11957507593004865,0.9620657150878607
0.051020612840363536,0.11957507593004865,0.9629257743771805
0.4229239025933486,0.11957507593004865,0.9261890233610821
0.03126205596308753,0.11957507593004865,0.9800763392730371
0.48536369405413143,0.11957507593004865,0.926894872215276
0.6470479658722997,0.11957507593004865,0.958005336882828
0.5069932055459946,0.11957507593004865,0.9277367883166334
0.44744168584130406,0.11957507593004865,0.9261495185345685
0.10306223724666828,0.11957507593004865,0.9379016997905678
0.3301521194309754,0.11957507593004865,0.921520460296296
0.534417561411629,0.11957507593004865,0.9297942135120232
0.5439392657411913,0.11957507593004865,0.9312238983738566
0.08105095896190613,0.11957507593004865,0.9467899929887669
0.5462210935508419,0.11957507593004865,0.9314415474555209
0.3955463089047558,0.11957507593004865,0.9253398677282954
0.5824038754065346,0.11957507593004865,0.937624477870437
0.20012421134922556,0.11957507593004865,0.9156471078707686
0.033691556800585,0.11957507593004865,0.978522002869667
0.07171866919877584,0.11957507593004865,0.9514645113137856
0.1773338668497032,0.11957507593004865,0.918548215518319
0.012775822532178306,0.11957507593004865,0.9985303844558423
0.3116291844290068,0.11957507593004865,0.9201384225488954
0.4385688242722882,0.11957507593004865,0.9262145105380704
0.06240750381580829,0.11957507593004865,0.9569253554962942
0.41787000368922167,0.11957507593004865,0.9260229181309095
0.3606434708325336,0.11957507593004865,0.9236899059882876
0.43213040792023377,0.11957507593004865,0.9262858366546469
0.027702803612318323,0.11957507593004865,0.9830201551985963
0.21680101988498302,0.11957507593004865,0.914767389992172
0.019098815314644243,0.11957507593004865,0.9920462244397891
0.6323837624981762,0.11957507593004865,0.9522048005844066
0.1456476289913475,0.11957507593004865,0.925135045834744
0.457190696113296,0.11957507593004865,0.926251705873138
0.6210868495131644,0.11957507593004865,0.9480168986366563
0.546904202919961,0.11957507593004865,0.931482987321867
0.24149861574714798,0.11957507593004865,0.9147410108676703
0.24046070654049176,0.11957507593004865,0.9147159752304572
0.4448461192304903,0.11957507593004865,0.9261501589623513
0.1967083476395761,0.11957507593004865,0.9159211060096292
0.07580989527641681,0.11957507593004865,0.9494655583698074
0.005541025479754636,0.11957507593004865,1.007487257467065
0.5307455197303848,0.11957507593004865,0.9293974614769352
0.16396257017671514,0.11957507593004865,0.9209882697726876
0.3203998696953628,0.11957507593004865,0.9208087183722234
0.6481370144434635,0.11957507593004865,0.9585091866903261
0.1875817272476345,0.11957507593004865,0.9170354561173892
0.08000638652139098,0.11957507593004865,0.9472599764593335
0.3752663944223109,0.11957507593004865,0.9247680008028587
0.11662670667729336,0.11957507593004865,0.9331419600258837
0.10545126812474016,0.11957507593004865,0.9372446191758539
0.5475892646389278,0.11957507593004865,0.931511453468509
0.23507916086446062,0.11957507593004865,0.9146366053084993
0.12136507543874674,0.11957507593004865,0.931152375301841
0.13897501061852266,0.11957507593004865,0.9269481515899793
0.08050011361784215,0.11957507593004865,0.9470370450487882
0.05826587782640004,0.11957507593004865,0.958544092328268
0.5710915355451055,0.11957507593004865,0.9351611749730878
0.04176444862039026,0.11957507593004865,0.9705618813276378
0.21241890079330106,0.11957507593004865,0.9149281797692733
0.19343558376261422,0.11957507593004865,0.9162725243740061
0.018078971515134885,0.11957507593004865,0.9932172850721794
0.33679694207765004,0.11957507593004865,0.9219509803559035
0.4185553968792535,0.11957507593004865,0.9260467571852866
0.29014968284576526,0.11957507593004865,0.9181480941903736
0.15634286872624953,0.11957507593004865,0.9227395707703049
0.1961576707265775,0.11957507593004865,0.9159743341755932
0.3237875554527198,0.11957507593004865,0.9210691712728526
0.13199813170133387,0.11957507593004865,0.9291132726035989
0.6245064528015868,0.11957507593004865,0.9492408969619583
0.016532331214726022,0.11957507593004865,0.9944402375759066
0.21783884539987985,0.11957507593004865,0.9147344108716774
0.6096659394949363,0.11957507593004865,0.9446488460991828
0.5695515569588124,0.11957507593004865,0.9348601146763014
0.5481084533499153,0.11957507593004865,0.9315235425688888
0.11463491426970367,0.11957507593004865,0.9340543122727055
0.15916714179161195,0.11957507593004865,0.9220799032552494
0.44443202033136986,0.11957507593004865,0.9261522267798346
0.36909641392342735,0.11957507593004865,0.9243742562004351
0.3469563426297917,0.11957507593004865,0.9226333349142332
0.337454788884381,0.11957507593004865,0.9219934979014971
0.6497708650103176,0.11957507593004865,0.9592995819625384
0.5856537481195597,0.11957507593004865,0.9383392371838571
0.057873849356281135,0.11957507593004865,0.9586670284333493
0.4768422187183198,0.11957507593004865,0.9266590528708102
0.5929361043272044,0.11957507593004865,0.9400247997029242
0.00923595890791048,0.11957507593004865,1.0032227632593576
0.4870326155605619,0.11957507593004865,0.9269288048153933
0.3451326580472296,0.11957507593004865,0.9225076557177968
0.01698814934556155,0.11957507593004865,0.9939839324765487
0.08118124787812452,0.11957507593004865,0.9467320856732332
0.5804614576116286,0.11957507593004865,0.9372020407724859
0.5412893499498831,0.11957507593004865,0.9308615854483167
0.3679994540857081,0.11957507593004865,0.924290655193136
0.3692795412702003,0.11957507593004865,0.9243878070330538
0.6332602797096586,0.11957507593004865,0.952525810101272
0.11895735325305094,0.11957507593004865,0.9321044051195628
0.3855697107382786,0.11957507593004865,0.9251293125275839
0.1130098639127473,0.11957507593004865,0.9347755948048515
0.6258642640570479,0.11957507593004865,0.9497662837418774
0.20919876318888342,0.11957507593004865,0.9150788137218905
0.11893457962372682,0.11957507593004865,0.9321141315160298
0.024455376238397466,0.11957507593004865,0.9858567802266557
0.10737649654915024,0.11957507593004865,0.9367330721895614
0.2863142610323511,0.11957507593004865,0.9177561655897899
0.2927141574051459,0.11957507593004865,0.9184149385689474
0.0956968097782532,0.11957507593004865,0.9409589922666429
0.20589748878232444,0.11957507593004865,0.9152697911526825
0.33584170569460753,0.11957507593004865,0.9218893584904219
0.37463490218163903,0.11957507593004865,0.9247335916350289
0.10289333407255291,0.11957507593004865,0.9379519303787056
0.25444103819426256,0.11957507593004865,0.9152422715888242
0.3397812528206714,0.11957507593004865,0.9221450296973431
0.416403834287824,0.11957507593004865,0.9259718707086779
0.3540130306275077,0.11957507593004865,0.923147583111072
0.22952081799245377,0.11957507593004865,0.9146051700935672
0.45454181885667894,0.11957507593004865,0.926228886903428
0.22896946580234115,0.11957507593004865,0.9146030388892558
0.5429215899717532,0.11957507593004865,0.9310955202413457
0.13093641381328705,0.11957507593004865,0.9293118425895291
0.28215772881752477,0.11957507593004865,0.9173364748074142
0.46538302077924776,0.11957507593004865,0.9263405697917578
0.5685238697467536,0.11957507593004865,0.9346670156532052
0.5252289493768797,0.11957507593004865,0.9289559376677616
0.3428643995891907,0.11957507593004865,0.9223510382851237
0.2190548475698291,0.11957507593004865,0.9146989105538897
0.25587140062162766,0.11957507593004865,0.9153174544073452
0.24708558324235275,0.11957507593004865,0.914920990878461
0.6140749568550008,0.11957507593004865,0.9458740764540537
0.229740147503244,0.11957507593004865,0.9146060842007496
0.12186863146117731,0.11957507593004865,0.9309769908398767
0.317033835273757,0.11957507593004865,0.9205514226658613
0.6388552455153269,0.11957507593004865,0.9546104222481404
0.25005549337796945,0.11957507593004865,0.9150394176978053
0.4491086507514415,0.11957507593004865,0.9261630664330313
0.06291067577844235,0.11957507593004865,0.956622149597554
0.33626505152282704,0.11957507593004865,0.9219166576436891
0.11586118150259596,0.11957507593004865,0.9334931470761956
0.15754343196217052,0.11957507593004865,0.9224604308122558
0.08708462410967231,0.11957507593004865,0.9446293565406594
0.5985264736117135,0.11957507593004865,0.9415033213912422
0.25494540423221707,0.11957507593004865,0.9152681624066442
0.10415724296234684,0.11957507593004865,0.9375908183358638
0.5298814132766957,0.11957507593004865,0.9293280471738732
0.27467191942353414,0.11957507593004865,0.916626959728257
0.07599917737838591,0.11957507593004865,0.9493614427914457
0.1991136041005665,0.11957507593004865,0.915718388626508
0.4658285107229706,0.11957507593004865,0.9263480483200378
0.012668905949037667,0.11957507593004865,0.9986748173682329
0.2767881390761456,0.11957507593004865,0.9168145531970353
0.5985478073477353,0.11957507593004865,0.9415094390112378
0.028975661935188687,0.11957507593004865,0.9817452364624372
0.08926631777998131,0.11957507593004865,0.9439180226445705
0.1739468288055587,0.11957507593004865,0.9190367921118676
0.6366379140399877,0.11957507593004865,0.9537699186507683
0.34052343636443666,0.11957507593004865,0.9221939545991308
0.18259129610766323,0.11957507593004865,0.9177524865013503
0.24644979311016757,0.11957507593004865,0.9148974054062345
0.3222269250043109,0.11957507593004865,0.9209497932397759
0.5857987491382556,0.11957507593004865,0.9383714344898105
