x_1,x_2,eta,WQ
9.9999997e-10,0.10956947206784506,0.4502251125562781,1.681843103694566
0.03526492384137758,0.10956947206784506,0.4502251125562781,0.04101482183841096
0.07177346253629313,0.10956947206784506,0.4502251125562781,0.010199804863980888
0.10956947206784506,0.10956947206784506,0.4502251125562781,0.0035029107227465108
0.1486983549970351,0.10956947206784506,0.4502251125562781,0.0015415521426088263
0.18920711500272103,0.10956947206784506,0.4502251125562781,0.0008005933746074803
0.2311444133449163,0.10956947206784506,0.4502251125562781,0.00045907317005813505
0.27456062731926223,0.10956947206784506,0.4502251125562781,0.0002778767671277695
0.3195079107728942,0.10956947206784506,0.4502251125562781,0.0001725976064043366
0.36604025675439544,0.10956947206784506,0.4502251125562781,0.00010981763455528528
0.41421356237309515,0.10956947206784506,0.4502251125562781,6.943432838623577e-05
0.46408569594562543,0.10956947206784506,0.4502251125562781,4.298933813154346e-05
0.5157165665103982,0.10956947206784506,0.4502251125562781,2.5071295097386012e-05
0.5691681957935015,0.10956947206784506,0.4502251125562781,1.4239049322694467e-05
0.6245047927124712,0.10956947206784506,0.4502251125562781,7.66366733146836e-06
0.6817928305074292,0.10956947206784506,0.4502251125562781,3.2191649562859286e-06
0.7411011265922482,0.10956947206784506,0.4502251125562781,1.191955044295763e-06
0.8025009252216606,0.10956947206784506,0.4502251125562781,6.284959843402749e-07
0.8660659830736148,0.10956947206784506,0.4502251125562781,2.936519262960715e-07
0.9318726578496912,0.10956947206784506,0.4502251125562781,4.48252180046102e-08
