x_1,x_2,eta,WQ
0.09035509264549174,0.05605367900367374,0.7375177692551764,6.360806633212309e-08
0.09035509264549174,0.247281269627739,0.7375177692551764,1.117861617127336e-09
0.09035509264549174,0.00608466098670788,0.7375177692551764,2.0244616180684958e-05
0.09035509264549174,0.30250783839013695,0.7375177692551764,5.387196342699915e-10
0.09035509264549174,0.01773013767132951,0.7375177692551764,1.0829139261988706e-06
0.09035509264549174,0.1745717782078946,0.7375177692551764,3.3212776823098795e-09
0.09035509264549174,0.01236497155416707,0.7375177692551764,2.8503983693865767e-06
0.09035509264549174,0.3497399784290677,0.7375177692551764,2.97944626488062e-10
0.09035509264549174,0.015014192753068202,0.7375177692551764,1.6836742600742156e-06
0.09035509264549174,0.004547355335287932,0.7375177692551764,4.477528620762678e-05
0.09035509264549174,0.02280884532323275,0.7375177692551764,5.661258273207917e-07
0.09035509264549174,0.002085079890589906,0.7375177692551764,0.00034539940800297605
0.09035509264549174,0.2497093140043075,0.7375177692551764,1.0812266804908888e-09
0.09035509264549174,0.003994628110671714,0.7375177692551764,6.349252058153221e-05
0.09035509264549174,0.02167150380360117,0.7375177692551764,6.444991337522026e-07
0.09035509264549174,0.48282234266593405,0.7375177692551764,5.7872199110752284e-11
0.09035509264549174,0.6085063147547596,0.7375177692551764,1.0614199782413674e-11
0.09035509264549174,0.03329619732834584,0.7375177692551764,2.224038704981602e-07
0.09035509264549174,0.2565303142751322,0.7375177692551764,9.853201856662772e-10
0.09035509264549174,0.009076712753079984,0.7375177692551764,6.687654729175973e-06
0.09035509264549174,0.07397312743500849,0.7375177692551764,3.223264221484593e-08
0.09035509264549174,0.38694519037409447,0.7375177692551764,1.8863760936839532e-10
0.09035509264549174,0.0520945831998531,0.7375177692551764,7.594069778539589e-08
0.09035509264549174,0.07109175567403914,0.7375177692551764,3.555847379490456e-08
0.09035509264549174,0.0007527362320256839,0.7375177692551764,0.004166260972377781
0.09035509264549174,0.01835443829012375,0.7375177692551764,9.89134132209793e-07
0.09035509264549174,0.0017073309853449462,0.7375177692551764,0.0005716139804864939
0.09035509264549174,0.013171674539184525,0.7375177692551764,2.398679439501795e-06
0.09035509264549174,0.015525641160604294,0.7375177692551764,1.5392407591226787e-06
0.09035509264549174,0.19361397425748195,0.7375177692551764,2.4442725407352995e-09
0.09035509264549174,0.0007671426403063638,0.7375177692551764,0.003983709898049015
0.09035509264549174,0.02845210156751969,0.7375177692551764,3.265302481841325e-07
0.09035509264549174,0.01401719090560085,0.7375177692551764,2.0260441264016515e-06
0.09035509264549174,0.09177705108284104,0.7375177692551764,1.8746388732193758e-08
0.09035509264549174,0.017148054675383082,0.7375177692551764,1.1822957608761412e-06
0.09035509264549174,0.000834557572365234,0.7375177692551764,0.003261914631963298
0.09035509264549174,0.3422917447366009,0.7375177692551764,3.2671838828384476e-10
0.09035509264549174,0.18286272679477444,0.7375177692551764,2.898849967789416e-09
0.09035509264549174,0.3389752792464765,0.7375177692551764,3.404472027804188e-10
0.09035509264549174,0.026500123642218883,0.7375177692551764,3.891327190048484e-07
