x_1,x_2,eta,WQ
0.1910111813940882,0.05605367900367374,0.7375177692551764,6.542796838181649e-09
0.0003780993322929412,0.05605367900367374,0.7375177692551764,0.06199159246538454
0.09035509264549174,0.05605367900367374,0.7375177692551764,6.360806633212309e-08
0.169145335531599,0.05605367900367374,0.7375177692551764,9.559866661225202e-09
0.042463318165639564,0.05605367900367374,0.7375177692551764,5.733390829309464e-07
0.007456169348091705,0.05605367900367374,0.7375177692551764,5.658803665405031e-05
0.006040968126967231,0.05605367900367374,0.7375177692551764,9.546290822231076e-05
0.1802071738194668,0.05605367900367374,0.7375177692551764,7.852749982928358e-09
0.004718540293397173,0.05605367900367374,0.7375177692551764,0.00017512638693219072
0.001942150502819842,0.05605367900367374,0.7375177692551764,0.001475040094275774
0.11989063606838281,0.05605367900367374,0.7375177692551764,2.725681022250971e-08
0.5069437770369233,0.05605367900367374,0.7375177692551764,1.214254577189608e-10
6.876875274506259e-05,0.05605367900367374,0.7375177692551764,2.3683949909165585
0.045904418490274976,0.05605367900367374,0.7375177692551764,4.598576373711569e-07
0.23857920938632013,0.05605367900367374,0.7375177692551764,3.1835932470452546e-09
0.0804356479676357,0.05605367900367374,0.7375177692551764,8.988499609088469e-08
0.1461076124191244,0.05605367900367374,0.7375177692551764,1.4977280111506146e-08
0.01203027500393204,0.05605367900367374,0.7375177692551764,1.6878864738287825e-05
0.4191239270504696,0.05605367900367374,0.7375177692551764,3.460125130312618e-10
0.14052768545668023,0.05605367900367374,0.7375177692551764,1.6859050255455662e-08
0.05448902026564449,0.05605367900367374,0.7375177692551764,2.813655056758231e-07
0.003657626613911161,0.05605367900367374,0.7375177692551764,0.00032580264265899035
0.020287499706201105,0.05605367900367374,0.7375177692551764,4.322811532304987e-06
0.11277330844711808,0.05605367900367374,0.7375177692551764,3.2767069404455086e-08
0.030596345732446708,0.05605367900367374,0.7375177692551764,1.4270781633731777e-06
0.029221524542476347,0.05605367900367374,0.7375177692551764,1.6191348058673501e-06
0.08279424539536412,0.05605367900367374,0.7375177692551764,8.248840464002086e-08
0.046151636767639254,0.05605367900367374,0.7375177692551764,4.5289143301012097e-07
0.09904998879907204,0.05605367900367374,0.7375177692551764,4.835062499999993e-08
0.07548972774519354,0.05605367900367374,0.7375177692551764,1.0847440114530498e-07
0.2292753213635466,0.05605367900367374,0.7375177692551764,3.6341139305417953e-09
0.04843196596689281,0.05605367900367374,0.7375177692551764,3.947405656812329e-07
0.3991703003249273,0.05605367900367374,0.7375177692551764,4.3654651677436424e-10
0.014416343175651398,0.05605367900367374,0.7375177692551764,1.0586031426780676e-05
0.0020008423287742154,0.05605367900367374,0.7375177692551764,0.001374918341367999
0.012762330513888023,0.05605367900367374,0.7375177692551764,1.4502306428944442e-05
0.002698557909644077,0.05605367900367374,0.7375177692551764,0.000676319786896556
0.26007914230426604,0.05605367900367374,0.7375177692551764,2.3730087443287532e-09
0.0009176839637020422,0.05605367900367374,0.7375177692551764,0.008411608972241602
0.08677133554401552,0.05605367900367374,0.7375177692551764,7.174955270882239e-08
