x_1,x_2,eta,WQ
0.09035509264549174,0.05605367900367374,2.5278693317823997,1.027933425948465e-07
0.09035509264549174,0.05605367900367374,0.7375177692551764,6.360806633212309e-08
0.09035509264549174,0.05605367900367374,2.06909900548708,9.977723056638709e-08
0.09035509264549174,0.05605367900367374,1.4323011937283436,8.873400996493857e-08
0.09035509264549174,0.05605367900367374,1.8029867734916336,9.64735552510513e-08
0.09035509264549174,0.05605367900367374,0.02237311286140331,5.483292648884617e-08
0.09035509264549174,0.05605367900367374,0.3827787774910485,5.352616283410283e-08
0.09035509264549174,0.05605367900367374,0.21572177908327816,5.248021777733321e-08
0.09035509264549174,0.05605367900367374,2.6658394513455006,1.0329465821512526e-07
0.09035509264549174,0.05605367900367374,2.9012282284331983,1.0389343836339396e-07
0.09035509264549174,0.05605367900367374,2.9267542329918705,1.039433195914249e-07
0.09035509264549174,0.05605367900367374,2.40998817437739,1.0224630992220733e-07
0.09035509264549174,0.05605367900367374,2.6741022823229406,1.0332064940212921e-07
0.09035509264549174,0.05605367900367374,0.008409345388413758,5.513918961079845e-08
0.09035509264549174,0.05605367900367374,1.3384376478260256,8.605549015816936e-08
0.09035509264549174,0.05605367900367374,2.6331840350280156,1.0318777004868797e-07
0.09035509264549174,0.05605367900367374,2.9071319557613937,1.0390519809296793e-07
0.09035509264549174,0.05605367900367374,1.869160558878451,9.744132822098727e-08
0.09035509264549174,0.05605367900367374,1.9320614752202405,9.826575630445148e-08
0.09035509264549174,0.05605367900367374,1.6225962727808767,9.323956595096768e-08
0.09035509264549174,0.05605367900367374,2.2768602917467815,1.0146225064241854e-07
0.09035509264549174,0.05605367900367374,2.8656185811157258,1.0381954657798713e-07
0.09035509264549174,0.05605367900367374,1.7595020660066023,9.577715877217954e-08
0.09035509264549174,0.05605367900367374,0.06823181999774208,5.39479987215939e-08
0.09035509264549174,0.05605367900367374,2.8237865084600426,1.0372589852431281e-07
0.09035509264549174,0.05605367900367374,0.13881466781339968,5.297254317266265e-08
0.09035509264549174,0.05605367900367374,1.615636102726581,9.309561615668148e-08
0.09035509264549174,0.05605367900367374,2.2953728488754357,1.01583358784563e-07
0.09035509264549174,0.05605367900367374,2.7834498554595544,1.036280493793083e-07
0.09035509264549174,0.05605367900367374,2.3997924720214074,1.021929740117118e-07
0.09035509264549174,0.05605367900367374,2.5560242205911816,1.029067379873241e-07
0.09035509264549174,0.05605367900367374,1.7276870864675156,9.523548110870948e-08
0.09035509264549174,0.05605367900367374,1.9397543178725476,9.836058750916193e-08
0.09035509264549174,0.05605367900367374,1.81909661062922,9.671912441519961e-08
0.09035509264549174,0.05605367900367374,2.5605889127520496,1.0292455150321092e-07
0.09035509264549174,0.05605367900367374,2.293789122771724,1.0157316120833613e-07
0.09035509264549174,0.05605367900367374,1.890964892236992,9.773723545542515e-08
0.09035509264549174,0.05605367900367374,2.5307568639943656,1.0280525638756247e-07
0.09035509264549174,0.05605367900367374,2.47667712267376,1.025708093028948e-07
0.09035509264549174,0.05605367900367374,2.3414606456699785,1.0186724177490036e-07
0.09035509264549174,0.05605367900367374,2.788343747903352,1.0364033583203814e-07
0.09035509264549174,0.05605367900367374,2.5904260198570337,1.0303721300449023e-07
0.09035509264549174,0.05605367900367374,0.5721438782763077,5.787729896648228e-08
0.09035509264549174,0.05605367900367374,2.140329957660615,1.0042833746566513e-07
0.09035509264549174,0.05605367900367374,1.0193286811628164,7.48225791313684e-08
0.09035509264549174,0.05605367900367374,1.1456920107197763,7.961941418123825e-08
0.09035509264549174,0.05605367900367374,0.9251516556967223,7.10647927863494e-08
0.09035509264549174,0.05605367900367374,2.480650326973225,1.0258887152388795e-07
0.09035509264549174,0.05605367900367374,1.4662258391487957,8.962657916085135e-08
0.09035509264549174,0.05605367900367374,2.7497845994704013,1.035402772073921e-07
0.09035509264549174,0.05605367900367374,0.5149250632825622,5.6259023022006305e-08
0.09035509264549174,0.05605367900367374,1.9981655867498365,9.904054509783545e-08
0.09035509264549174,0.05605367900367374,2.6550800343379155,1.0326018407660041e-07
0.09035509264549174,0.05605367900367374,1.3056732083493128,8.504826112452813e-08
0.09035509264549174,0.05605367900367374,2.0400560936572534,9.948681934655085e-08
0.09035509264549174,0.05605367900367374,2.5292542176614914,1.0279906479109496e-07
0.09035509264549174,0.05605367900367374,1.1612460288929178,8.018207251832567e-08
0.09035509264549174,0.05605367900367374,2.667310295400759,1.0329931534199718e-07
0.09035509264549174,0.05605367900367374,0.9901105350636699,7.366787488164461e-08
0.09035509264549174,0.05605367900367374,2.9560354335852455,1.0399754384824948e-07
0.09035509264549174,0.05605367900367374,0.021921380865916884,5.4842572531416764e-08
0.09035509264549174,0.05605367900367374,0.8292515989976668,6.720189052967234e-08
0.09035509264549174,0.05605367900367374,2.568555879524129,1.0295526997376017e-07
0.09035509264549174,0.05605367900367374,0.9610341403410008,7.250749268333705e-08
0.09035509264549174,0.05605367900367374,2.927938012155869,1.0394557277949412e-07
0.09035509264549174,0.05605367900367374,2.278818989801964,1.0147526326262554e-07
0.09035509264549174,0.05605367900367374,2.4333703710519874,1.0236479981599273e-07
0.09035509264549174,0.05605367900367374,0.5783880387818026,5.806742702187127e-08
0.09035509264549174,0.05605367900367374,1.3153439471634254,8.534941088760627e-08
0.09035509264549174,0.05605367900367374,2.416908079717783,1.0228192639356635e-07
0.09035509264549174,0.05605367900367374,2.501475075702725,1.0268132992326157e-07
0.09035509264549174,0.05605367900367374,1.2975402403771414,8.479251246673977e-08
0.09035509264549174,0.05605367900367374,2.2339283829032057,1.0116478323403933e-07
0.09035509264549174,0.05605367900367374,2.378553538208986,1.0207850597030343e-07
0.09035509264549174,0.05605367900367374,0.9831758649510887,7.339203125867565e-08
0.09035509264549174,0.05605367900367374,2.2597270241275673,1.013463773591965e-07
0.09035509264549174,0.05605367900367374,2.6444937232147785,1.032255562494608e-07
0.09035509264549174,0.05605367900367374,2.914072274765973,1.0391884959148814e-07
0.09035509264549174,0.05605367900367374,1.9393928293992542,9.835615967382835e-08
0.09035509264549174,0.05605367900367374,2.180002743698198,1.0075601753012634e-07
0.09035509264549174,0.05605367900367374,1.5862493865897898,9.247102832616908e-08
0.09035509264549174,0.05605367900367374,1.172776724473429,8.05946782111534e-08
0.09035509264549174,0.05605367900367374,2.9152189153761143,1.0392108717670994e-07
0.09035509264549174,0.05605367900367374,2.308667321401701,1.016677803944433e-07
0.09035509264549174,0.05605367900367374,2.0064389824130506,9.913133180820858e-08
0.09035509264549174,0.05605367900367374,1.2061060328047235,8.176486782120801e-08
0.09035509264549174,0.05605367900367374,2.5003482567932473,1.0267642071518181e-07
0.09035509264549174,0.05605367900367374,1.8129138435488343,9.662565475418605e-08
0.09035509264549174,0.05605367900367374,2.58874082885984,1.0303102097702953e-07
0.09035509264549174,0.05605367900367374,2.227635116293122,1.0111915111725416e-07
0.09035509264549174,0.05605367900367374,0.4333932042686035,5.439117208024204e-08
0.09035509264549174,0.05605367900367374,2.0815540312521748,9.989721007383445e-08
0.09035509264549174,0.05605367900367374,1.349805938980007,8.639627102424844e-08
0.09035509264549174,0.05605367900367374,2.153471210420823,1.0053952331050594e-07
0.09035509264549174,0.05605367900367374,1.9308008447594103,9.825009521525583e-08
0.09035509264549174,0.05605367900367374,2.6087107821687376,1.031031201011119e-07
0.09035509264549174,0.05605367900367374,2.177357900556263,1.0073490547717736e-07
0.09035509264549174,0.05605367900367374,2.095201424654112,1.0002562064735291e-07
0.09035509264549174,0.05605367900367374,1.4897082920627662,9.022119257230574e-08
0.09035509264549174,0.05605367900367374,2.558360988915086,1.0291587666002702e-07
0.09035509264549174,0.05605367900367374,0.8686792272686485,6.878576521436678e-08
0.09035509264549174,0.05605367900367374,1.9815798380699385,9.885450243261626e-08
0.09035509264549174,0.05605367900367374,2.1991727860336874,1.0090600885385137e-07
0.09035509264549174,0.05605367900367374,1.8840383943211134,9.76444257805279e-08
0.09035509264549174,0.05605367900367374,2.824227869708275,1.0372692711318356e-07
0.09035509264549174,0.05605367900367374,2.6330782196025146,1.031874125968941e-07
0.09035509264549174,0.05605367900367374,2.734051766031649,1.0349724267439843e-07
0.09035509264549174,0.05605367900367374,2.391405708526362,1.0214832211817788e-07
0.09035509264549174,0.05605367900367374,1.8273372144365774,9.684221491102083e-08
0.09035509264549174,0.05605367900367374,2.469783579294225,1.0253914425243223e-07
0.09035509264549174,0.05605367900367374,2.6890807714178435,1.0336671634070928e-07
0.09035509264549174,0.05605367900367374,1.380453924061727,8.72925302467318e-08
0.09035509264549174,0.05605367900367374,2.81539525723479,1.0370617303771723e-07
0.09035509264549174,0.05605367900367374,2.4135267220403946,1.0226458110289008e-07
0.09035509264549174,0.05605367900367374,1.1172394024356427,7.857280890223781e-08
0.09035509264549174,0.05605367900367374,1.5793108827372186,9.231954184031566e-08
0.09035509264549174,0.05605367900367374,1.4665339615839077,8.963450378545253e-08
0.09035509264549174,0.05605367900367374,1.2492474473938238,8.322773884424948e-08
0.09035509264549174,0.05605367900367374,2.14203478006835,1.0044291266111282e-07
0.09035509264549174,0.05605367900367374,2.800293754693413,1.0366984863050306e-07
0.09035509264549174,0.05605367900367374,1.1958841890451428,8.140959560061959e-08
0.09035509264549174,0.05605367900367374,1.4628705494320744,8.954007263481902e-08
0.09035509264549174,0.05605367900367374,2.759401255586162,1.0356594006069871e-07
0.09035509264549174,0.05605367900367374,1.3042870692909887,8.500483294909879e-08
0.09035509264549174,0.05605367900367374,0.08805047846635805,5.362541705704702e-08
0.09035509264549174,0.05605367900367374,1.5201032746530037,9.096298100697196e-08
0.09035509264549174,0.05605367900367374,2.95765894905132,1.0400046005175597e-07
0.09035509264549174,0.05605367900367374,1.7664486032540028,9.589176193920914e-08
0.09035509264549174,0.05605367900367374,0.6201723587282273,5.9401053668090286e-08
0.09035509264549174,0.05605367900367374,2.397790770942419,1.0218238111660207e-07
0.09035509264549174,0.05605367900367374,0.9867310736174626,7.353352595338585e-08
0.09035509264549174,0.05605367900367374,2.396296359767329,1.0217444654636522e-07
0.09035509264549174,0.05605367900367374,2.4408578753446992,1.0240164349914751e-07
0.09035509264549174,0.05605367900367374,1.9919648452974812,9.897162708488464e-08
0.09035509264549174,0.05605367900367374,2.841281875806367,1.0376599916592618e-07
0.09035509264549174,0.05605367900367374,0.6790419136237063,6.143882268130979e-08
0.09035509264549174,0.05605367900367374,0.9827902340576546,7.337667386536569e-08
0.09035509264549174,0.05605367900367374,2.2452162275452663,1.0124530874973893e-07
0.09035509264549174,0.05605367900367374,1.2084740963051304,8.184670771906334e-08
0.09035509264549174,0.05605367900367374,2.1547414932057847,1.0055013015848649e-07
0.09035509264549174,0.05605367900367374,1.7177568655309985,9.506065797552648e-08
0.09035509264549174,0.05605367900367374,1.9681429115077131,9.869974937017492e-08
0.09035509264549174,0.05605367900367374,0.7003969225647264,6.221651344548876e-08
0.09035509264549174,0.05605367900367374,2.07157661340836,9.980131206475644e-08
0.09035509264549174,0.05605367900367374,2.284148545333202,1.015104303465043e-07
0.09035509264549174,0.05605367900367374,2.9608552077949475,1.040061741400868e-07
0.09035509264549174,0.05605367900367374,1.5454414907928,9.155766371662632e-08
0.09035509264549174,0.05605367900367374,1.5244078139497244,9.106551675145425e-08
0.09035509264549174,0.05605367900367374,2.381200926507634,1.0209302632947325e-07
0.09035509264549174,0.05605367900367374,2.078542730493696,9.986844818619947e-08
0.09035509264549174,0.05605367900367374,-2.776558948534668,1.0440297514473642e-07
0.09035509264549174,0.05605367900367374,-2.5273332476675,1.0408115347560814e-07
0.09035509264549174,0.05605367900367374,-2.137623503921331,1.0312547100022794e-07
0.09035509264549174,0.05605367900367374,-2.4597432983558214,1.0396298662725584e-07
0.09035509264549174,0.05605367900367374,-2.3457220552008913,1.0372443611233853e-07
0.09035509264549174,0.05605367900367374,-2.943123176980449,1.0454471317598048e-07
0.09035509264549174,0.05605367900367374,-1.492925471210857,9.87255711642909e-08
0.09035509264549174,0.05605367900367374,-2.1128203700545165,1.0303659641379864e-07
0.09035509264549174,0.05605367900367374,-2.6582739542321883,1.0426980677375094e-07
0.09035509264549174,0.05605367900367374,-2.626232013170497,1.042280423025781e-07
0.09035509264549174,0.05605367900367374,-2.856355144893423,1.0447672154151974e-07
0.09035509264549174,0.05605367900367374,-2.326467403959265,1.0367863265563395e-07
0.09035509264549174,0.05605367900367374,-2.570996988510519,1.0414954595778456e-07
0.09035509264549174,0.05605367900367374,-1.7058625509044847,1.0078219529624459e-07
0.09035509264549174,0.05605367900367374,-1.8872627418443884,1.0200132847510364e-07
0.09035509264549174,0.05605367900367374,-1.3416372957629021,9.671879775584248e-08
0.09035509264549174,0.05605367900367374,-2.189188930348105,1.032971519780962e-07
0.09035509264549174,0.05605367900367374,-0.8365516760780709,8.530741977804973e-08
0.09035509264549174,0.05605367900367374,-0.5867244557428251,7.656559697382476e-08
0.09035509264549174,0.05605367900367374,-1.4901471573059866,9.869324182443107e-08
0.09035509264549174,0.05605367900367374,-2.613699562797801,1.0421097466806128e-07
0.09035509264549174,0.05605367900367374,-1.9042388292907046,1.0209562664898609e-07
0.09035509264549174,0.05605367900367374,-0.4523977632571299,7.125357149755536e-08
0.09035509264549174,0.05605367900367374,-0.4888866816131823,7.271930753054456e-08
0.09035509264549174,0.05605367900367374,-1.2544144497474465,9.530798275295923e-08
0.09035509264549174,0.05605367900367374,-2.8011396110227413,1.0442694731133804e-07
0.09035509264549174,0.05605367900367374,-2.564631287081304,1.0413993764995923e-07
0.09035509264549174,0.05605367900367374,-1.5697013735752898,9.955904172907457e-08
0.09035509264549174,0.05605367900367374,-2.1179391092867084,1.0305528775886975e-07
0.09035509264549174,0.05605367900367374,-2.89679779388665,1.0450987146936917e-07
0.09035509264549174,0.05605367900367374,-0.8819035433645341,8.667863002071935e-08
0.09035509264549174,0.05605367900367374,-1.9706765776813284,1.0243685211964408e-07
0.09035509264549174,0.05605367900367374,-2.1780841097390016,1.0326161341760515e-07
0.09035509264549174,0.05605367900367374,-2.945426193296678,1.0454636306772575e-07
0.09035509264549174,0.05605367900367374,-1.7294756204327193,1.009650870413163e-07
0.09035509264549174,0.05605367900367374,-0.14654393755199502,5.952762484566647e-08
0.09035509264549174,0.05605367900367374,-2.5805919117299836,1.0416380250388319e-07
0.09035509264549174,0.05605367900367374,-2.069618247729797,1.0287128070315576e-07
0.09035509264549174,0.05605367900367374,-1.3971484372981755,9.751598809309694e-08
0.09035509264549174,0.05605367900367374,-1.9160688997408222,1.0215957355105429e-07
0.09035509264549174,0.05605367900367374,-2.8737906669123734,1.0449133981871436e-07
0.09035509264549174,0.05605367900367374,-2.123317265061948,1.0307472861017442e-07
0.09035509264549174,0.05605367900367374,-2.09696659386943,1.0297752159527236e-07
0.09035509264549174,0.05605367900367374,-2.3424521412454626,1.0371677852537601e-07
0.09035509264549174,0.05605367900367374,-1.8264852085329926,1.0163789293062516e-07
0.09035509264549174,0.05605367900367374,-2.7105960237463105,1.0433256857231928e-07
0.09035509264549174,0.05605367900367374,-2.9939626320180928,1.0457943516567607e-07
0.09035509264549174,0.05605367900367374,-2.7538870639839,1.0437980549290701e-07
0.09035509264549174,0.05605367900367374,-1.2767816033882093,9.568913165751692e-08
0.09035509264549174,0.05605367900367374,-1.7467372440446232,1.0109383333779783e-07
0.09035509264549174,0.05605367900367374,-2.68432390743092,1.0430186576487609e-07
0.09035509264549174,0.05605367900367374,-1.479023053875466,9.856221173836776e-08
0.09035509264549174,0.05605367900367374,-1.5447032655356363,9.93000179476779e-08
0.09035509264549174,0.05605367900367374,-1.1742276612841693,9.382459257711095e-08
0.09035509264549174,0.05605367900367374,-2.7260289321464253,1.0434987416643404e-07
0.09035509264549174,0.05605367900367374,-1.0952706122956757,9.217394705345775e-08
0.09035509264549174,0.05605367900367374,-2.5149151054175025,1.0406060403210778e-07
0.09035509264549174,0.05605367900367374,-1.6713377135926542,1.0050009811217945e-07
0.09035509264549174,0.05605367900367374,-2.603407962553932,1.0419663967845915e-07
0.09035509264549174,0.05605367900367374,-2.536998490218309,1.0409680342928116e-07
0.09035509264549174,0.05605367900367374,-1.6611539527267567,1.0041342839332334e-07
0.09035509264549174,0.05605367900367374,-2.9834659548363027,1.0457255067638657e-07
0.09035509264549174,0.05605367900367374,-1.5298888079970259,9.914099111178426e-08
0.09035509264549174,0.05605367900367374,-1.713716227440469,1.008439094991753e-07
0.09035509264549174,0.05605367900367374,-2.453582870625482,1.0395141536745188e-07
0.09035509264549174,0.05605367900367374,-2.2441096481844705,1.0346208642855767e-07
0.09035509264549174,0.05605367900367374,-2.7175031781274965,1.043403792212856e-07
0.09035509264549174,0.05605367900367374,-1.372159389515856,9.716633762600308e-08
0.09035509264549174,0.05605367900367374,-2.4645913994915354,1.0397199499319782e-07
0.09035509264549174,0.05605367900367374,-2.689005648914817,1.0430745450182846e-07
0.09035509264549174,0.05605367900367374,-2.782403194012384,1.0440878094631103e-07
0.09035509264549174,0.05605367900367374,-2.7541436209823518,1.0438007354411759e-07
0.09035509264549174,0.05605367900367374,-1.755731273404138,1.0115930423384163e-07
0.09035509264549174,0.05605367900367374,-1.8670500630717375,1.0188504107301376e-07
0.09035509264549174,0.05605367900367374,-1.6807714641635068,1.0057895918655616e-07
0.09035509264549174,0.05605367900367374,-2.640065551756643,1.0424639799743396e-07
0.09035509264549174,0.05605367900367374,-1.9574150318889958,1.0237213525328629e-07
0.09035509264549174,0.05605367900367374,-2.292899875554468,1.0359454583426391e-07
0.09035509264549174,0.05605367900367374,-2.475785386998951,1.039924699749682e-07
0.09035509264549174,0.05605367900367374,-0.5828140590099768,7.641515933782691e-08
0.09035509264549174,0.05605367900367374,-2.64099110035314,1.0424760830319938e-07
0.09035509264549174,0.05605367900367374,-2.27249605777908,1.0354067864981965e-07
0.09035509264549174,0.05605367900367374,-0.5120929401400578,7.364482797977027e-08
0.09035509264549174,0.05605367900367374,-1.3447168031081607,9.676499658826243e-08
0.09035509264549174,0.05605367900367374,-0.2733260869284906,6.411514520339511e-08
0.09035509264549174,0.05605367900367374,-2.165928987538045,1.0322182740667692e-07
0.09035509264549174,0.05605367900367374,-1.56343314046847,9.949517263332862e-08
0.09035509264549174,0.05605367900367374,-1.7771689778573718,1.0131102395258095e-07
0.09035509264549174,0.05605367900367374,-2.9035209003689815,1.0451512890706005e-07
0.09035509264549174,0.05605367900367374,-2.7503919427293964,1.0437614018943182e-07
0.09035509264549174,0.05605367900367374,-1.588935337510744,9.975060991876551e-08
0.09035509264549174,0.05605367900367374,-2.9196082474153533,1.0452742793352749e-07
0.09035509264549174,0.05605367900367374,-1.3482956952835132,9.68183896259278e-08
0.09035509264549174,0.05605367900367374,-2.441816181891637,1.0392892100730376e-07
0.09035509264549174,0.05605367900367374,-1.6748085193593818,1.0052927042075452e-07
0.09035509264549174,0.05605367900367374,-1.2629226424536548,9.54545901989778e-08
0.09035509264549174,0.05605367900367374,-1.1945197626086164,9.421777589638192e-08
0.09035509264549174,0.05605367900367374,-2.685241287192385,1.0430296494770708e-07
0.09035509264549174,0.05605367900367374,-1.66321961680698,1.0043113881348028e-07
0.09035509264549174,0.05605367900367374,-1.825968379513002,1.0163462116541105e-07
0.09035509264549174,0.05605367900367374,-1.3804039833064392,9.72833366902698e-08
0.09035509264549174,0.05605367900367374,-2.3057386716055968,1.0362735904956925e-07
0.09035509264549174,0.05605367900367374,-0.7273864809749568,8.172049034208066e-08
0.09035509264549174,0.05605367900367374,-2.1919222023340104,1.0330578257600434e-07
0.09035509264549174,0.05605367900367374,-1.8650672134077322,1.0187339307459876e-07
0.09035509264549174,0.05605367900367374,-1.905901166293123,1.0210469897950333e-07
0.09035509264549174,0.05605367900367374,-1.177826024879741,9.389521753613038e-08
0.09035509264549174,0.05605367900367374,-1.487575549942164,9.866317724287348e-08
0.09035509264549174,0.05605367900367374,-2.890075486609906,1.045045440404739e-07
0.09035509264549174,0.05605367900367374,-1.2394013798657948,9.504435798878142e-08
0.09035509264549174,0.05605367900367374,-0.20557249901856656,6.158193757964022e-08
0.09035509264549174,0.05605367900367374,-0.02454525352654624,5.592625548172515e-08
0.09035509264549174,0.05605367900367374,-1.2649666048376043,9.548951216756884e-08
0.09035509264549174,0.05605367900367374,-2.086076600576454,1.0293588534674774e-07
0.09035509264549174,0.05605367900367374,-2.5151981512904924,1.0406107802848826e-07
0.09035509264549174,0.05605367900367374,-2.003781589607508,1.0259144636090296e-07
0.09035509264549174,0.05605367900367374,-2.4049110103625515,1.0385490480966663e-07
0.09035509264549174,0.05605367900367374,-2.1358247086881823,1.0311916766545489e-07
0.09035509264549174,0.05605367900367374,-0.7676724118829772,8.309005821526071e-08
0.09035509264549174,0.05605367900367374,-2.7896296997923886,1.0441586759110118e-07
0.09035509264549174,0.05605367900367374,-1.217524869023034,9.46487576377292e-08
0.09035509264549174,0.05605367900367374,-2.631381918677431,1.0423493434805286e-07
0.09035509264549174,0.05605367900367374,-0.5466200729862583,7.500819587810779e-08
0.09035509264549174,0.05605367900367374,-2.6328028671810215,1.0423682368109591e-07
0.09035509264549174,0.05605367900367374,-2.6473766552864793,1.0425589844584695e-07
0.09035509264549174,0.05605367900367374,-1.108758291518789,9.246986620774737e-08
0.09035509264549174,0.05605367900367374,-0.46204810683478703,7.164216527899967e-08
0.09035509264549174,0.05605367900367374,-2.0753236163926903,1.0289390806954207e-07
0.09035509264549174,0.05605367900367374,-1.0954630774900604,9.217821102339382e-08
0.09035509264549174,0.05605367900367374,-0.903993035073996,8.732055306494932e-08
0.09035509264549174,0.05605367900367374,-2.1986625565993148,1.0332687155541482e-07
0.09035509264549174,0.05605367900367374,-2.9938469421618934,1.0457936006788986e-07
0.09035509264549174,0.05605367900367374,-2.7158702365659106,1.0433854230338902e-07
0.09035509264549174,0.05605367900367374,-2.932837971874576,1.0453725199265038e-07
0.09035509264549174,0.05605367900367374,-1.8079720884948367,1.0151870090460703e-07
0.09035509264549174,0.05605367900367374,-2.2602888878385823,1.0350741252781202e-07
0.09035509264549174,0.05605367900367374,-1.107615391500401,9.244501799078008e-08
0.09035509264549174,0.05605367900367374,-2.671109603995502,1.0428580954911842e-07
0.09035509264549174,0.05605367900367374,-2.7040916642317105,1.0432511519942766e-07
0.09035509264549174,0.05605367900367374,-2.617079318933573,1.0421561912674446e-07
0.09035509264549174,0.05605367900367374,-2.9612886127402382,1.0455752424218074e-07
0.09035509264549174,0.05605367900367374,-1.673448594761185,1.0051786221824531e-07
0.09035509264549174,0.05605367900367374,-0.9197661980832881,8.776848372126023e-08
0.09035509264549174,0.05605367900367374,-2.0195065285051226,1.0266152548921997e-07
0.09035509264549174,0.05605367900367374,-1.744377336940795,1.0107647339718246e-07
0.09035509264549174,0.05605367900367374,-2.0645714875832764,1.0285105757178482e-07
0.09035509264549174,0.05605367900367374,-2.4552206978592466,1.0395450540515081e-07
0.09035509264549174,0.05605367900367374,-1.8607930033006885,1.018481364759225e-07
0.09035509264549174,0.05605367900367374,-2.949109500484378,1.0454898616829843e-07
0.09035509264549174,0.05605367900367374,-2.7503989609223085,1.0437614757479224e-07
