Theta,WQ
3.0892439709868356,1.313929124588284e-09
3.063597328237481,8.808983497707631e-10
3.1261146667146917,4.447593627537954e-09
3.072306864557826,9.920546866600886e-10
3.100447378548759,1.6722810368121855e-09
3.047478117987275,7.293515386930399e-10
3.131418885089286,6.766707722931854e-09
3.0838118489405315,1.1901661158389466e-09
3.058256750241243,8.242097058829625e-10
3.0899795199089306,1.332688130329069e-09
3.0872955368745965,1.2666915431649894e-09
3.1211229546470998,3.362808556385148e-09
3.125238722656268,4.209333908895448e-09
3.1025196409606175,1.761069075122134e-09
3.07839122040249,1.0878509682436926e-09
3.1191614915393093,3.0686661738799147e-09
3.0790646661905123,1.0995984598314944e-09
3.1047907179798004,1.8698534189610968e-09
3.1191160930198816,3.0624659515678067e-09
3.0890700443797057,1.3095701427000466e-09
3.10373120939633,1.8174798341990855e-09
3.07089726034163,9.722101272569329e-10
3.076503973343187,1.056223570108097e-09
3.0541701722394694,7.854995365395283e-10
3.0616116852414197,8.58939119380388e-10
3.0457547365418502,7.161582058458942e-10
3.1002646667435982,1.664879492388747e-09
3.0994072492656977,1.6310019398792955e-09
3.050419683439224,7.530194831621569e-10
3.1128086998240216,2.391133802296303e-09
3.099889220816974,1.6498738486854504e-09
3.0701855428129474,9.62487668399802e-10
3.0560065631262785,8.02438521830958e-10
3.100364555939555,1.6689178188664632e-09
3.083713110830902,1.1881312641557241e-09
3.0473045858545715,7.280012925765961e-10
3.1032768637158825,1.7959075876756302e-09
3.1149514936043414,2.5835590124072607e-09
3.101623832346135,1.7215581731579524e-09
3.0699059003545575,9.587203363405704e-10
3.1115931942147133,2.294196209505899e-09
3.0423681617676226,6.915635324301479e-10
3.05387079235637,7.82805107114425e-10
3.1083807992161883,2.0721513525707017e-09
3.090484693883108,1.3458842795488538e-09
3.1189315738149244,3.0375212066491136e-09
3.1220919959842903,3.529961336922333e-09
3.0663334986530333,9.130522602330344e-10
3.063690435500422,8.819554427439989e-10
3.062032418910702,8.63500681623378e-10
3.0599896316121864,8.417922563176268e-10
3.097193626770493,1.549585382515874e-09
3.112990552830623,2.4063450708341958e-09
3.079958071001814,1.1155785488349888e-09
3.062837528292739,8.723651997261396e-10
3.1159894941459028,2.6883499707659153e-09
3.0672479921197695,9.243255526623101e-10
3.12706411503472,4.738291414079762e-09
3.0442723199539947,7.05182307464563e-10
3.130135553120689,6.00870011365645e-09
3.1188326779072137,3.0243181403681625e-09
3.0657076117849296,9.054930540444654e-10
3.0756327738208764,1.0422333301867377e-09
3.0990960753426045,1.6190449933497878e-09
3.122809982060164,3.6649311532701825e-09
3.082753239172765,1.1687051843622158e-09
3.1255721195540973,4.296948124435866e-09
3.1265571818536055,4.578513186764576e-09
3.116684447097585,2.763388773351292e-09
3.0729326164448967,1.0011248126458688e-09
3.0548597714171684,7.917765445609771e-10
3.1030182649653035,1.7838561888372428e-09
3.1222632058245536,3.5612357246795183e-09
3.0992905977173453,1.6264989714243881e-09
3.099484607650672,1.6340018690253337e-09
3.1209010912308375,3.326741018515e-09
3.048514032689592,7.375163783905995e-10
3.064655514815353,8.930628679848482e-10
3.1214835727095407,3.423130817877007e-09
3.094333400256846,1.4556741730984159e-09
3.101676088353771,1.7238143156965472e-09
3.068721530081467,9.430845651704343e-10
3.080740459619045,1.1299578179270811e-09
3.056609290672042,8.081572938549225e-10
3.0952190356854365,1.4835153702183487e-09
3.051252023105293,7.599954965749529e-10
3.0650179249254146,8.973061359553678e-10
3.0501878743970874,7.510992007983107e-10
3.086097758752912,1.239297533671317e-09
3.053330521232371,7.779887891325212e-10
3.1081248652271,2.0562935577288394e-09
3.0537815306616998,7.820052953698651e-10
3.095636330172352,1.4970052613176532e-09
3.0740355749082746,1.0175203859700554e-09
3.059931725206568,8.411926889532233e-10
3.1191275106772713,3.0640229396082247e-09
3.0892458974755765,1.3139775686678514e-09
3.097095117880732,1.5461503911144592e-09
3.123802482104114,3.8694416694537486e-09
3.126131507634736,4.452438903835972e-09
3.109534135378085,2.1467528505170288e-09
3.0478481297712485,7.32247229272916e-10
3.070965573373624,9.731536107940587e-10
3.0445174781722106,7.06974408647563e-10
3.0781537310616347,1.083767647094637e-09
3.1221078156000464,3.5328280162249983e-09
3.0886928403132283,1.3002149833715198e-09
3.1253832082522734,4.246861169036653e-09
3.0835855494418674,1.1855126502248817e-09
3.056460155518174,8.067347551567186e-10
3.0436422233454854,7.006173459029154e-10
3.090636516696639,1.349901282808836e-09
3.098503248542956,1.5967430772337935e-09
3.1110159715702377,2.2508604426884314e-09
3.05810952657718,8.227494783314519e-10
3.0789992057750033,1.0984455008533268e-09
3.0917402694014284,1.379839802990562e-09
3.043228328100614,6.976504597186065e-10
3.0908807193105527,1.3564129308714566e-09
3.065879966004484,9.075622321155201e-10
3.1068680035925476,1.9818092376141834e-09
3.1223645951869186,3.5800187501941077e-09
3.1304002210189137,6.150800374341924e-09
3.1279011807842796,5.028019446399366e-09
3.1164050905923553,2.7327271464296232e-09
3.076692843170727,1.0593060244250688e-09
3.042039991389783,6.892688821982531e-10
3.123577832694067,3.821178500803676e-09
3.1163590509003654,2.727739068876962e-09
3.076149450853508,1.0504855533606644e-09
3.08580651140406,1.2328141230457652e-09
3.1075274268241615,2.020202972080699e-09
3.0859403573477544,1.2357852278308768e-09
3.1033581745336023,1.799730561820557e-09
3.106139664597396,1.9410622917339045e-09
3.0521892300011717,7.680054762051047e-10
3.080107460462824,1.1182958986421078e-09
3.048248564154361,7.35406796371551e-10
3.0680449049997365,9.343775593566145e-10
3.108029952293767,2.05047415869386e-09
3.066354421440326,9.133071254258313e-10
3.0461051784151234,7.188025505442007e-10
3.052924305431953,7.744060819331226e-10
3.0939592357625765,1.4442226485296497e-09
3.0713084350248594,9.77916591399506e-10
3.0419541345872356,6.886710362528634e-10
3.0982630238460502,1.5878795585592849e-09
3.1000950545924844,1.6580669094276863e-09
3.070005133258612,9.60053834695707e-10
3.129918000702617,5.896720534711241e-09
3.0879462627645697,1.2820863909630391e-09
3.0451262810820263,7.11464019255241e-10
3.1205742530548837,3.2749949913601577e-09
3.116534260072546,2.7468195832697193e-09
3.0627504315685146,8.713975210075609e-10
3.1056100986019053,1.9124709913788325e-09
3.113615159606759,2.4600964909972193e-09
3.1236668669125733,3.840161715698946e-09
3.0522224684902968,7.682926305091533e-10
3.0596925234200123,8.387249403907335e-10
3.1011029195937376,1.6993860724805785e-09
3.1147466453524166,2.563835824060395e-09
3.107245561919673,2.0036115669252986e-09
3.0561482876064296,8.037759877341487e-10
3.044785070381111,7.089408304808282e-10
3.061245813318672,8.55011117797185e-10
3.0470006731358765,7.256484618434591e-10
3.094326392295671,1.4554580254991533e-09
3.1291824712418745,5.547199629140611e-09
3.0754666207257557,1.0396069428317038e-09
3.0481743849636174,7.348194583967075e-10
3.0704130055710834,9.655738322663224e-10
3.05331283789071,7.778321424641611e-10
3.0509064041665788,7.570832867813108e-10
3.115347655352034,2.622575507681821e-09
3.1021443661039254,1.7442987520684374e-09
3.0883905208930895,1.2928127411706244e-09
3.1141293974343216,2.506184566333574e-09
3.104796219041929,1.8701332140909773e-09
3.1086582570912724,2.089621100194627e-09
3.0607506211547855,8.497512401243679e-10
3.0589748841504862,8.314069015538471e-10
3.0837923238947367,1.1897631816388664e-09
3.0562694208585204,8.049226457475699e-10
3.0856241938549984,1.228789886528946e-09
3.0661207343296484,9.104685399358481e-10
3.1268445238817426,4.667730983098269e-09
3.0792968942241132,1.1037082292972785e-09
3.0557605770195426,8.001275909064714e-10
3.130536893333897,6.226843439761795e-09
3.0589802806466437,8.314614582766379e-10
3.0509721287866762,7.576353812085416e-10
3.069588969266215,9.544859693461138e-10
3.056594498614635,8.080159760450008e-10
3.06775485281729,9.306938635178916e-10
3.07140343926181,9.79244595265043e-10
3.088615920604489,1.2983236110448138e-09
3.0498352713854735,7.481968265040373e-10
3.065961652589042,9.085461985061038e-10
3.1196649026559595,3.139139108862701e-09
3.0604676632402588,8.4677445937818e-10
3.0947771607884187,1.469492834815404e-09
3.0598971940529407,8.408355544056769e-10
3.1019781932948582,1.7369742491196521e-09
3.113078082251778,2.4137357013679895e-09
3.0591139928117568,8.328155171555431e-10
3.062205071279908,8.653865276085485e-10
3.1016979701867347,1.7247608141233407e-09
3.103854353327697,1.8234161128345392e-09
3.0674970717859145,9.274441772175109e-10
3.124159085966007,3.9486076824453085e-09
3.0856503699830755,1.229366052793361e-09
3.069261166571159,9.501453236730561e-10
3.0910083859905844,1.3598421598984084e-09
3.0517120845845405,7.639066628095654e-10
3.130576311272657,6.249125726458306e-09
3.094233894361206,1.4526110876806212e-09
3.1027461634019096,1.7713486740454488e-09
3.0544656018671876,7.881765198415274e-10
3.046501207247588,7.218142711280686e-10
3.1177241067569064,2.8838044470310355e-09
3.0434403976220286,6.991675016371712e-10
3.1004208569515086,1.6712025895254704e-09
3.1298815664858757,5.878373651669833e-09
3.0904497658769303,1.3449635086873078e-09
3.092166860653425,1.3917687569035279e-09
3.1278557403866833,5.011385156147807e-09
3.064282953709688,8.887421369919536e-10
3.112342476486743,2.3529999145089916e-09
3.121324220155742,3.3962105204277496e-09
3.1234892559870393,3.802478098889928e-09
3.0522729540936138,7.687291940250952e-10
3.060740601617443,8.496454772773002e-10
3.0449996518557216,7.105255461434247e-10
3.106756809451588,1.9754783175963147e-09
3.086539308956598,1.2492575123846874e-09
3.060254984537217,8.445506362438113e-10
3.056777691223136,8.09769596734888e-10
3.0567335570110092,8.093464290393408e-10
3.12432137410017,3.9857179266237e-09
3.0823187508528305,1.1601185402721023e-09
3.1064596411680334,1.9587554049838572e-09
3.1093426104096453,2.1339950616895526e-09
3.082776404825315,1.1691665574163547e-09
3.116053941288812,2.695137003684419e-09
3.1039159707232407,1.8264010013198857e-09
3.125530392501289,4.28578346355943e-09
3.089858500604792,1.3295650960337104e-09
3.0517175070713605,7.639529996550278e-10
3.096128764539401,1.5132425130258894e-09
