Theta,WQ
1.2529086499442639,3.977853405003312e-11
2.125992228879826,5.176152344350354e-11
0.9884794001828412,5.368115614235222e-11
3.105584664381821,1.911118952714308e-09
2.3300320809547603,6.994270455435382e-11
2.2131426292515926,5.842025435959027e-11
0.3096093548795349,2.154663395288288e-10
1.6922804717543558,3.518751181761691e-11
1.661447628253501,3.484783186134834e-11
1.7216697820094127,3.5604738720504254e-11
1.7680477733354762,3.6451521224099836e-11
2.103928472987367,5.0293864214187094e-11
3.1278992889260735,5.02732469468101e-09
1.4636447729915412,3.501719026345011e-11
1.1197708344269837,4.5514319535400347e-11
1.014529251118077,5.1834886012879234e-11
3.1238652539663616,3.8831460602996354e-09
0.47076560769890413,1.3617275994266175e-10
2.4503351216386453,8.604684540658469e-11
0.4880846210640641,1.3067002465011866e-10
1.1832868644714043,4.2488455130310525e-11
1.7666289615844772,3.6422153129387234e-11
2.7926891586378018,1.8961201601745768e-10
2.7013531303369933,1.4688002595651162e-10
3.053986611941196,7.838453088293024e-10
0.17056929214644131,3.9974147163930477e-10
1.4949027040530793,3.472047943133502e-11
1.6625212531507507,3.4857984257157246e-11
1.270228838802616,3.919715288552692e-11
1.2251861238146178,4.078483750040446e-11
1.5021027286161224,3.46665855191891e-11
2.711168136308017,1.5063200461608262e-10
1.175350031725494,4.283671300002881e-11
0.3484226191278785,1.898941455335711e-10
0.6488407315641046,9.313230416475359e-11
1.6472676382114244,3.47250374685123e-11
2.9679158877457286,3.924504172940811e-10
1.650999890458934,3.475532352686375e-11
3.0088991347686767,5.158007752284649e-10
0.27914424673407745,2.40377552803057e-10
1.3246500896098496,3.759977034320143e-11
1.6539341914835095,3.4780154262847774e-11
1.0957739039467476,4.68052205460079e-11
0.7980452969309504,7.150723258316278e-11
0.036010602128408786,1.9109801625683712e-09
2.986198898336361,4.3949820212879374e-10
1.3559803340400325,3.6833419813547913e-11
2.9515169080534887,3.5788586792325244e-10
0.1964478973950075,3.4599607870831085e-10
1.1856839648979307,4.238489996337475e-11
0.518323109360824,1.2190850092845382e-10
1.6454497925804898,3.4710811845867694e-11
0.8271247305550782,6.820669112596164e-11
1.4898576868560194,3.476145960494714e-11
2.342784655229628,7.141748799521001e-11
1.343889001283218,3.7116160127300004e-11
0.5392461751728698,1.1639781581933985e-10
2.75801708803552,1.710786834530105e-10
1.3587026566035676,3.6772000780089515e-11
2.239864037368291,6.076693165425001e-11
0.7465558613155663,7.799813707875791e-11
1.994766786628583,4.4157795374116937e-11
0.37054850324149474,1.7764843368761433e-10
2.048304123082968,4.694376597808741e-11
2.1747707506134213,5.5310232776695446e-11
2.6962700215799305,1.4499938801481323e-10
0.45880279000903923,1.4020590563320054e-10
0.6614169307708488,9.09392617791471e-11
1.6057164854272266,3.4485629119748455e-11
0.2236709499586632,3.027434036204729e-10
2.016778512082598,4.5253621749182536e-11
2.157769468429885,5.402402638950487e-11
1.5222270781462932,3.454452154353379e-11
2.702627013672798,1.4735788789258842e-10
1.338192790837113,3.725501068390367e-11
2.5952213737465017,1.1461353795454133e-10
0.8687052526967042,6.388996701555244e-11
1.2585070144971728,3.9586680087673983e-11
2.7132425482897022,1.5144613245143666e-10
1.9891468206741965,4.388878876091327e-11
2.6128307756476468,1.1910696526463526e-10
1.9289029983759918,4.126957116851143e-11
1.2298606791780187,4.060852598297152e-11
0.8846126563203467,6.235363316973722e-11
2.2449647047581043,6.123276295754075e-11
2.29982699026827,6.66350153216257e-11
0.36387230463516157,1.8119147985067477e-10
0.36373677880224736,1.8126470616967679e-10
2.3756056519947517,7.544476905443753e-11
1.3805350046220852,3.630896204662364e-11
2.0538925574459626,4.725867020162677e-11
1.9709071742608557,4.304527224679534e-11
1.4634519116228695,3.501933863819592e-11
2.957570347314799,3.6993488863729217e-10
0.13676207442624377,5.002742421542875e-10
1.0114585958937894,5.204629062435562e-11
1.8550930248719164,3.868347760675078e-11
1.076688955910272,4.7892983506142975e-11
1.7477769305698811,3.605277989988745e-11
2.1612339760458226,5.42817361535365e-11
0.9366088198950137,5.773407353322791e-11
2.074951848667558,4.848809605714351e-11
0.6700173039586375,8.948561794910505e-11
0.47351192520973984,1.3527445417023655e-10
0.3513317268572798,1.881988126461968e-10
0.8414967581164877,6.666336152869796e-11
2.926446595263294,3.151264148429064e-10
0.6053119174219254,1.0140240374222745e-10
1.1949945864896905,4.1989776753845586e-11
1.3253245577079693,3.7582110208975e-11
0.9868335186045333,5.3801899535953656e-11
0.8947607626991718,6.140476451237268e-11
3.1255978715390063,4.303867497261955e-09
1.4212188930335632,3.5584402511331806e-11
3.119069851177414,3.0561762455660407e-09
2.1997598596590793,5.7301927262576723e-11
0.6148733467633964,9.948903136362464e-11
0.323352476363378,2.057292648319322e-10
0.689691382506871,8.629332770562025e-11
2.2112757476743496,5.82620214533787e-11
2.2485215205766975,6.156109694910907e-11
2.941916066549727,3.4025802516709753e-10
0.49341658173254666,1.2905047299251098e-10
1.780010558365724,3.6707929010051894e-11
2.70546606480356,1.4843252457978594e-10
1.6798437767621475,3.5038479216942944e-11
2.2711503890796547,6.371923427746357e-11
1.3078893432645466,3.805525963317843e-11
1.459360647450772,3.5065834436707523e-11
1.1629282418626419,4.3398536324693886e-11
2.4138350661256545,8.05982610227694e-11
1.1620886027664548,4.343725770563374e-11
1.6892719392652207,3.514996487477657e-11
1.1613013492381496,4.3473649532154575e-11
1.6928901127142,3.5195236653096616e-11
0.4055572645756812,1.6091832620777366e-10
1.7010160319791354,3.530195328792767e-11
2.3426959717659517,7.140706434382317e-11
0.330518457880702,2.0096488816645107e-10
1.573537295346108,3.442303447113944e-11
1.7767188354155417,3.6635804500896755e-11
2.0732173925378428,4.838424954276337e-11
2.7175133272514627,1.5314635458681538e-10
0.9132590113472026,5.973529889098854e-11
2.7531049405656858,1.6871198583737435e-10
0.9749800505412932,5.4686256812821123e-11
0.9490435760667081,5.671451621851097e-11
1.7111472721949637,3.544480665781439e-11
0.4303008634740111,1.5068032253741584e-10
2.2360131655893727,6.041911522129853e-11
1.2548951752831468,3.971002403211567e-11
0.12604349468908638,5.433243319054972e-10
0.03986691698029206,1.725963345331719e-09
2.9547706937136593,3.642663324837233e-10
1.6852885449179515,3.510172019783926e-11
2.2800115213682015,6.459799220593444e-11
0.9040551571709826,6.05563990319275e-11
1.4491454706778195,3.518962033623796e-11
2.0737905620632096,4.8418514691558064e-11
2.699182150621215,1.4607173452826652e-10
1.0238838538068649,5.1200862913249054e-11
2.8770948780884638,2.5434778553634025e-10
2.3633622932762934,7.390199291995076e-11
2.2687127025804616,6.348087374795978e-11
1.8546887261667422,3.867111009929173e-11
0.5608216182146762,1.1112833077520282e-10
2.0454701242391016,4.678586034731664e-11
0.2038395531686829,3.331246432138691e-10
0.24359346989161132,2.771357853187808e-10
2.7938257936940345,1.9028009827248025e-10
0.5038212239201015,1.2598472071032793e-10
1.2968496590368817,3.8372873261409524e-11
2.818615515635955,2.0598447734952834e-10
1.972734006173554,4.312774143613442e-11
0.5264201332801228,1.197261826427299e-10
2.014443899843299,4.513416818287462e-11
1.419441458222037,3.561233842737307e-11
0.5675506211655214,1.0956346972181533e-10
2.1813509919585172,5.582280370098835e-11
0.16757293999923203,4.070255109352912e-10
1.2399387500788217,4.0237599652613746e-11
0.38297922796334266,1.713699912578216e-10
0.7763567165431677,7.413489055314968e-11
1.4048934626234348,3.585371046975089e-11
0.6195846100806771,9.856717364673322e-11
2.7580524467224663,1.710959315903605e-10
2.318506624480402,6.865058273005165e-11
2.964421316975937,3.8455383240221566e-10
1.1410881074567762,4.443692685236235e-11
3.0077229234783553,5.112156681458226e-10
0.43638064842755486,1.4833581078653236e-10
2.5229177085095786,9.874411430581951e-11
0.3013620262204649,2.2172465694296893e-10
1.629193681976531,3.459888170799398e-11
2.1456349525953207,5.313874710450197e-11
0.6127926488925471,9.990051166792168e-11
0.8011251907785432,7.114591048999654e-11
0.5297305921496925,1.1885234501187556e-10
0.16803614160148825,4.05882659076728e-10
1.887219785077968,3.9727990850518755e-11
0.4512638416090165,1.4285285239868327e-10
0.691542447601008,8.600212272055328e-11
1.3868908383060634,3.6183967197490826e-11
3.0805021158076684,1.125538411682779e-09
2.0799237952409393,4.878839621405302e-11
1.347956206061822,3.701923738934212e-11
2.4401455090853466,8.446956888342312e-11
0.4015150302546334,1.6270619051196352e-10
0.5038532602087772,1.2597546841179942e-10
0.5361174101260652,1.1719566961601626e-10
2.053442235887535,4.723312079820905e-11
1.8380019636893055,3.817726124584397e-11
1.5685246426434993,3.442291300908407e-11
2.161123908774209,5.427351449170685e-11
1.1511909823659523,4.394847844316851e-11
3.117654078671947,2.8753651767675165e-09
3.0744683618967397,1.024100767801379e-09
0.07314978958055579,9.394791358132363e-10
2.768355997360093,1.762564686101784e-10
1.1055845247313203,4.626728431559468e-11
0.6257679060405056,9.737760176070837e-11
3.0235538162884743,5.805455525304992e-10
1.8646207821189629,3.8980483881617425e-11
1.276934662536609,3.898166473072304e-11
1.192315436460793,4.2102321880626527e-11
1.404400009859635,3.586229619706926e-11
1.929637167512479,4.1298660138342595e-11
3.037737805140297,6.605237909196546e-10
3.068624124480394,9.418211897468005e-10
1.0456363021636805,4.978353622242663e-11
1.0395310241733955,5.017342401602206e-11
0.21802005314165035,3.1084508700274834e-10
2.9654749538890077,3.869020244648833e-10
1.4165368918227095,3.565871652998819e-11
2.6806258139574988,1.3946144928206996e-10
0.6238026652870113,9.775321743208598e-11
0.06535448668735774,1.0519156084416533e-09
2.9263748132274943,3.1501811000322954e-10
1.5199327258501054,3.4556315597123273e-11
1.5754264488850425,3.442375348567113e-11
2.7632364350996044,1.736583882989454e-10
2.5518229595846322,1.0463987160216745e-10
0.39766141435885904,1.6444323626968317e-10
1.4638074853096945,3.501538077283708e-11
2.373824082855586,7.521717635766462e-11
0.18563397194810005,3.6665103143826536e-10
0.18520336744321095,3.6752287562307754e-10
2.601192072162865,1.1610566972020215e-10
2.958268603320403,3.713753610683299e-10
2.3262699169304,6.951674712607032e-11
1.5674202718802144,3.442323506170555e-11
2.2204227267693915,5.904431698114757e-11
0.40727299678704987,1.6016980401068877e-10
0.38936943751136227,1.682932696509205e-10
1.7511080112234358,3.611523554330674e-11
1.495251966012835,3.4717740572112496e-11
1.5751617412846135,3.442363053429373e-11
2.5288908136253045,9.991853142139887e-11
0.8551589606587884,6.524714287304747e-11
2.493164170831292,9.320558929704769e-11
0.835628839090048,6.728672515582535e-11
1.361147372706367,3.6717543523368864e-11
3.0615673613242222,8.584613497186494e-10
2.1940715847529986,5.683767352350052e-11
1.2840612878089275,3.875847229658792e-11
0.795227804466805,7.184029245463442e-11
0.6961418027261443,8.52851391052089e-11
0.042489647464154866,1.6193094048547328e-09
2.7142443742139766,1.5184203157839173e-10
2.425204284684525,8.223664105419673e-11
2.4776315036538237,9.050541824476936e-11
2.4232342884446285,8.194907282579782e-11
1.3492425939995458,3.6988966253547244e-11
2.9372366977359157,3.322597810623808e-10
1.7393921197912747,3.5900884550139854e-11
0.20971474148617217,3.2353323589894e-10
2.3113027207209056,6.786196820159937e-11
3.052278542889063,7.687775522075115e-10
2.455495582433636,8.686317202883482e-11
1.6182612331098472,3.4539039200744507e-11
0.03239261819919787,2.124595829091877e-09
0.21973068963521566,3.0834921105032e-10
2.5279390048896584,9.972991367179543e-11
2.749905628970026,1.672013627717286e-10
1.4434510015264543,3.526340594835561e-11
0.1375226200861562,4.974731531900328e-10
1.5615871108580281,3.442702570129598e-11
1.211872850153409,4.130193857379107e-11
1.476516600846668,3.488262772243389e-11
2.989356746642877,4.4875907123291105e-10
0.47331298361730473,1.3533919120981483e-10
2.7372811242907087,1.6146563758866822e-10
2.6248423240677665,1.2233998920729583e-10
1.1673675813021016,4.319538328243372e-11
0.41556499465053265,1.5663620131491005e-10
2.3226836949076914,6.911449818726471e-11
0.9770936570516889,5.452664917404342e-11
0.6134267034910537,9.977483568547697e-11
1.8310580054583354,3.798123773722099e-11
0.02228166906290257,3.0892614631649213e-09
0.040131207569669806,1.7145846549875315e-09
2.1003787349770904,5.0065343300191465e-11
0.5666997834105197,1.0975936832138907e-10
2.252266134169319,6.190990753522988e-11
1.9860249833096326,4.374122407439345e-11
1.6658833679038645,3.489055705654686e-11
2.191022636577529,5.659150530127295e-11
1.3984822494623501,3.5967305897620045e-11
1.2001243395838561,4.1776869835362636e-11
1.4527939044824805,3.5144146304086686e-11
1.4354438995722836,3.537296424928635e-11
2.40359689602681,7.916576877951316e-11
2.7377334717103228,1.6166518063654532e-10
1.4696841405303478,3.4951890985778916e-11
1.9859610702342356,4.373821686046865e-11
0.8822078245556173,6.258201208469238e-11
0.1642561500494365,4.153956505347866e-10
2.2212958838666226,5.911992194912511e-11
1.6475866894990556,3.472756972672982e-11
0.3230743349740102,2.0591833258725475e-10
2.896076496343259,2.7488081435677406e-10
2.440214270936255,8.448006180627155e-11
2.414940041211534,8.075526520121748e-11
1.3272843472920093,3.7531087774277823e-11
0.13775806613737515,4.966122373805908e-10
1.3476616862689816,3.7026193927079435e-11
1.5653361544987232,3.4424185948993066e-11
0.488233443804839,1.3062436107137888e-10
2.7343901501963352,1.6020043844658133e-10
0.956723362197321,5.610031078437953e-11
2.726353879115951,1.5677265066040302e-10
2.2080417635819,5.7989636529971576e-11
0.05798993227887146,1.1858644886050337e-09
2.976150429465029,4.1236429828441664e-10
1.3123233321632493,3.793164072623679e-11
0.4497332554630225,1.4340064119517372e-10
2.669365185276096,1.3569334655948675e-10
3.0679409079795588,9.330534548231924e-10
1.969386253998362,4.297695204729781e-11
0.3902446315699421,1.6787946054358806e-10
0.34044327371977917,1.9468841044988754e-10
1.9992811917500715,4.437703083353685e-11
0.8459319644615978,6.61982728629016e-11
2.181453583031565,5.5830861431223964e-11
1.0010865863172618,5.27725654878077e-11
0.7591995730433876,7.632173372704152e-11
2.814705893152448,2.0335407728002503e-10
0.2825198852001675,2.373589111324638e-10
1.321504755673298,3.768280836928934e-11
2.7890684462329633,1.87511713174077e-10
1.8687290882798155,3.911185204739092e-11
1.6111646741737715,3.450682375086893e-11
1.0980522362690353,4.667902504890238e-11
2.1719473379494407,5.5092852796414585e-11
2.352029294580821,7.251727824057057e-11
2.8428544359564047,2.2378631427461385e-10
2.2767526347260763,6.42725481557577e-11
2.2028920307555357,5.7560362121639425e-11
0.10910496178676475,6.285059700719108e-10
2.1096369781042497,5.066573298181866e-11
0.5693698707263224,1.0914648559255578e-10
2.634612574148226,1.2507780952503254e-10
1.1080524477370854,4.613419334502679e-11
0.30812418179184664,2.165692183669138e-10
0.23813854459370992,2.837281882081238e-10
2.8312117890735196,2.1489748149091708e-10
1.3817521546298017,3.6284684652766e-11
0.8032228627101777,7.090145340749281e-11
1.2434306543997615,4.011198897048862e-11
1.6184965780678637,3.454019693934995e-11
2.3500801699326153,7.228320797632332e-11
2.4849194681619866,9.175689716664594e-11
1.3292723738089138,3.7479774032511625e-11
0.770197009897327,7.490866217729844e-11
1.233978621230341,4.045545157835468e-11
3.1286330773927085,5.312013143623783e-09
2.979425626386469,4.2084191849246006e-10
2.2170633915056013,5.875495435828525e-11
0.9557549611882722,5.617711893531974e-11
2.0378831708312717,4.636899896955927e-11
2.7608097603374797,1.7245048762916804e-10
0.2631036617721982,2.557569119089645e-10
1.6172716877819333,3.453423409907381e-11
1.4936404090025923,3.473048411515583e-11
0.5926234981409513,1.0403318863065897e-10
2.0530569343304452,4.7211284655874896e-11
1.432729578940492,3.5411647008458404e-11
1.3734887292368188,3.6452688034449974e-11
1.290024220797662,3.8576302934352564e-11
1.3303319967622915,3.745260607496037e-11
0.2750979156717418,2.440914329621536e-10
1.1448429320181364,4.4253747055004616e-11
0.7070057059680805,8.362798813426583e-11
1.3871032998150308,3.6179864839730193e-11
0.2197442459774108,3.0832958486273e-10
0.885582836293359,6.226188358608565e-11
0.3781533499053561,1.7376004643598448e-10
0.7278452231542024,8.058582926420176e-11
1.8109826221815115,3.744549845779877e-11
0.6473890475936748,9.33907704772317e-11
3.014872361559339,5.403918291987445e-10
1.1423975140487168,4.4372825487951155e-11
2.2282265683413978,5.972585603668765e-11
1.662456944057324,3.4857372744647295e-11
2.5704747309509166,1.0874822048051017e-10
1.744348099206718,3.5989746561461364e-11
1.1870899871636271,4.2324508875197736e-11
2.4817955381934604,9.121716968763074e-11
1.1971559312213005,4.189965880209204e-11
2.975739952828005,4.113252203611092e-10
0.8731632624561567,6.345326485781136e-11
2.5588575338517296,1.0615969711334683e-10
0.06655630464530499,1.032866483127574e-09
2.781403224315856,1.8320035039670032e-10
0.8411653974330711,6.66983177823245e-11
0.38160890094520816,1.7204272021341798e-10
2.127708209330728,5.187914323614252e-11
0.4314477155026575,1.50233209873618e-10
0.15541956827650646,4.3942404059756383e-10
2.561920075636464,1.0683242319706221e-10
2.61618704573044,1.1999608951755172e-10
0.05846603819854786,1.17618593256248e-09
2.386879880877469,7.6910172116411e-11
0.9336475870014896,5.798152559950286e-11
1.5782967556009515,3.442555133289509e-11
1.8219193140712364,3.773167602866133e-11
1.8678488697917677,3.9083537876577986e-11
0.25224439741492277,2.6725571342613395e-10
1.11808433147266,4.560231012511644e-11
0.6141965594235007,9.962257855577168e-11
0.7204113232596578,8.165105021449226e-11
2.2549523149795796,6.216212720596565e-11
1.3019650130770692,3.822395486584548e-11
2.6646921637121777,1.341797415621172e-10
0.5778289358894964,1.0724070197739335e-10
0.07557527474331464,9.092186745932646e-10
2.088837380431588,4.933657087400396e-11
1.1824752110722745,4.2523689178065034e-11
2.405405474048721,7.941593443715111e-11
2.6447083737719725,1.2801505007122758e-10
1.8163522437631692,3.7584310705919025e-11
0.12977497239695393,5.275347865163619e-10
2.2461417314856056,6.134109569806175e-11
1.6393184538418828,3.466536777903805e-11
1.956953991922766,4.2429964842520426e-11
0.5845614013274502,1.0576175218919468e-10
2.0513719779375053,4.7116056169624234e-11
3.047726135430877,7.312899933804157e-10
0.16307708920883301,4.1845240985392923e-10
0.5462266033515797,1.1464932455850678e-10
1.705715928616155,3.536686822932373e-11
2.35429177664418,7.279046711726371e-11
1.2801294322428536,3.888087151656401e-11
2.7510532408406863,1.6774048510028732e-10
3.0402049865143193,6.767109367391669e-10
1.1552220206411312,4.375749707737907e-11
1.5911073524407484,3.4443949708785584e-11
0.39320659770987265,1.6649217376951407e-10
1.8133264088762813,3.7505687804379127e-11
1.0494322302474162,4.9544188779864406e-11
1.2238829138456422,4.0834475494551935e-11
2.492852959439818,9.315025714965121e-11
0.4932808248080222,1.290912923026294e-10
2.619903833927035,1.2099349598799597e-10
1.1510602586439234,4.395470898475682e-11
1.9740359058382893,4.31867853310265e-11
1.9854914363703409,4.3716136856976606e-11
1.035038513589049,5.046423541285663e-11
1.3472708973961929,3.703543925605877e-11
0.49171655285929505,1.295631937868862e-10
0.9357778392714948,5.780333088914497e-11
1.328205213136033,3.750726340785552e-11
1.0913342104516248,4.705335701631937e-11
1.6391500506546923,3.466417480281794e-11
2.811078553499012,2.0096772444604278e-10
3.035777477274081,6.481984172027773e-10
2.3872426418276786,7.695805531949534e-11
0.3178483120441207,2.0953057822386067e-10
1.8634172531540403,3.894237723221825e-11
2.519175604704413,9.801942541916749e-11
1.4937795434579537,3.4729373224345405e-11
2.950370206114019,3.556884395376501e-10
1.1992847112762361,4.181148647154279e-11
3.1188789719119407,3.0304842958571013e-09
0.9774030523243525,5.450335567443652e-11
2.4163862052368,8.096146586796898e-11
3.089150787539935,1.3115901507818187e-09
0.19229736362039945,3.536521064311084e-10
0.9366457738045725,5.7730996942228754e-11
0.4011888888162476,1.6285195503919997e-10
1.7746175115053104,3.659038704723064e-11
2.7734626886527605,1.7891758538093563e-10
0.05513483598846629,1.2474073324931042e-09
2.6317187484660947,1.242564331373519e-10
1.023233757463765,5.124444068784727e-11
2.2116155260615584,5.829076606444579e-11
0.33581243699883834,1.9757212336806868e-10
0.44748518336564014,1.442117340555967e-10
2.815345346884164,2.0378010877428875e-10
0.7010732432747001,8.452664989693674e-11
1.9955173361755723,4.419404974597264e-11
1.3269829413998053,3.7538906487781113e-11
3.0409349600414557,6.81651884322629e-10
2.6782636464319305,1.386564530964897e-10
1.1408485647196989,4.4448679293400245e-11
1.7045263970091447,3.5350216985061036e-11
1.334914768161274,3.7336564799895954e-11
2.9014902970889755,2.813209533662795e-10
1.9983738491947,4.433274088648379e-11
1.568242498981888,3.4422983308299803e-11
3.0346434282695185,6.412737550097593e-10
0.6215310498888087,9.819024586001213e-11
1.363193239690919,3.6672478133689974e-11
0.8285178288918558,6.80546279093851e-11
3.1189343821185513,3.0378978109088858e-09
3.08057484374178,1.1268832880899613e-09
1.6457555621831033,3.471318058044195e-11
1.5272693189280424,3.452051866490547e-11
0.5801135504737037,1.0673513789582399e-10
2.3243414470925736,6.929998329078778e-11
2.9206730323940695,3.0663696163034335e-10
0.7127201634883695,8.277629076040517e-11
2.8901474515670715,2.6814046574999853e-10
1.9574467309059036,4.245125723784064e-11
2.295986754865035,6.623228870649915e-11
1.9384808382362544,4.165443319042512e-11
0.030783929922086575,2.2356974089442866e-09
1.6511110588901456,3.4756247893380675e-11
1.6833572541773059,3.507893119930029e-11
3.0521279817512865,7.674768970588739e-10
1.6004004842427109,3.446790879602224e-11
2.843849676268246,2.2457759772035103e-10
1.8889755975251068,3.9788630476140673e-11
2.8765619058910534,2.538129135579711e-10
0.8734181038401998,6.342844702065879e-11
1.9178822703585807,4.0841062887227376e-11
0.4489599798973078,1.4367875536429218e-10
0.7593357130875127,7.630398851392348e-11
2.1835006548858518,5.5992071715786066e-11
0.22959125326709112,2.9467704226881746e-10
2.178744018283187,5.5618731903139906e-11
2.9958575176512556,4.690776009623127e-10
1.48551271714932,3.479888073477227e-11
0.7715830001073488,7.473346425759483e-11
0.6327682373924275,9.60579405048115e-11
2.9627776268406283,3.8094533759399473e-10
2.223769587971026,5.933500265716427e-11
1.0864796433234256,4.732806772988484e-11
1.702500734101319,3.5322206903098914e-11
0.6343020112618658,9.577256150967985e-11
1.1179958639275471,4.5606937053568734e-11
1.8214978027533457,3.772039505924088e-11
0.36022437004372043,1.8318110467987582e-10
0.3758748795586381,1.7490907809386997e-10
0.041341720079805876,1.6643258094414212e-09
1.5644497782806326,3.442472631810437e-11
1.2653475290543292,3.935736915098083e-11
2.053597067986419,4.724190188529505e-11
0.07695684840025939,8.928332420549286e-10
2.1386568134202935,5.2641686345090164e-11
0.514618773053868,1.2292880540614755e-10
1.5629006782859043,3.442586552629966e-11
1.8499194207913954,3.8526658147043223e-11
0.16386455017752363,4.164060501089406e-10
3.131162696762383,6.600487221474949e-09
0.44925611628421647,1.4357213919397988e-10
1.7445101326794734,3.599269664829513e-11
1.5702711430253877,3.4422660790693805e-11
2.8374877449039175,2.1960654657521255e-10
1.431056581699657,3.543587950456434e-11
0.7797980330990505,7.370800255226573e-11
0.213277295014369,3.179713052071317e-10
2.0079380803463214,4.480535687803248e-11
1.1468112651029259,4.415849995885718e-11
2.767934938861767,1.760401926647513e-10
0.4921806769529408,1.294228795122926e-10
2.2274956569547846,5.96614636067644e-11
1.3089260525015227,3.802615437461035e-11
2.130119683264804,5.204529717606281e-11
2.711060347814601,1.505899078551213e-10
2.8050318456160324,1.9710087872021944e-10
1.6690668778575863,3.492249017902317e-11
2.8100759663695265,2.0031709737268117e-10
0.736609719864942,7.935737829568397e-11
1.3220290684046307,3.766888832322109e-11
0.2873644662546264,2.331478926194452e-10
0.08138740480616567,8.440322595749287e-10
0.49742798530390214,1.2785395840778562e-10
1.0720895409044229,4.816344396341748e-11
2.7542181760102835,1.6924327013655515e-10
2.003416561793619,4.4580337151905597e-11
0.5288562145283461,1.1908213025850942e-10
0.4059064980172344,1.6076547207857805e-10
0.8391913397410893,6.690717283448283e-11
0.45523040815600696,1.4144969380229497e-10
1.072626718016215,4.813168746504466e-11
1.5851808386072845,3.4433330902354904e-11
0.5419385257751745,1.1571831318026791e-10
0.40654168942246405,1.6048810710661257e-10
0.1600248179257361,4.2657301222667444e-10
0.1483824507258855,4.6058989868607677e-10
2.7582001267034295,1.711680038063089e-10
2.3477101096274344,7.200017420895594e-11
2.0913825533407873,4.9495429233181014e-11
1.7625902954361021,3.63397623045497e-11
1.1599460422823102,4.353649629238236e-11
2.775520042885047,1.8000996902226244e-10
0.09902559056680403,6.929616789041181e-10
1.009760464984767,5.216390554072258e-11
0.8493002923499297,6.584850752257802e-11
2.375622298101347,7.544690061471828e-11
2.0038343798355114,4.460101063267385e-11
0.6270121215216969,9.714097035672035e-11
2.652862696923687,1.3047220771812533e-10
1.4526396258189995,3.514604079316923e-11
0.27883040974359075,2.406618313840749e-10
1.8782691843538812,3.942463707554851e-11
1.262176946298105,3.946295813454581e-11
2.538864226762373,1.0192942027634096e-10
1.0877233847878887,4.725734814852645e-11
2.969855191862977,3.9696993509608917e-10
2.896096408198541,2.749039895749725e-10
0.5451297275465624,1.1492123518549763e-10
0.828392265681894,6.806831172543849e-11
0.8690335300447052,6.385764363153235e-11
2.8007511226350608,1.944439607749729e-10
2.4842660103091223,9.164358576873812e-11
2.0606137009880943,4.7643652666623044e-11
1.8613311405001531,3.887673032283529e-11
1.7711384158701593,3.651625847939862e-11
0.5641333662827267,1.1035369634869919e-10
2.709835085788408,1.5011280235420702e-10
2.9506448218258936,3.5621230985761803e-10
3.050709651587798,7.554353027264517e-10
0.9024239911931304,6.070387899490642e-11
1.3009225160122309,3.825405858377369e-11
2.380317522798376,7.605188887054003e-11
1.288407740781945,3.86252761770422e-11
1.8304933440492326,3.796554110328558e-11
2.1758544070540102,5.5394070690237294e-11
2.352628957469311,7.258952989046305e-11
0.24376740344782238,2.769303541966987e-10
2.2811681426024384,6.471413483377215e-11
1.7800337874879721,3.670844222780148e-11
1.5996929839726124,3.446577078507492e-11
1.285246025276183,3.872194699663423e-11
0.08644686157903471,7.944093277830515e-10
0.35712857619961974,1.8490044838113084e-10
0.32248866187083824,2.0631748358497607e-10
2.995500200100259,4.679141513207874e-10
0.20467549712897226,3.317267770331999e-10
2.1464991849296986,5.320091394685065e-11
2.985502715221174,4.375065733812639e-10
0.46079636995571993,1.395198493331266e-10
1.3843569132372904,3.623327246699599e-11
1.0791844827313277,4.7747602465530426e-11
2.9221462598031716,3.08761350800731e-10
0.9453917591983768,5.701069514633132e-11
1.3024169048202725,3.8210944775443624e-11
1.2063020821204393,4.152494470676736e-11
2.021143200035049,4.5479028778373346e-11
2.5935330884973267,1.1419726818098246e-10
1.363256946406345,3.66710822461375e-11
0.08153206341919382,8.425281253725375e-10
2.838122940811663,2.200937353260324e-10
1.9281993062930811,4.124175366495568e-11
0.13179263171875427,5.193676461084593e-10
0.7745812069996423,7.435664627863966e-11
1.995410160699485,4.418886801653468e-11
0.2022178359134321,3.358690208493331e-10
2.2822037085620424,6.481840684319713e-11
0.765015509931224,7.556932696520585e-11
0.3256973914123345,2.0414778678711774e-10
1.3856486923271667,3.620804966774029e-11
0.42622692649298577,1.5228728720193786e-10
1.1699574050077601,4.307808657501071e-11
1.2951023899080887,3.842443429971851e-11
1.267189707125233,3.929657103423418e-11
1.3701951322671497,3.652173336988226e-11
2.71687278230953,1.5288925416335542e-10
2.9077398420385574,2.891196662626896e-10
2.5561829285281314,1.0557771416189417e-10
1.8242858894887788,3.779538857596589e-11
1.3030184701825227,3.819366210128834e-11
1.4343637312975501,3.538826436680504e-11
2.917744218930923,3.0249547302977313e-10
2.0024116311316096,4.453071320224199e-11
2.4151496651434257,8.078510384677851e-11
0.9757616623620455,5.4627136169673295e-11
0.8495290251395047,6.582486309894071e-11
1.3393229576820427,3.722717280079126e-11
1.2737628707422168,3.9082924919384184e-11
0.14314312101035123,4.776900892430513e-10
2.239465129016317,6.073074764294502e-11
2.739506863298124,1.624516454423858e-10
0.5616058352691201,1.1094410728015964e-10
1.1807795871571218,4.2597575446871734e-11
2.9056004525856536,2.8640422415381234e-10
1.6182193785239865,3.4538833905482165e-11
0.653122899659831,9.23763735714184e-11
2.067043949913621,4.8018430690704016e-11
2.408412920188597,7.983465219393213e-11
1.4556614775471246,3.5109390266416036e-11
2.000443276993529,4.443392214652639e-11
2.5557467415920296,1.0548328560962173e-10
2.7118820469723155,1.5091133465478522e-10
2.3104384401563576,6.776831833930605e-11
0.43246551956556745,1.4983831707702155e-10
1.1519285496728926,4.391336838091103e-11
0.8733400801462732,6.343604371963915e-11
0.7318094496841152,8.00265688256877e-11
0.8275878612924353,6.81560786583191e-11
2.873873407921986,2.511466527373627e-10
3.1099888347862175,2.1776602270899704e-09
0.11238264729999208,6.100282176453502e-10
0.6391064858557076,9.488719892040283e-11
2.876922285201417,2.5417434629484003e-10
0.21994861801278665,3.0803399428061946e-10
1.4047877673678426,3.5855547285503276e-11
1.1752007898093881,4.284334113869802e-11
1.536722597911022,3.448261197853332e-11
0.3411752285181069,1.9423956423346772e-10
0.016994785657994053,4.050575690984177e-09
0.8486809740901052,6.591259546706534e-11
1.370261324681898,3.652033402516733e-11
2.484775354916994,9.173188870971667e-11
1.5109813304080473,3.460754982116975e-11
0.8677757202875158,6.39816357533779e-11
2.072768343687691,4.835744040199182e-11
1.973147922640867,4.314648886394545e-11
0.36270006965102275,1.8182660536810303e-10
3.0421331721879783,6.899188914715608e-10
2.5374877340499,1.0164808424554145e-10
0.27298698445812924,2.4607168876532606e-10
0.6559943689853652,9.187483798103593e-11
2.7889844270702056,1.874634717497621e-10
2.5516112696156696,1.0459467536918065e-10
0.991783902345487,5.3440227101662876e-11
1.3534418781152726,3.6891430414694553e-11
2.038134633509564,4.638267924967389e-11
1.397130546735802,3.5991821962920034e-11
0.5161538119780907,1.2250430069328038e-10
0.35193777518535097,1.8784904758469874e-10
2.4798797339751477,9.088862261191728e-11
0.027076806842174957,2.541971532347529e-09
2.629164180074032,1.235387327635864e-10
0.48243696415970805,1.324228432737236e-10
1.3479407588078027,3.701960201228515e-11
1.699001723967579,3.52748483682362e-11
1.0504575310408069,4.947993990543049e-11
2.7718778097115644,1.7808409072135962e-10
2.9513726896078665,3.5760806146853366e-10
2.594927865638712,1.145409926868195e-10
0.7313370052812943,8.009290342102014e-11
2.7139793424011436,1.517371234545089e-10
0.9454664771912806,5.7004608344797366e-11
0.36310131886633273,1.8160875879682528e-10
0.2189709208955727,3.0945299439654476e-10
2.6232229093874433,1.2189574503797636e-10
1.5954397582077733,3.445400855459487e-11
1.5917260456828126,3.4445267448863436e-11
0.9574043343902104,5.6046410031816564e-11
2.507923540042185,9.589015871253676e-11
0.6407615892667912,9.4585173409956e-11
2.7066544400221138,1.4888634896050822e-10
0.1493827622892982,4.5746051884671665e-10
0.21425094330834946,3.1648297580328837e-10
0.38150697464410144,1.7209294496248685e-10
1.5056070260883525,3.464230615978613e-11
0.04024426930684904,1.7097625459852831e-09
1.2838162649958276,3.8766046853644884e-11
2.9737485145522227,4.063556260546435e-10
3.066321917122028,9.129112437988415e-10
0.5544921360442626,1.1263348762277619e-10
1.8022247961570776,3.722606980334696e-11
0.9312531977144657,5.818293763464355e-11
2.563243968364907,1.0712534947267482e-10
1.1809207759890388,4.259140877791123e-11
0.8856888520082291,6.225187109660664e-11
2.864231136544518,2.4200074428296123e-10
1.3662688410655492,3.66055986163321e-11
2.142182110998654,5.289171117223077e-11
0.34347783110579405,1.9283968012064796e-10
2.753349279984342,1.6882834332437687e-10
2.367030408045095,7.43590200770664e-11
2.0458518639308307,4.680706042172624e-11
0.011172333104960982,6.161866828977152e-09
1.8541851647637522,3.865573288012763e-11
1.6776254772616843,3.501360758610002e-11
1.4438294212947378,3.5258396242003166e-11
1.1317026528508052,4.4903382608618966e-11
1.7965088414305626,3.708749592759589e-11
1.6539475862435178,3.4780269671919214e-11
0.6541421722521303,9.2197856419552e-11
0.6425405785195658,9.426222052554739e-11
2.801954687532645,1.9518440713276687e-10
2.805304126569466,1.9727209665559218e-10
2.7260189057315136,1.5663254291813691e-10
2.6238632067280143,1.2207107591650227e-10
0.2940618634960487,2.275497498935166e-10
0.15093975249528846,4.526715676593625e-10
0.8588476118331462,6.487302165887011e-11
1.5157953912374151,3.4578962913399716e-11
0.49052259810889776,1.2992531931198404e-10
0.9725412643558498,5.487146485037432e-11
1.3590660479452308,3.67638642570459e-11
1.0151909874906238,5.178954158602183e-11
2.9913860866475255,4.549144015940129e-10
2.5464063727218247,1.0349313809280589e-10
1.8490266172345033,3.849991179063738e-11
0.8250014211058497,6.84394958130442e-11
0.1392588926078871,4.911924262813944e-10
2.6573543775550146,1.3185953081874422e-10
1.0546949140163344,4.921620606398158e-11
2.9469111184626366,3.4921485058582e-10
2.2485684442814993,6.156544789484625e-11
1.235961632494854,4.038248455862665e-11
0.14714002810485957,4.6453552639518315e-10
1.5957056346198082,3.445468903610963e-11
1.4764642286742085,3.48831400452557e-11
0.2287580555166444,2.9578740650520545e-10
1.2739862657410628,3.907575403003271e-11
1.3430654151292467,3.713601128993211e-11
2.169728720112379,5.4923102566164194e-11
0.48964001759636755,1.3019409243314072e-10
1.753977980384042,3.617001099567024e-11
3.0501699074432405,7.509507699194612e-10
1.911222659710796,4.058947980851938e-11
2.236852870509766,6.049467643953152e-11
1.712168201076079,3.545980692322835e-11
1.6190013576408204,3.4542699471398145e-11
1.6482344061724294,3.473274317021054e-11
2.4670328537250374,8.87324150097089e-11
0.2958564270926183,2.2609179005047304e-10
1.8288465151949265,3.7919970590101426e-11
0.7953373329369673,7.182729963963494e-11
0.9787410966672735,5.440282417915881e-11
0.05288135169573452,1.3006697516715413e-09
0.40757404193324903,1.600390931797892e-10
1.208265563701772,4.144589414147164e-11
1.7516986872634301,3.6126435944043694e-11
0.2599375709097716,2.590121267282523e-10
2.6262354516228683,1.2272429567881284e-10
2.8621084956654,2.4007036037682454e-10
2.5667718582874453,1.0791225553677059e-10
0.8845477575063067,6.235977851392978e-11
1.0045068294125452,5.2530977136849336e-11
1.3568953659921397,3.68126839906633e-11
2.501989190603834,9.479635095308273e-11
1.2861393765309879,3.8694513844561466e-11
1.4660950522401328,3.499023559108199e-11
0.46173892655567933,1.3919746310879975e-10
2.6668505996574816,1.3487531624946316e-10
0.32718873521428493,2.0315345159914183e-10
2.1171911422688727,5.116621419924787e-11
0.3064830767962559,2.1780000514963535e-10
1.0326959509428333,5.061720326674715e-11
2.4263492550924375,8.240449670820006e-11
2.4228789124872803,8.189736321632185e-11
1.8703197214286067,3.916325120377893e-11
2.1585412857711743,5.408124621992767e-11
2.751005690499948,1.6771808631345563e-10
1.681483029373942,3.5057190949434514e-11
1.3530438310135544,3.690059170780648e-11
1.8367041138275588,3.814020237864878e-11
2.185282934184513,5.6133096092948154e-11
2.1133915278115514,5.0913280066500405e-11
0.2732228676852793,2.4584892112032177e-10
1.2898770754940687,3.858074826543609e-11
1.1348804326656208,4.4744067530887484e-11
3.068477766552871,9.399292080009533e-10
1.9517033562364556,4.220504054031608e-11
1.4664703893606206,3.4986162322497857e-11
1.6618228731187092,3.4851366544708025e-11
1.4737205121909096,3.4910381598668814e-11
2.6558840316039527,1.3140268654477616e-10
2.9708323278331816,3.992856657265902e-10
0.7804982194235305,7.362161477867689e-11
0.7310420621739536,8.013435879036781e-11
1.746858557035038,3.603577239247051e-11
2.8232931250541426,2.0921414333873552e-10
0.837609379017449,6.707529561049346e-11
1.3131114919660878,3.790990271261361e-11
2.374254720242273,7.52720917001647e-11
2.4702588941438703,8.926631048176538e-11
2.81538079560249,2.038037737397511e-10
2.685999634932112,1.413225913074214e-10
2.6624821035393746,1.3347375442537521e-10
0.35061280917790905,1.8861523704953527e-10
2.3644940322291728,7.404253380308547e-11
2.757908630139573,1.710257963204475e-10
0.2190535799059319,3.0933254247943997e-10
1.3783280915447915,3.635339369411326e-11
1.1042527859469027,4.633947348616283e-11
1.4367560083540547,3.535454541274987e-11
1.214467784383374,4.1199400885473736e-11
0.7597921751501325,7.624453757266824e-11
2.357395750985038,7.316788537495722e-11
0.49826027396127676,1.2760801605757314e-10
2.326503178843771,6.954303856912832e-11
1.5322662735781312,3.449932900227956e-11
2.019568141870067,4.5397373864631714e-11
1.9047886101569678,4.035163365189324e-11
2.6880706345359138,1.420511428963227e-10
0.7787113773460795,7.38423853637413e-11
0.31030799043112883,2.1495109594341863e-10
1.3562225287057894,3.6827922339157925e-11
1.4707215979539063,3.494105888799029e-11
1.5096094682058352,3.461613667830938e-11
2.4224270613177663,8.183168884070696e-11
0.5445395207696568,1.1506797890793578e-10
1.2134285745057025,4.1240362748943247e-11
0.5542371252010244,1.1269481961562645e-10
0.9601158637713167,5.583268442767856e-11
1.1565986997740172,4.3692780224819324e-11
1.9981714214054038,4.4322875366733117e-11
2.850320356436694,2.2985090203206243e-10
1.3444619466181875,3.710239494329322e-11
2.3616519969133996,7.369039309693796e-11
2.0198945462575977,4.541426633451443e-11
2.850786905964667,2.3023997345739552e-10
2.7905729864885775,1.883793664094746e-10
1.0363357103113486,5.037992167545261e-11
0.5202171801032465,1.2139218276254062e-10
2.2500831219747224,6.170616666658259e-11
2.725257371556958,1.563148270631605e-10
1.747275834735233,3.604348870607616e-11
1.2622676335331862,3.945992129954969e-11
2.3134869339655815,6.809955567696247e-11
1.2608146870931054,3.950869453565234e-11
0.8412506020144136,6.668932650447708e-11
1.2997447491196559,3.828821949826893e-11
0.016011851495201145,4.299278573701564e-09
0.8382788833642171,6.700406223280602e-11
0.5412571195965754,1.1588967644535525e-10
0.5045374346451158,1.2577814272560242e-10
1.0783219134438937,4.779774474684599e-11
0.10126905475838074,6.775089533264627e-10
1.7565340855541738,3.6219549684519244e-11
2.3191567946025415,6.872246885169522e-11
1.3965457179671799,3.6002490310740874e-11
2.250075237787025,6.170543283014148e-11
0.2884232500388372,2.322459885125121e-10
1.3727033386893102,3.646904455714506e-11
0.681647399247344,8.757677220053819e-11
1.9243311582478155,4.1089957538854136e-11
0.4901569965749593,1.3003654384329696e-10
2.159667390250432,5.4164929219005934e-11
0.5110163711737048,1.2393461073197824e-10
1.7661807344933262,3.6412921058711974e-11
0.7284793901308455,8.049595660613856e-11
0.38654112652742123,1.696429145307995e-10
0.2377256548956504,2.842392824133563e-10
2.589334075305727,1.1317251832989767e-10
0.8047408613480208,7.072536990062131e-11
1.6072463884387904,3.449127060236759e-11
2.7634712502786742,1.7377606458862133e-10
2.5370613094690655,1.0156117906585955e-10
3.0902359390125276,1.3393538920634358e-09
0.7038886245029295,8.409831101694844e-11
0.016760612404282643,4.107179699993007e-09
2.6727633811270866,1.3681218727425408e-10
2.581893821874657,1.1139295013629856e-10
2.6633723676380674,1.3375739055920123e-10
0.3655844879850562,1.802708910825242e-10
1.7834978305837068,3.678564314298029e-11
2.2638117887330766,6.300600897588673e-11
1.7460575314419131,3.602101261276406e-11
1.025839744380476,5.1070186378850506e-11
0.8684590580171717,6.391422559944908e-11
2.5008253667199565,9.458413631173813e-11
0.28423170311873525,2.3585492892902585e-10
2.5749909602967698,1.0978198904967556e-10
0.8826214473187134,6.254263455034196e-11
0.3751170960922434,1.75294217036277e-10
0.08245562888888941,8.330491958591135e-10
0.8764320204911726,6.3136125913622e-11
0.11834733794518845,5.790182026948624e-10
1.1692037525721717,4.311212815183881e-11
2.5681826920291297,1.0822954586791003e-10
0.8474420314866284,6.604110242782761e-11
0.9970695223220095,5.30589678813233e-11
1.2369445660410292,4.03464959034008e-11
1.4179988209321228,3.563526064443059e-11
0.7378440000026529,7.918671315348081e-11
1.0577224082172971,4.902953698993195e-11
2.6015935381289084,1.1620713324020542e-10
1.0372560078669506,5.032027431028572e-11
2.108052816680552,5.0561992753730494e-11
2.2032570835507,5.759061289534174e-11
2.252026171198843,6.188745778153338e-11
1.5245004415687922,3.4533373457407515e-11
1.5025775092894016,3.4663221247431336e-11
2.2847716125713986,6.507813903551571e-11
1.1965097126528774,4.1926539997675626e-11
2.811940820733517,2.015303672398739e-10
2.5713114688337657,1.0893856542291702e-10
1.2459696039311432,4.0021592837307664e-11
1.5025731473113875,3.466325204948851e-11
2.6603916650408626,1.3281169873989627e-10
0.1983343407671858,3.4262105886217033e-10
2.472322356910543,8.961043526809932e-11
1.910625277990466,4.056718123301492e-11
0.5528149989375282,1.1303784552093628e-10
1.6833309100286573,3.5078623056327785e-11
0.9372098089196834,5.7684073142448186e-11
0.7949637134769205,7.187163536754035e-11
2.5487501560358146,1.0398686396374074e-10
0.1509367370320479,4.5268074773784395e-10
1.3858745330714266,3.620365863241997e-11
2.330816834950248,7.00320727608737e-11
2.058687950646984,4.753264519141841e-11
1.2824609034906973,3.880807332750794e-11
0.6990703240917161,8.48334443875699e-11
1.3623423025628418,3.669116607080709e-11
2.633534567432531,1.2477078383733665e-10
0.3421211260732693,1.9366228595783457e-10
1.7561241160968313,3.621155640768713e-11
0.9194363751406963,5.919458150844077e-11
0.8848661674703361,6.23296373861156e-11
2.4892785555765276,9.251841371021893e-11
1.5525281529812578,3.4439879594215895e-11
2.4244185375665563,8.212175507895436e-11
0.9686022159433443,5.517298574613493e-11
0.26680891845043864,2.520435546658522e-10
1.4489994983273957,3.5191468965849834e-11
1.9526256900588634,4.224429107653221e-11
0.7586039904786067,7.639944050937415e-11
2.109237711974353,5.0639547207342e-11
1.3920618951834527,3.608551313008748e-11
2.402176057905098,7.89700919828406e-11
2.099122484766833,4.998496612643165e-11
3.1221976070976285,3.549187761204914e-09
0.3811969136250829,1.7224588873592347e-10
0.033406761438567745,2.0600527626590557e-09
2.4682873364059548,8.8939433524731e-11
0.23918275837599143,2.82443355188621e-10
1.4225672592282472,3.5563435390782006e-11
2.5121658683396446,9.668431476135815e-11
0.30599856910035084,2.181658338194254e-10
1.9583837855540376,4.249183722267043e-11
0.9219288006166453,5.89787398900549e-11
1.2320871915626919,4.0525500599902007e-11
2.4234848988554414,8.198556878614538e-11
1.4084327143721025,3.579289796986642e-11
2.280639193126593,6.466097849224504e-11
2.1893158627416445,5.645451076443667e-11
1.2515414918713565,3.982596075943404e-11
0.31480171701861703,2.1169023988222228e-10
0.5749670879874307,1.0787944042595462e-10
0.053808937606514035,1.2782060108404026e-09
0.5466055504162612,1.1455562818994097e-10
2.394084382540419,7.786987776527328e-11
2.8667597452482076,2.4433840067505177e-10
2.5682292823965147,1.0824004938391165e-10
1.2101822269793596,4.136920076311731e-11
2.1825278270848414,5.591535801461873e-11
0.7246641271201613,8.103900302957845e-11
2.0401302499615626,4.649157659751087e-11
2.5946910172963116,1.144825061667241e-10
2.7478262925847954,1.662322615969778e-10
1.2807865061951418,3.886029025954644e-11
0.3193071020387879,2.085106815616828e-10
2.928542711945481,3.183207722301682e-10
2.0531899629292547,4.721882123638453e-11
1.8194785596774818,3.766663391222392e-11
1.134482358440102,4.4763946962551504e-11
2.523202721565251,9.879965599690723e-11
0.1559985397605031,4.37767039033968e-10
2.2892898360987664,6.553920944065805e-11
2.9058079505415324,2.8666547020420374e-10
1.672430782031418,3.495738670976758e-11
2.4112226718512044,8.022894660167342e-11
3.061305262269444,8.556469310711684e-10
1.6349873782871382,3.4635623440036514e-11
0.5334014105769348,1.178955303234047e-10
1.3648547881491975,3.663621803237407e-11
1.3682338465484083,3.656341443369948e-11
2.0930681310441384,4.960121065278502e-11
0.05197298478394313,1.323444418487912e-09
1.7235322884526592,3.563427821642796e-11
2.012395912246967,4.5030016367729275e-11
2.5770762147490496,1.1026465594030914e-10
1.1089026132399873,4.608855149142421e-11
1.1586028343074537,4.359902695918594e-11
0.34235298329707875,1.9352125665166795e-10
2.71026881809155,1.502813957352103e-10
2.3523329678982603,7.255385292079008e-11
1.0474690195576226,4.9667684732213986e-11
0.9247871004593805,5.873284401591593e-11
1.2398354717345754,4.0241337497901095e-11
2.6851914067660134,1.410399878759761e-10
3.126010695382829,4.417912099436743e-09
1.204180250878735,4.161092227442926e-11
3.038089599396112,6.627848972295982e-10
0.36356721454907653,1.8135639828725267e-10
1.5436649045976716,3.446066203780772e-11
2.0032260631695666,4.4570919430576565e-11
0.2961610658662197,2.258460046274581e-10
2.175596179424443,5.537407226018564e-11
1.0983566299731715,4.666222326533459e-11
3.0092768286796296,5.172902941124536e-10
2.852143595105487,2.3137832339377677e-10
0.39370948235400044,1.6625863924421835e-10
0.2885567084424848,2.3213276359445307e-10
1.664400069037304,3.487604077773201e-11
1.2210476741843501,4.094319910326243e-11
0.6636992739076543,9.0549924312476e-11
0.11881595749245892,5.767132293466321e-10
1.368440674048429,3.6558999018488726e-11
1.8858386057799537,3.968055123335756e-11
0.13394005852515412,5.109440508548871e-10
1.5033054856982466,3.465810836963767e-11
2.261199827430095,6.275528172326023e-11
1.5787521131669562,3.442591474903346e-11
0.9910235057717919,5.349549116083044e-11
0.49294110405409775,1.2919353368691672e-10
0.18851370760513292,3.6092173622082005e-10
1.8697633073213116,3.914523730946906e-11
1.79021384662968,3.69391039782551e-11
1.0581850265086172,4.9001141599022814e-11
2.2056887312050426,5.7792813451103286e-11
0.3546337551598639,1.863071756320341e-10
2.9111506731938093,2.935514731996423e-10
1.8215726285684077,3.772239615814695e-11
0.5153377569868376,1.2272967382187157e-10
2.5570552267603515,1.057669607442016e-10
0.9150050871137164,5.958162373221591e-11
0.4281326554798966,1.5153191238044253e-10
0.18369600580166812,3.7060668383743006e-10
2.425049270438784,8.2213956320636e-11
2.0573282824958303,4.745460897173757e-11
2.3816894050251913,7.623008193231489e-11
3.0353249552717845,6.454175986280549e-10
3.124350134675005,3.992367437320935e-09
1.0447008320680564,4.9842880701492923e-11
1.7008290864920508,3.5299419621900406e-11
1.8701363721098216,3.915731121549352e-11
2.134363071661193,5.2340133329434395e-11
0.7021990961214502,8.435495446450196e-11
2.296188321983451,6.625333054537275e-11
0.352290166357579,1.8764621047056127e-10
3.0743381411123476,1.0221119100254794e-09
2.493791695519218,9.331731741953263e-11
0.3010758783488159,2.219477943738674e-10
0.6229803928638291,9.791105657861693e-11
2.83557470896862,2.1815118261009227e-10
1.3655703347162158,3.6620696314198675e-11
0.7059278449572579,8.379015918251957e-11
2.5333486630852864,1.008094988854028e-10
2.973424594572339,4.0555832244871606e-10
1.5669655440424577,3.442340427505772e-11
1.6660276248023433,3.489198111169106e-11
3.0430195722265876,6.961634772459768e-10
2.676812893071515,1.3816594506940648e-10
0.9460142754462125,5.696001700948931e-11
1.5494094486736028,3.444626655353418e-11
1.9829186984985852,4.3595709935835324e-11
2.1710983793251466,5.5027787082464665e-11
0.05776773262748908,1.19043603241445e-09
1.0372552373245982,5.032032419291955e-11
1.386159329973419,3.6198129218441405e-11
1.1985188893188854,4.184313910579352e-11
0.35411113184880205,1.8660429406961515e-10
2.555502811938331,1.0543053699130597e-10
1.3784920332705086,3.635007477751125e-11
1.2628210388478411,3.944141080316719e-11
0.904441631862109,6.052154347930597e-11
1.3218780868951536,3.767289354961594e-11
2.4746129184626597,8.999486254085096e-11
0.961264821768117,5.574255438128868e-11
2.6839352323727557,1.4060265735791044e-10
2.9125911987836175,2.9546221706928156e-10
0.7838103999343993,7.321509463583498e-11
2.205085451567528,5.77425351588144e-11
0.5030945799900045,1.2619488341234197e-10
0.6749322527263648,8.86710962465005e-11
1.1819599390531408,4.2546102073136534e-11
1.1531452322472024,4.3855613682853815e-11
2.900524604422856,2.8015135446969146e-10
1.3611301269950675,3.671792536739195e-11
0.2728393360930658,2.462113194853515e-10
1.7107410637790867,3.5438869174390924e-11
0.18397250295888112,3.700372723987983e-10
1.526761294672133,3.452281773609413e-11
1.10739994854169,4.616929490050025e-11
2.2893307944549357,6.55434130236081e-11
1.6038484659918686,3.447906917786531e-11
2.5084662906179274,9.59911868942612e-11
0.4341743818583588,1.4917930603892218e-10
2.6793446172769,1.3902385483698908e-10
1.3354298521996106,3.732367004757899e-11
0.7443473881968181,7.829681227531399e-11
0.30891627504422164,2.1597972955838088e-10
1.0258192663779737,5.10715511951256e-11
1.3917644358548709,3.6091097937881704e-11
2.3745736001319,7.531279578614089e-11
1.2115727007795742,4.1313853739426015e-11
1.2050841550571838,4.157422549957319e-11
2.882618862601996,2.6001853017890615e-10
2.302088519907997,6.687400998550483e-11
0.12478304479784084,5.488701013885438e-10
2.9876391345431785,4.4367514320817407e-10
1.021979047775405,5.132875059570647e-11
2.8470341801075465,2.2714455268877217e-10
0.6357734547915437,9.550003103655013e-11
2.2256369257793915,5.949823451347547e-11
2.9971628172013007,4.733763374009333e-10
1.795944993426162,3.707402424790729e-11
0.9572911660457616,5.60553613115967e-11
1.2987739901720947,3.831649678955544e-11
1.2055955605751643,4.1553509561967274e-11
2.2847833322782103,6.507932826077808e-11
1.5919369889497028,3.444572577406048e-11
1.352640701035872,3.690988791556338e-11
0.17002834309002166,4.0103768127739036e-10
2.077226100092174,4.862497578833387e-11
0.36771072200543986,1.7913922937678922e-10
2.263559953192194,6.298176383489172e-11
2.4404123920736884,8.451030601833585e-11
2.3373366656455983,7.078153923976244e-11
2.2139654577232153,5.849022752195756e-11
1.140637506661475,4.445904082354379e-11
1.7230591456948998,3.5626738986167306e-11
1.6123851973536805,3.4511993074785444e-11
0.08353330692480115,8.222529458821757e-10
2.7530363937290474,1.6867936834649436e-10
2.1416240649011304,5.2851985510502864e-11
2.0503529448814657,4.705867083914927e-11
2.773071022152793,1.787109611847183e-10
2.0570152995322357,4.74366855417399e-11
1.2341087655531426,4.045064792159031e-11
1.2487874048748233,3.9922187269634195e-11
0.8449711290485923,6.629858918272935e-11
0.9363498817155625,5.775563926449333e-11
0.16525743513307709,4.1283374239399875e-10
2.039876429067182,4.647769344225279e-11
2.0242600753694937,4.564166331610447e-11
1.150678805781958,4.397290312466673e-11
1.031359096760285,5.0704909098153096e-11
2.838002114443984,2.200009096263244e-10
1.4730393393696755,3.4917266918871444e-11
0.6952655267070905,8.542102211213948e-11
1.0565266807822757,4.910308831757943e-11
1.8344831019165175,3.807723336216772e-11
1.8727958102651694,3.924386039144662e-11
0.6601447119487724,9.11574216471004e-11
1.7320432190878934,3.57739896655586e-11
0.30400646783074015,2.1968191970397e-10
1.7551762336259382,3.619314531799407e-11
0.20248534764864778,3.3541333003578996e-10
2.5105589971931632,9.638229765755619e-11
0.4022546208318489,1.6237648456098234e-10
2.763705961197829,1.7389382984272381e-10
2.7295188002688007,1.5810724802745792e-10
0.06346089793462582,1.0833913512621e-09
0.48931782139474417,1.302924425290325e-10
0.9298678986561059,5.830001174587585e-11
3.0342546961895436,6.389336530546918e-10
0.2998488103239695,2.2290936958113248e-10
1.4009686615495753,3.592272476584732e-11
1.1823214168363834,4.253037515188389e-11
0.18544099452322121,3.670412571297078e-10
0.35746287567375534,1.8471339593698398e-10
1.9414587454336576,4.177647585851169e-11
2.342328351597233,7.136388049857719e-11
1.8640210018902295,3.89614720220099e-11
1.6602254180948641,3.483642110114991e-11
1.6017030978070574,3.447198057199901e-11
2.8410043228387427,2.2232893742109847e-10
2.690905550746062,1.43058844933122e-10
0.25271541467996744,2.667368448951078e-10
0.812653949242962,6.981848875796186e-11
2.4115263571214824,8.02717437014443e-11
0.25268593450485477,2.66769264297059e-10
2.325865710994767,6.947122524552341e-11
1.8141725709526733,3.7527570044880543e-11
1.6185055570354845,3.45402412234799e-11
2.3496766134970417,7.223489238055241e-11
1.4045011819104825,3.586053373842887e-11
0.6357707511453465,9.55005306684427e-11
2.681114104789762,1.3962884025723773e-10
2.740039489780007,1.6268916213460496e-10
1.4734473221159587,3.491313717636972e-11
0.18370542601593468,3.7058725617076206e-10
0.8412283094767739,6.66916787550481e-11
1.7234661935562745,3.563322359715114e-11
0.3835405900866741,1.7109574463766038e-10
2.446045067552473,8.537724684958656e-11
2.765981230024903,1.750428077115481e-10
2.6247972671138045,1.2232759296388362e-10
1.300215827458362,3.827453671457228e-11
2.7863004663479654,1.859340537874511e-10
2.759398978860174,1.7175506976680178e-10
2.654533478285435,1.3098539074987585e-10
2.0451715429489856,4.676929363317685e-11
1.6582120555297448,3.481796442013152e-11
2.078659046603947,4.8711637661878765e-11
1.0981637623058407,4.6672867490145936e-11
2.030618996018572,4.597780658884719e-11
1.6009323655661678,3.446955018206469e-11
1.6250940285707258,3.4574988258959754e-11
0.8342914706142965,6.743009287768617e-11
1.345873694654911,3.7068633704967055e-11
0.02175150528518932,3.1645826913931546e-09
2.0348468613227864,4.620454807657258e-11
1.2479439908884866,3.995183978937501e-11
0.6051753655435126,1.0143015112484852e-10
1.964176923580593,4.274527367893026e-11
0.599722284166478,1.0254815257132842e-10
0.6014983854848042,1.0218187163024876e-10
1.363470563683541,3.666640491181501e-11
0.6911852399177308,8.605819870330779e-11
0.5576184646884074,1.118859516099254e-10
0.1363774151376118,5.017027668841296e-10
1.319612351421396,3.773330993589912e-11
0.1130739936109034,6.062670550223005e-10
0.6235868209184606,9.779461091926214e-11
2.1544628760691746,5.378012911125245e-11
1.8087522325455445,3.738879670279906e-11
0.6116658769979167,1.0012446844650268e-10
1.5970906846087587,3.4458352099989975e-11
0.597815397114389,1.0294373463809017e-10
2.5397129713421216,1.0210350885511679e-10
2.868396308499983,2.4587395021326936e-10
1.35559093525099,3.6842272238384527e-11
1.2236338371269464,4.0843986683699426e-11
2.474657908285401,9.000243897741165e-11
1.5636244041857708,3.442530245260968e-11
1.2396642682778591,4.0247536565129164e-11
2.553279114852296,1.0495161019749667e-10
2.7636193423360953,1.738503527255668e-10
2.4416303621300766,8.469660529422211e-11
0.4108810895314658,1.5861535248964033e-10
1.7448197882993808,3.5998342335294686e-11
0.0808530244041254,8.496352140088914e-10
1.9873390844046888,4.380317785807776e-11
3.1206843913493194,3.2922517245812553e-09
0.895266854367414,6.135806573595114e-11
0.9176518047661592,5.934994194525503e-11
1.1886246992572136,4.225888450154579e-11
1.9940834726543173,4.4124856184683986e-11
2.3601418962192855,7.350434539082283e-11
0.8597232176225538,6.478471915127992e-11
1.0442247538558616,4.98731369911523e-11
2.039981417027262,4.6483434780151164e-11
0.9599009843765195,5.5849569138885166e-11
1.945709239778209,4.195264391581329e-11
0.6817901599907551,8.755373602855643e-11
2.462086771423652,8.792346712489238e-11
3.0741946830788356,1.0199297639018386e-09
0.7397646829503681,7.892226803035345e-11
2.6372337539768296,1.2582958535669019e-10
1.6655625429874883,3.488739779158884e-11
0.9418992413846256,5.729646633172642e-11
0.8167843198021152,6.935236455509682e-11
0.5722783030186211,1.0848513537134389e-10
0.9942137528572906,5.326433271510443e-11
0.22148867188061347,3.058238489966931e-10
2.123517986737888,5.159282382421844e-11
0.25395540140179884,2.653799202262287e-10
0.04425760065236217,1.5545436112712617e-09
0.5276137155526047,1.1940991135852405e-10
2.53342280319393,1.0082442320094783e-10
2.529224129634113,9.998471741809339e-11
0.8997278710699596,6.094895414384388e-11
2.289039533409151,6.551353008544118e-11
2.380372080124687,7.605896293371481e-11
2.8419068140733548,2.230376573344129e-10
0.10614181933995627,6.461887728407672e-10
1.869765952684325,3.914532286613553e-11
2.9217482591403217,3.0818466886962356e-10
1.527382900009732,3.452000830800014e-11
0.14520271531066906,4.708217486191661e-10
0.3282860179731385,2.0242746117033838e-10
1.1378762709352293,4.459516970902375e-11
2.1324199488491957,5.2204731886274953e-11
2.1973242425189756,5.7102342829355875e-11
2.596275685640288,1.1487474497388659e-10
2.1239805572757544,5.1624282899946245e-11
2.5693082383842554,1.0848375230607725e-10
0.7110002461605712,8.303121086705689e-11
1.4780742214466376,3.4867521746364946e-11
2.1204789930704684,5.138705636386583e-11
1.0557521669559977,4.915085172846988e-11
2.789737122352405,1.8789644405447533e-10
2.888272718228263,2.660736856026737e-10
2.433360513195808,8.344405489216727e-11
2.859204563675879,2.3747544399830735e-10
1.7051369487564685,3.535874482444107e-11
1.2375308000522895,4.0325088359832885e-11
2.874394343952358,2.516591732853376e-10
1.502648807589156,3.4662718055804575e-11
1.6954605617251388,3.522823890248749e-11
0.8601435327510836,6.474240009645177e-11
0.4669751996567306,1.3742921274359574e-10
0.5532598815610933,1.1293035541983272e-10
0.902158615401449,6.07279289689412e-11
0.7254795642779953,8.092246127181977e-11
2.611825475716596,1.1884274616161377e-10
1.5011020987989518,3.467375270585236e-11
0.5063490947663891,1.2525810008612176e-10
1.487191319640506,3.4784190215427407e-11
2.6913752064402563,1.4322696498561805e-10
1.090513539326637,4.709954800998405e-11
2.030114442697667,4.595092114639769e-11
1.271069519624099,3.91698458510655e-11
0.7070778365971468,8.361715301290842e-11
2.3872022362113112,7.695271962668257e-11
1.7833854612249003,3.678311801844507e-11
0.9017771582146025,6.076252661895253e-11
1.1181489801546014,4.559892965504928e-11
0.8618122361263113,6.457482600439567e-11
1.8436184053198386,3.833987446125561e-11
2.0619530643774073,4.772119248323205e-11
3.122637373777009,3.631550114790619e-09
0.9520279328646453,5.647444940023563e-11
0.4017712420664422,1.625918400681151e-10
0.4853817289800364,1.3150402472792973e-10
2.7327823914510883,1.5950428283629945e-10
2.310499498585668,6.777492765740423e-11
2.592259542681881,1.1388487982331101e-10
2.928982427401655,3.1899875464292176e-10
2.9461481530724525,3.4781747476834147e-10
2.873471461969269,2.507525336421782e-10
1.0896730382227653,4.71469600450584e-11
0.9909400486865212,5.350156304411398e-11
2.1763352848467235,5.5431346396491686e-11
3.042989751900095,6.959515773252475e-10
0.5176930283578547,1.2208106077475558e-10
0.2618147250543982,2.570728153647165e-10
2.4098790330003705,8.004001703223138e-11
0.9540077752210571,5.6316162493844184e-11
1.6931116826910737,3.5198053918808216e-11
1.353495647705769,3.689019422362536e-11
0.6190918748419758,9.866295427390708e-11
2.8155964881354314,2.03947874293131e-10
3.0740791169989445,1.0181786176849663e-09
1.3842281368825426,3.623579686222198e-11
0.3813974231330169,1.7214695598672222e-10
2.792793593946247,1.89673224021704e-10
0.06972149323353331,9.858352537255077e-10
2.245510323085352,6.128294204163709e-11
1.1351535452589396,4.473044140145244e-11
0.8461536282454334,6.617516435253064e-11
1.3363874456086715,3.7299776652577535e-11
0.20003433928892947,3.3963348783763803e-10
2.6439973673940846,1.2780445752116292e-10
1.9711418809412122,4.305584276788918e-11
1.2519716203543731,3.981101522675748e-11
0.2408721193108184,2.8038790944512233e-10
2.551742131943212,1.046226110609482e-10
0.5141351143689238,1.230630606656372e-10
2.3918225586438244,7.756658999732947e-11
0.11903999811159773,5.756176359542479e-10
0.81139307439079,6.996176429478319e-11
1.202813929212005,4.166659028920783e-11
0.9206674658983389,5.908780417212609e-11
1.7655960385139007,3.640091120626621e-11
2.757858363895874,1.7100129487110852e-10
0.18988972097093812,3.5824482132686167e-10
0.26392786909912425,2.5492206573161735e-10
1.7634428437797331,3.635700624983868e-11
2.6404974441056606,1.267761603944304e-10
1.6762398767933964,3.4998334531264855e-11
2.4996397176444054,9.436870790338295e-11
2.056496778908791,4.740702441795144e-11
0.5736444348946456,1.0817671011825508e-10
1.9624572018499165,4.2669578953303976e-11
0.3462146561313403,1.9119931061341695e-10
0.7106212744894456,8.30875444512529e-11
0.02962111664443675,2.3235168402339166e-09
1.4128899587659016,3.5718227316254055e-11
2.529522658934471,1.0004405482020159e-10
1.2395816792911922,4.0250528295493554e-11
2.5384878860159206,1.0185237872679297e-10
1.6724967569751954,3.495808298510495e-11
1.9590402205816217,4.252033323996191e-11
2.8963782169653296,2.7523238061005314e-10
2.910342955497289,2.924903526877416e-10
3.104684110768885,1.864447623395422e-09
2.3454956816398274,7.17372885039587e-11
0.4597010913238493,1.3989606422732495e-10
1.6703486899103457,3.493564757778499e-11
0.9524838933647366,5.643792695474509e-11
0.37004595411431845,1.7791083054494267e-10
1.7701977914786264,3.649644504744951e-11
2.8549043437245714,2.3372726909256236e-10
2.152185830065817,5.3613337590002576e-11
2.666549325174992,1.3477786421781504e-10
1.5382890456566487,3.447722379088659e-11
1.8962327592385044,4.00432291059856e-11
2.201087735067412,5.741124584785921e-11
1.6906244350266635,3.516672604216319e-11
1.9583023221140337,4.248830481208284e-11
1.3425846581137808,3.7147634180208405e-11
1.1997988407923894,4.1790278933200026e-11
1.5207752577717528,3.455192119068233e-11
0.3844969635176666,1.7063030113650747e-10
1.5566078212208088,3.443304169732457e-11
2.8859064700033055,2.6350751478272974e-10
2.6248401724201935,1.2233939719064458e-10
1.9711481451464647,4.305612499041896e-11
0.11963068493158015,5.727486679057483e-10
2.8239334559886586,2.0966346304601587e-10
1.9181137868460154,4.084990825440443e-11
0.1173942181865739,5.837627788804025e-10
2.148694971532909,5.335946913599218e-11
0.8935104525893092,6.152038608021351e-11
0.454485306453359,1.4171147807787865e-10
0.12799481723284553,5.349531830380822e-10
1.2558860677432004,3.967602876386203e-11
0.05578242937974456,1.2328963476361073e-09
1.62323142942193,3.456470875353843e-11
2.272464010575459,6.384828340133807e-11
0.04038797492516728,1.7036724132590827e-09
2.9644708045674877,3.846635039185291e-10
1.952793448259546,4.225144202746284e-11
0.7457849574940955,7.810219347169315e-11
2.866657520729758,2.4424307958946897e-10
2.1030936700946574,5.0239935485711654e-11
0.9320070831519661,5.8119393528030014e-11
1.181773333811587,4.25542274729663e-11
1.3651834571327681,3.662908150463233e-11
1.282137912189443,3.8818120327838026e-11
3.0486793221090465,7.38835945591557e-10
3.1259750545858043,4.407828384092972e-09
1.675853007723934,3.49941061985174e-11
1.207670240871209,4.1469810306050016e-11
1.6711995294031132,3.494447627507135e-11
0.98583395483483,5.387547071397809e-11
1.2463619784197264,4.000769289851623e-11
1.9981556493924753,4.4322106940089664e-11
0.3304411607564706,2.010152080050096e-10
0.15785150437650558,4.3254497891959525e-10
1.9402104793962947,4.1725180331196685e-11
2.976940747582201,4.1437936918119284e-10
2.690547527197836,1.42930910930968e-10
2.015306579211509,4.51782181883734e-11
1.0740915632134345,4.8045316800416294e-11
2.113101168250344,5.089405148348114e-11
1.261630822153572,3.948126696822923e-11
0.2804502679385348,2.39201222646891e-10
1.0897651153690657,4.7141760859302704e-11
1.9380856573596823,4.1638322873786817e-11
1.816334778947901,3.7583853928843555e-11
0.6023343534064819,1.0201019118022488e-10
1.429212169897981,3.546293987145691e-11
1.357274873332694,3.680411106232689e-11
1.0002448643918689,5.283233880329142e-11
1.1431365820813908,4.433674969227831e-11
0.6322726840372246,9.615043079516633e-11
2.8324201639171855,2.1578968051979289e-10
0.6109214806931739,1.002728608421752e-10
2.33568440090555,7.059042181979676e-11
3.07436736763596,1.0225576161611267e-09
2.7279367370383567,1.574376594315901e-10
2.3295062342448447,6.988292109381246e-11
0.9060049459355622,6.038089004880629e-11
0.5597509340856249,1.1138064809258951e-10
1.4354288022210535,3.5373177243063496e-11
2.1137529645137,5.093723544420198e-11
0.8008354477411044,7.117978014647968e-11
0.43490324027635474,1.4889974088165392e-10
1.938638366879957,4.166086071455424e-11
2.6798181209504848,1.3918530936561004e-10
2.8505759313689354,2.3006388368555248e-10
2.898627928284289,2.7788079990759955e-10
3.0757796271388274,1.0445656696029663e-09
0.37565890540974217,1.750186926507476e-10
0.06314066440733614,1.088900737570037e-09
0.1065767281659994,6.435320819039405e-10
2.70980121345026,1.5009964975273208e-10
1.8764797926112455,3.936514306587385e-11
1.1051818684138583,4.628908353772624e-11
0.6649434848278815,9.033877349042368e-11
1.46783281342375,3.497150115151363e-11
2.623766390796804,1.2204453843841402e-10
0.7150279073751152,8.24361476814282e-11
2.3756313956097452,7.54480656046214e-11
0.6623841756287722,9.077394403928604e-11
2.2281116942172123,5.97157280578665e-11
3.1197873053418514,3.1567660626628787e-09
2.374421824921983,7.529341785754867e-11
0.777284225003211,7.40194567693732e-11
1.4501614859187384,3.5176815598793414e-11
1.9483360793946547,4.2062681022851e-11
0.11751246692036774,5.831699801850917e-10
0.21744850929175605,3.1168761510942877e-10
1.8772965795875418,3.9392252276202735e-11
1.6243439037477796,3.4570805118895525e-11
2.4155132494865437,8.083689833887853e-11
2.672270008800372,1.3664878297274312e-10
1.72992452530345,3.573848404799046e-11
0.4050885159586857,1.611238894135502e-10
2.7133814207252764,1.5150090539219395e-10
1.9935047346685324,4.409700832105066e-11
2.7943108887652257,1.9056651463416638e-10
0.8284449262900506,6.806257226870442e-11
0.37260930973574485,1.7657958054085082e-10
1.552060669429217,3.444077294680357e-11
0.9892518186103787,5.3624661522991773e-11
1.90763779946612,4.0456329053251105e-11
2.923109497791854,3.101656019062926e-10
0.9876452389396854,5.3742289030080155e-11
1.8512753234668902,3.856745548499276e-11
1.2686542561650527,3.92485245174411e-11
0.19500026924676447,3.486297726976232e-10
1.6849548289754928,3.50977543197906e-11
2.449257630278238,8.587790340438017e-11
0.521771640570771,1.2097112269187952e-10
0.5771151799779137,1.0739943690858365e-10
2.64815432197462,1.2904393525002222e-10
0.22850393106831896,2.9612765287056453e-10
2.9734237604338225,4.055562732121009e-10
0.6337902787646948,9.586762772371055e-11
1.178836831358871,4.268269496140859e-11
0.8689231848468941,6.386850567162999e-11
0.22409244898739036,3.021552379546719e-10
0.3764090470941975,1.7463849128877213e-10
0.10782240635977412,6.360408805792942e-10
1.0316866844542123,5.068338971171473e-11
0.7895245925288282,7.252194570614878e-11
0.18682400844079758,3.642622462258812e-10
1.0832915397630338,4.7510414623995016e-11
0.7676725644248635,7.522941378860693e-11
0.6873452615775224,8.666462172514177e-11
1.6103077140248538,3.450328638950796e-11
0.8609799845947217,6.46583148207888e-11
2.543782237101146,1.0294477104160626e-10
1.4268765117726057,3.549772724032037e-11
1.4584133118632479,3.507685160715527e-11
2.377925250003722,7.574270199721818e-11
1.4637185769280732,3.501636916016083e-11
1.681596674587351,3.505849866208012e-11
1.7226127327582497,3.5619647631509784e-11
2.75588947013246,1.7004644187095277e-10
0.892304064642414,6.163228595847914e-11
2.2753027328779645,6.412860438093376e-11
2.3193053426984593,6.873890975785315e-11
0.5746946507127393,1.0794056406828883e-10
1.737416706776526,3.586620339139547e-11
2.112285587827233,5.084011685936119e-11
0.5104772010297344,1.2408631827603794e-10
2.077596300291517,4.8647333819435326e-11
2.4490031377147106,8.58380762604396e-11
0.8754339289809611,6.323268863721406e-11
1.854146602567023,3.865455653132255e-11
0.9632463089608319,5.558771804323683e-11
2.685598452292035,1.4118219446418885e-10
1.2936620446935607,3.846720471641278e-11
3.054202153634382,7.857884588574456e-10
1.3961426318463404,3.6009864870132275e-11
2.1911007229543498,5.65977867651114e-11
1.7704594886708487,3.65019477213512e-11
0.6023129515706689,1.0201458069899685e-10
1.9381956583525317,4.1642805274221115e-11
1.264868362156875,3.9373249640716916e-11
2.768679009401546,1.7642270321146127e-10
1.9000730765099143,4.018054944377398e-11
1.3462760816288546,3.705905155770169e-11
1.0309091538934192,5.073449531722547e-11
1.7328960840118037,3.5788418283626e-11
2.6991128026226714,1.4604604067851322e-10
0.6052849029295643,1.0140789213921416e-10
2.357433068541348,7.31724414466435e-11
2.4816613489858304,9.119409678271626e-11
0.08519832482164773,8.061084414137772e-10
2.1088457487729566,5.0613866284621516e-11
1.9767815426186826,4.331204945125021e-11
0.35849395463895434,1.8413859897279126e-10
0.33537372925320424,1.9784932453895978e-10
0.8183192066943913,6.918039553121111e-11
0.7906405924981683,7.23877672442239e-11
2.5411042690881236,1.0238990604422657e-10
1.5899932078658237,3.4441676465573927e-11
3.0777155695012532,1.0763136076816799e-09
2.6495276298695702,1.294578201536324e-10
1.89485400585546,3.999436694420264e-11
0.8978169638400784,6.112364690160732e-11
1.6350195550828055,3.463583723055096e-11
2.1783305084099296,5.558648363742653e-11
0.542299015738404,1.1562782224623951e-10
2.263983384734497,6.302253785534464e-11
1.6877366583881694,3.5131172308156325e-11
1.4003059030297327,3.5934542729669574e-11
1.6770455529780453,3.5007190717916726e-11
0.45828731092531433,1.4038423036251597e-10
1.4978451008231486,3.469780289924612e-11
0.07200572102808771,9.544588782314934e-10
1.1581920892356883,4.361819722291763e-11
2.843596595657915,2.2437589246324008e-10
1.9980815090304438,4.4318495216165894e-11
1.0270872136042999,5.098717878438833e-11
2.260596674630485,6.269761479486217e-11
1.5099750666412513,3.461382919801981e-11
2.8619287174824284,2.3990818242163024e-10
1.1180235955702822,4.5605486543820914e-11
2.7243758372574884,1.5594844060455453e-10
0.8445731537543916,6.634021092669377e-11
3.046814833240988,7.242171398157279e-10
1.779877575112088,3.6704992061779205e-11
0.733781976625269,7.975052998727767e-11
0.4601644008744828,1.3973671341101525e-10
0.7615967299369748,7.601021014323115e-11
2.8553438795854658,2.3410532769552823e-10
1.5154198987503062,3.458110619409143e-11
2.980268956770452,4.2308007949670795e-10
0.2351917121815366,2.8741456270837946e-10
2.363553913300093,7.39257593218564e-11
0.711163848700235,8.300690989747314e-11
1.9832795171144375,4.36125453401071e-11
2.218053847800661,5.884001972788213e-11
2.959816412390111,3.746074677587145e-10
2.302599281520402,6.692817515455638e-11
1.2662253828151975,3.932834652235878e-11
1.5254678863561144,3.452879173575744e-11
1.07784141503732,4.7825726250970765e-11
1.4234478023384836,3.554984770006952e-11
0.4509452779046928,1.4296657059089698e-10
2.951467137880094,3.577899490721777e-10
0.8204650254188671,6.894110144662253e-11
0.42181261967062583,1.5406219003356706e-10
0.45286194958295817,1.422846905107361e-10
2.7088225581904957,1.4972049323792493e-10
1.5481013318217178,3.44492447113175e-11
1.3751568483538639,3.64181720186018e-11
1.3417363043446344,3.716820722729954e-11
0.03701614548867761,1.8590229114243124e-09
0.8683024581885593,6.392966377777053e-11
1.2257867635183455,4.076203094278297e-11
1.2467522343983422,3.999388659242794e-11
2.7298556690373816,1.5825046324762113e-10
3.0987289293556506,1.6051604261182622e-09
0.7830790083205944,7.330456035043822e-11
0.2476485120040513,2.7242017838657336e-10
2.0375970565824617,4.635344485535929e-11
2.1060961697691387,5.043443689388182e-11
0.9667306392349028,5.5317284781148036e-11
1.9021633131689344,4.025604886177717e-11
1.1256712913431723,4.5209674600111674e-11
2.591455250420316,1.1368830854792454e-10
0.7816236537575546,7.348309089242744e-11
0.4951345707477589,1.285357613073048e-10
0.6589528868477652,9.136253840372841e-11
0.4524776910253343,1.4242095103420474e-10
0.48776312760440027,1.3076876023112206e-10
1.0398356045418007,5.015382839523218e-11
1.8763339899935647,3.9360312248422164e-11
0.1845124281116432,3.689302323599844e-10
2.013937437864739,4.510835645032441e-11
0.682076046491005,8.75076331257303e-11
1.1710529989996827,4.30287349454226e-11
0.7345163068710446,7.964814349052991e-11
1.8864297360367799,3.970082673087998e-11
1.6270895610181733,3.4586400708988145e-11
2.5149169522392745,9.72048630285827e-11
1.8791096771512532,3.9452714076864963e-11
2.3573247945753595,7.31592235819003e-11
1.6691715603462927,3.492355825527782e-11
2.9483562072518272,3.5189143004588813e-10
0.724331287800481,8.108664701379804e-11
1.8580503293285346,3.877452370816394e-11
2.7011284092052246,1.4679600355349209e-10
1.436792508029746,3.535403565749652e-11
0.18019837006396677,3.77958912022582e-10
1.9236952308071642,4.1065182298348386e-11
0.598791013001159,1.0274104130655244e-10
2.1108669110322684,5.074656534506922e-11
0.5334829628391037,1.178744165308207e-10
0.8889968452705586,6.194077201210729e-11
0.4924522545171792,1.2934089349126754e-10
2.6694787342408337,1.3573048270996463e-10
2.514120881938793,9.705378087132154e-11
0.44251723163524875,1.4603219412426341e-10
1.9390546035339826,4.167785937360015e-11
0.7369731368422614,7.93070690713402e-11
0.7066162994785423,8.368652057920185e-11
0.5244681613414043,1.2024637864153821e-10
2.409145982111286,7.993723313434849e-11
0.33189402053706996,2.0007321697763325e-10
2.8530417785169218,2.321377104343628e-10
0.27944105990163315,2.4010926945026064e-10
2.8503302954873684,2.2985917785035013e-10
0.6192330062021622,9.863550535200457e-11
2.1788222724834356,5.562483840857949e-11
0.6371493791730287,9.524629326399091e-11
1.4186736512575404,3.5624510486969067e-11
0.6364893185403265,9.536788435298832e-11
2.4292370808411485,8.283022762730092e-11
0.6271536108367582,9.71141185794127e-11
1.495887762273847,3.4712787370529586e-11
2.5442009357616873,1.0303195619906387e-10
0.142431272568655,4.801098486864182e-10
0.18739586374376077,3.631250261370148e-10
1.577451487227561,3.44249335028769e-11
1.016798078735871,5.1679732966022675e-11
1.946630514786528,4.199113426028085e-11
0.9309632325255005,5.820740997818227e-11
2.51219385207174,9.668958759879155e-11
2.603499752165393,1.1669087370924047e-10
0.29117482020746016,2.2993209070895748e-10
3.041448490136643,6.851708157412486e-10
1.691625984512303,3.517926241059874e-11
1.4161299102213243,3.566528704346687e-11
0.5716848080398133,1.0861956646452926e-10
3.12214188222106,3.5390170738538213e-09
1.7867544986620656,3.685943327488134e-11
0.09896534578346114,6.933862659068725e-10
2.5457332359608764,1.0335202961735764e-10
1.520353044073588,3.455411413877918e-11
2.172323450342103,5.512172257514579e-11
0.7532975499201938,7.709723886709073e-11
1.5830327511738398,3.443037799704553e-11
1.7188810533430545,3.5561202388211055e-11
2.2979380782281007,6.643643844586316e-11
1.5809729938262307,3.442799413651892e-11
0.5825067094416556,1.062096360072136e-10
2.738754816624185,1.6211731244057007e-10
2.21562220552934,5.863154913669884e-11
0.9856845154591257,5.388648570566137e-11
0.3597794881296994,1.8342642032737868e-10
1.8685674010450377,3.9106644138977325e-11
2.1861295746848644,5.620030553573991e-11
0.19034554943482182,3.5736648663609546e-10
2.7391347666087573,1.6228607408385462e-10
2.4557033562232906,8.689629138895943e-11
0.1203196210022861,5.694379263197433e-10
1.0847226527283984,4.742836985435588e-11
2.7986176486190932,1.9314382028031406e-10
2.170322513497385,5.496844312334815e-11
1.6742559307771827,3.4976817075535034e-11
2.08422152477718,4.9051121181847466e-11
1.9557228770832953,4.2376904238052987e-11
2.4094805605524225,7.998412026906891e-11
1.9864481638259932,4.3761149421829054e-11
1.4589356510576692,3.507076531042949e-11
2.900462921154106,2.8007695968360376e-10
1.8986568024904942,4.012969737931903e-11
0.727083772539283,8.069394596159099e-11
3.011600061431255,5.266417679884711e-10
1.1339975969997014,4.478818546736894e-11
1.4157945083525065,3.5670715268798716e-11
2.9678687927570415,3.9234190644249227e-10
2.1808060149249724,5.5780034308615904e-11
0.697204526566104,8.512079387233924e-11
1.6010938432924933,3.447005429127652e-11
2.1271978519741808,5.1844108205240304e-11
0.048835070225623056,1.4086312179637491e-09
1.4095335062009398,3.577425842164943e-11
1.6783713607815847,3.5021912742172674e-11
1.6125400865092634,3.451266011019501e-11
2.5365424901942704,1.0145560283003056e-10
2.9319795427836857,3.2369463997651974e-10
1.813861078341576,3.751950525126458e-11
2.0384125067207335,4.6397807157281346e-11
2.148662965347436,5.335715175106724e-11
0.10816701481635015,6.339988451328656e-10
1.1102167079248508,4.601821053756617e-11
0.718512107172431,8.192669610727634e-11
2.9811537901114202,4.254534740295181e-10
0.8486836911597899,6.591231408317915e-11
1.0256160689824765,5.108509772256754e-11
1.417088396599296,3.564984105716066e-11
1.9263185113065782,4.116771101809073e-11
1.8165325374902601,3.7589028151328005e-11
0.038872027158524385,1.7701838162895923e-09
1.3982542176630588,3.5971427905854914e-11
1.2258699994663493,4.075887397934499e-11
2.4355334256262267,8.377036566813608e-11
0.9898913202610135,5.357797076256303e-11
0.28419366824656034,2.3588815346715936e-10
2.189250334020097,5.644926260921793e-11
0.8765544573033314,6.312429697044178e-11
0.42245562897065386,1.5380142948265055e-10
2.422863512048419,8.18951234920563e-11
0.9075105908834961,6.02459382213375e-11
2.1293566977574567,5.1992617175719636e-11
2.5623436397207393,1.0692600176770017e-10
0.5725470484644177,1.0842435042326682e-10
3.1079152199593243,2.0434833468493488e-09
1.7474865918397309,3.6047393198744393e-11
0.3533666089972711,1.8702903607422239e-10
1.7909442186701257,3.695609480867422e-11
3.0230304597474986,5.77959151105196e-10
2.8928325151576644,2.711538472291235e-10
1.6067147789483436,3.4489282849523124e-11
2.816714802778268,2.0469798452676748e-10
3.097331982157971,1.5544356171820039e-09
2.5688592835124826,1.0838224024487071e-10
1.4560318566392179,3.510496432751513e-11
1.009588023550991,5.2175877216937886e-11
2.0592210856342508,4.7563320495941783e-11
0.7472402002214767,7.790594527838069e-11
2.0843330661652173,4.905797889875196e-11
2.4567511370344883,8.706360840089338e-11
2.589188240954147,1.1313719630198527e-10
3.0332738313734504,6.331033918045919e-10
2.6091533404322775,1.1814508371746571e-10
0.34510645375958615,1.918604925021618e-10
2.111335421895743,5.07774229339076e-11
2.685212456869722,1.4104733603323057e-10
0.7956512747883551,7.179007864229502e-11
2.8097007450049745,2.0007458048811056e-10
2.67855632681975,1.387557672741972e-10
0.8164734462083687,6.938727687823231e-11
1.9225810048916059,4.102189533535498e-11
0.9304644928531991,5.824954338893547e-11
1.379777884093479,3.63241451887403e-11
3.0759323992651324,1.0470030683239437e-09
2.6078837464311864,1.1781595205808501e-10
0.9968924463158515,5.30716591909115e-11
1.6175874553020368,3.4535756402677264e-11
0.8094077239393247,7.018830173908976e-11
1.2185373747299093,4.104030153150851e-11
1.1604181899795696,4.351457423864915e-11
0.051572323392463225,1.3337445858315935e-09
1.6979112370433123,3.52603537970556e-11
1.1916738788951096,4.2129410119696036e-11
0.47529024399858083,1.3469808372018792e-10
0.10574710751342843,6.486187623727073e-10
0.6075045809516434,1.009584980508743e-10
2.626129157397241,1.2269490341114677e-10
1.6314538917317591,3.461280053177612e-11
1.8764864124064995,3.9365362457028675e-11
2.8374795694599753,2.1960028902971148e-10
2.858699803222404,2.3702971220668643e-10
1.6540005088764396,3.4780725835724354e-11
2.433091221391875,8.340375217380988e-11
1.3771066337078561,3.637821394542194e-11
0.8052699667440952,7.066415629467733e-11
1.9981776901551263,4.4323180795411464e-11
2.2242318536528707,5.937534114158566e-11
0.5694312812664724,1.0913245446422563e-10
3.1127194002145075,2.3837343794597647e-09
2.082809919271113,4.896450484170726e-11
0.4452692118303948,1.4501893790137303e-10
0.36526158621714283,1.804438664556087e-10
2.097836923080387,4.9902981095634815e-11
0.9369881338294693,5.7702507170628534e-11
0.6931800621309729,8.574576845506199e-11
0.400109196434871,1.6333614316179196e-10
1.1387185919564493,4.455353076281086e-11
1.5324265784567568,3.449869201800366e-11
2.9052397700393664,2.859511879882047e-10
1.576692314001907,3.4424441499117486e-11
2.0809544467564214,4.885113414927053e-11
0.4725156958408641,1.3559915866853303e-10
0.43592317685954884,1.4851003619658e-10
2.0202550460854285,4.5432941050026374e-11
0.5669525303738917,1.0970111649557146e-10
0.2903021916912675,2.3066127646655835e-10
0.6532714600836669,9.235032078725929e-11
1.9542866291568004,4.231525255404094e-11
1.0989529203575579,4.6629349333690595e-11
1.4305030018968226,3.544396335977431e-11
2.786606249083433,1.861071686842525e-10
2.9877418110315257,4.4397588701668435e-10
0.053156775653717604,1.2939179375527214e-09
3.049145092430458,7.425796747516588e-10
0.733490988881587,7.979115840858028e-11
2.4871125609044777,9.21387915786272e-11
0.631878224044515,9.6224153183889e-11
1.230726245304841,4.057617663109966e-11
2.0767032692996974,4.8593436431448396e-11
2.3911295771019496,7.747403486500887e-11
0.9796964485912201,5.4331250032528166e-11
0.8179497855007605,6.922172412934294e-11
2.22210714857998,5.919031405862843e-11
0.43057058539872217,1.5057496263559427e-10
0.7937736693869215,7.201313808139541e-11
2.409526487235862,7.999055966817088e-11
0.9283652472577343,5.842745721613151e-11
0.850661968735146,6.570794898721986e-11
0.1329473686388972,5.148043915644496e-10
2.259959588067442,6.263679723340869e-11
3.0432732551459303,6.979713012540323e-10
1.434900134032962,3.538065096697459e-11
0.8583924259269352,6.49190023653259e-11
2.263541239361718,6.29799627907971e-11
0.47567758009007455,1.3457309209869266e-10
2.4240023369000956,8.206100218372288e-11
0.35852819391416296,1.8411956648993887e-10
2.384638529462546,7.661534444940481e-11
2.540473793380013,1.0225996528811533e-10
0.19779755340150856,3.4357494563412533e-10
2.7997738987569547,1.9384648500654852e-10
2.2164145867931673,5.869934443807179e-11
2.5111561422897277,9.64943595360653e-11
1.3954084303958088,3.6023342425462835e-11
1.3738336504208843,3.6445526076605684e-11
2.827523873618295,2.1221588937662184e-10
2.7587113577630253,1.714179143655995e-10
2.1897961701078863,5.649300426917527e-11
2.8368693575036725,2.1913415252088743e-10
2.022562524701988,4.555291438067408e-11
0.6921256695965274,8.591068801745398e-11
1.1676894908817943,4.318075477762215e-11
1.939714478459976,4.170485336732934e-11
1.4670248163808646,3.498017257383157e-11
