x_1,x_2,eta,WQ
0.10812290430501088,0.05292597338741809,2.8263614598692737,7.193768516840811e-08
0.10812290430501088,0.05292597338741809,2.6483870865354606,7.150580323529774e-08
0.10812290430501088,0.05292597338741809,1.1930739992194652,5.3535028588416026e-08
0.10812290430501088,0.05292597338741809,0.11704420798585957,3.851003153867201e-08
0.10812290430501088,0.05292597338741809,2.4623355456871505,7.086559806640696e-08
0.10812290430501088,0.05292597338741809,2.1418919278162676,6.907950805388179e-08
0.10812290430501088,0.05292597338741809,2.1272231995085664,6.897024506467266e-08
0.10812290430501088,0.05292597338741809,2.1234796075705193,6.89419020982928e-08
0.10812290430501088,0.05292597338741809,0.15900309591704165,3.7880641498715544e-08
0.10812290430501088,0.05292597338741809,2.2168491666164454,6.959526780520634e-08
0.10812290430501088,0.05292597338741809,2.7585555841222016,7.179037957878196e-08
0.10812290430501088,0.05292597338741809,2.1719498063105886,6.929468345140965e-08
0.10812290430501088,0.05292597338741809,0.2669885486576544,3.6779578652050714e-08
0.10812290430501088,0.05292597338741809,0.27356003147407737,3.6738320480980245e-08
0.10812290430501088,0.05292597338741809,2.968692680029566,7.21903598057894e-08
0.10812290430501088,0.05292597338741809,1.1906795797724816,5.347136262313364e-08
0.10812290430501088,0.05292597338741809,1.386197819238804,5.8313656027264645e-08
0.10812290430501088,0.05292597338741809,1.5873792924627663,6.238947546201058e-08
0.10812290430501088,0.05292597338741809,0.8942161659289183,4.5270570193543426e-08
0.10812290430501088,0.05292597338741809,2.81305742696891,7.19102897089129e-08
0.10812290430501088,0.05292597338741809,0.12209891915853888,3.842868416617087e-08
0.10812290430501088,0.05292597338741809,2.3774621795498967,7.048994517227516e-08
0.10812290430501088,0.05292597338741809,1.3886615222480425,5.83694415741132e-08
0.10812290430501088,0.05292597338741809,2.97489812203117,7.219985835282552e-08
0.10812290430501088,0.05292597338741809,2.4783541814185686,7.093002827974699e-08
0.10812290430501088,0.05292597338741809,1.221044531926715,5.427188691058532e-08
0.10812290430501088,0.05292597338741809,1.2960707947476335,5.61785023208495e-08
0.10812290430501088,0.05292597338741809,2.917639712467905,7.21076801214054e-08
0.10812290430501088,0.05292597338741809,2.459346196476928,7.085335761435655e-08
0.10812290430501088,0.05292597338741809,0.37206433828448615,3.649242591224556e-08
0.10812290430501088,0.05292597338741809,2.9397477884608505,7.214449876132827e-08
0.10812290430501088,0.05292597338741809,1.7299738475491677,6.469455369178814e-08
0.10812290430501088,0.05292597338741809,1.995129538739082,6.784888614231567e-08
0.10812290430501088,0.05292597338741809,0.6760681727582996,3.9956531776681796e-08
0.10812290430501088,0.05292597338741809,2.388503419759051,7.054225081587559e-08
0.10812290430501088,0.05292597338741809,0.6611260085820772,3.9657530816406346e-08
0.10812290430501088,0.05292597338741809,2.4483702536785534,7.0807819682125e-08
0.10812290430501088,0.05292597338741809,2.1654563701601064,6.924917166345061e-08
0.10812290430501088,0.05292597338741809,1.9168550919400793,6.705444770917589e-08
0.10812290430501088,0.05292597338741809,2.70978539649565,7.1671817425335e-08
0.10812290430501088,0.05292597338741809,0.9568345366849846,4.6997417197190366e-08
0.10812290430501088,0.05292597338741809,2.05544405865335,6.839290394828518e-08
0.10812290430501088,0.05292597338741809,1.5837529936792416,6.232466540830084e-08
0.10812290430501088,0.05292597338741809,0.17172104010008438,3.771110171654639e-08
0.10812290430501088,0.05292597338741809,2.0189336820566823,6.807035188065426e-08
0.10812290430501088,0.05292597338741809,0.6376582623794489,3.921029173341411e-08
0.10812290430501088,0.05292597338741809,2.9061497722956666,7.20879078617656e-08
0.10812290430501088,0.05292597338741809,0.07978764885709522,3.915385389005991e-08
0.10812290430501088,0.05292597338741809,1.9836170025063862,6.773850870165819e-08
0.10812290430501088,0.05292597338741809,2.009568475997531,6.798429543831784e-08
0.10812290430501088,0.05292597338741809,1.476427808557265,6.026269086023335e-08
0.10812290430501088,0.05292597338741809,1.2921472879830977,5.6081542550323174e-08
0.10812290430501088,0.05292597338741809,2.984080141687578,7.221370309400963e-08
0.10812290430501088,0.05292597338741809,1.2210496396294719,5.4272020271056384e-08
0.10812290430501088,0.05292597338741809,2.29298473249217,7.005227416006715e-08
0.10812290430501088,0.05292597338741809,1.9211384747187041,6.710066175849926e-08
0.10812290430501088,0.05292597338741809,1.817734509367111,6.588967979531461e-08
0.10812290430501088,0.05292597338741809,2.7634130167053867,7.180158771980895e-08
0.10812290430501088,0.05292597338741809,2.2790540566880066,6.997332984003494e-08
0.10812290430501088,0.05292597338741809,0.862735766871856,4.4423124731772085e-08
0.10812290430501088,0.05292597338741809,1.2185652248191394,5.4207099867489003e-08
0.10812290430501088,0.05292597338741809,2.5294968006291234,7.112316273763736e-08
0.10812290430501088,0.05292597338741809,2.8148804187210024,7.191408556280979e-08
0.10812290430501088,0.05292597338741809,1.9778736349480852,6.76826319920701e-08
0.10812290430501088,0.05292597338741809,1.81235464880646,6.582100794257366e-08
0.10812290430501088,0.05292597338741809,1.4518503344722922,5.975115780378064e-08
0.10812290430501088,0.05292597338741809,0.8581551945385786,4.4301348438091944e-08
0.10812290430501088,0.05292597338741809,1.7461253253208509,6.492674420338474e-08
0.10812290430501088,0.05292597338741809,0.8452737270807362,4.396123815298419e-08
0.10812290430501088,0.05292597338741809,0.44604032264558624,3.677088233496137e-08
0.10812290430501088,0.05292597338741809,2.307077338422113,7.01301089258538e-08
0.10812290430501088,0.05292597338741809,2.75536812019633,7.178296731414644e-08
0.10812290430501088,0.05292597338741809,2.561660859820076,7.123537932628063e-08
0.10812290430501088,0.05292597338741809,2.713065845427497,7.168014719963828e-08
0.10812290430501088,0.05292597338741809,0.13031047560052444,3.8299700251519316e-08
0.10812290430501088,0.05292597338741809,0.8892712112335821,4.5136332734757024e-08
0.10812290430501088,0.05292597338741809,0.7694141395663485,4.204392630284664e-08
0.10812290430501088,0.05292597338741809,2.6111623454458806,7.139519842408495e-08
0.10812290430501088,0.05292597338741809,1.3156259269478556,5.665694075976958e-08
0.10812290430501088,0.05292597338741809,0.7036506398718485,4.0535787978106215e-08
0.10812290430501088,0.05292597338741809,1.3369121136216773,5.716838517845276e-08
0.10812290430501088,0.05292597338741809,1.6545067943995138,6.353295003113289e-08
0.10812290430501088,0.05292597338741809,1.6597670845299828,6.361810503866826e-08
0.10812290430501088,0.05292597338741809,0.7022546233799938,4.050565446904104e-08
0.10812290430501088,0.05292597338741809,2.4641851824871184,7.087313733688206e-08
0.10812290430501088,0.05292597338741809,1.09687477845573,5.091705533008031e-08
0.10812290430501088,0.05292597338741809,1.0280398072053023,4.899329032072258e-08
0.10812290430501088,0.05292597338741809,1.1520436913960492,5.243243689911273e-08
0.10812290430501088,0.05292597338741809,1.034861775787252,4.9184794120984535e-08
0.10812290430501088,0.05292597338741809,0.2527272804099989,3.687958632306765e-08
0.10812290430501088,0.05292597338741809,0.3329149338492994,3.650583807048747e-08
0.10812290430501088,0.05292597338741809,2.613885097379189,7.140355836129233e-08
0.10812290430501088,0.05292597338741809,1.3103325302759221,5.652823228224208e-08
0.10812290430501088,0.05292597338741809,0.39032355353948134,3.652438323271912e-08
0.10812290430501088,0.05292597338741809,1.701543653748762,6.4271960525954e-08
0.10812290430501088,0.05292597338741809,1.1151409919228603,5.1422278282945756e-08
0.10812290430501088,0.05292597338741809,1.2403549279243156,5.4772784819504695e-08
0.10812290430501088,0.05292597338741809,2.7615399319632314,7.179727819939541e-08
0.10812290430501088,0.05292597338741809,1.110776917379409,5.130185153861522e-08
0.10812290430501088,0.05292597338741809,2.630397460408613,7.145333539933188e-08
0.10812290430501088,0.05292597338741809,-2.4064493049514306,7.239292602595625e-08
0.10812290430501088,0.05292597338741809,-0.6212642056584858,5.7138065278598026e-08
0.10812290430501088,0.05292597338741809,-2.333398143635315,7.230317741474826e-08
0.10812290430501088,0.05292597338741809,-1.1432760232821422,6.63812658979434e-08
0.10812290430501088,0.05292597338741809,-1.555523173347216,6.992033285400201e-08
0.10812290430501088,0.05292597338741809,-1.6167516205810644,7.025835731677308e-08
0.10812290430501088,0.05292597338741809,-2.2089233856201815,7.211725490522693e-08
0.10812290430501088,0.05292597338741809,-2.256184258170557,7.219322812106121e-08
0.10812290430501088,0.05292597338741809,-0.9211653069827928,6.322058256841353e-08
0.10812290430501088,0.05292597338741809,-2.016318820033246,7.172401531724616e-08
0.10812290430501088,0.05292597338741809,-0.9925828218448256,6.435380864579534e-08
0.10812290430501088,0.05292597338741809,-2.468852498078541,7.246001060907448e-08
0.10812290430501088,0.05292597338741809,-0.9188137960011553,6.318127200220492e-08
0.10812290430501088,0.05292597338741809,-2.6713974248668997,7.262865589285605e-08
0.10812290430501088,0.05292597338741809,-2.2118749502608925,7.212220783507825e-08
0.10812290430501088,0.05292597338741809,-2.5366403419006147,7.252411203335823e-08
0.10812290430501088,0.05292597338741809,-2.5047482164345776,7.249502081609624e-08
0.10812290430501088,0.05292597338741809,-2.2267353809790578,7.214671538645976e-08
0.10812290430501088,0.05292597338741809,-2.954196396835307,7.27751594272441e-08
0.10812290430501088,0.05292597338741809,-1.5749117729435549,7.003151066747449e-08
0.10812290430501088,0.05292597338741809,-2.3529568140175474,7.232848342133697e-08
0.10812290430501088,0.05292597338741809,-1.0826268272670847,6.562180261030623e-08
0.10812290430501088,0.05292597338741809,-2.332670626157667,7.230221723747919e-08
0.10812290430501088,0.05292597338741809,-0.6738677850089649,5.835995595110875e-08
0.10812290430501088,0.05292597338741809,-1.480449244356235,6.945084857597617e-08
0.10812290430501088,0.05292597338741809,-1.1804866281284787,6.681193830158416e-08
0.10812290430501088,0.05292597338741809,-0.10695681091637788,4.333917094320961e-08
0.10812290430501088,0.05292597338741809,-2.2462830597951795,7.217788778248786e-08
0.10812290430501088,0.05292597338741809,-2.7430514935163948,7.267387289123686e-08
0.10812290430501088,0.05292597338741809,-2.0449346276807248,7.179212494035148e-08
0.10812290430501088,0.05292597338741809,-2.7555950406045993,7.268114849890318e-08
0.10812290430501088,0.05292597338741809,-2.5846899848299323,7.256462205532527e-08
0.10812290430501088,0.05292597338741809,-2.7014682118057145,7.264841677301438e-08
0.10812290430501088,0.05292597338741809,-0.9582699426219952,6.3823880972153e-08
0.10812290430501088,0.05292597338741809,-0.7184018067070883,5.934411340954746e-08
0.10812290430501088,0.05292597338741809,-2.74048999562164,7.267236475912807e-08
0.10812290430501088,0.05292597338741809,-2.167945145587958,7.204545962277485e-08
0.10812290430501088,0.05292597338741809,-2.138198594574542,7.1989630547918e-08
0.10812290430501088,0.05292597338741809,-0.050027282981627064,4.192333129041137e-08
0.10812290430501088,0.05292597338741809,-0.0864444215563327,4.281793871277066e-08
0.10812290430501088,0.05292597338741809,-0.905823409438117,6.29617738233741e-08
0.10812290430501088,0.05292597338741809,-0.9918390446970218,6.434260208291109e-08
0.10812290430501088,0.05292597338741809,-1.203385005580864,6.706423150126711e-08
0.10812290430501088,0.05292597338741809,-1.5295956443820853,6.976537114735865e-08
0.10812290430501088,0.05292597338741809,-0.5864249159263717,5.629492973529729e-08
0.10812290430501088,0.05292597338741809,-0.8087363843445043,6.119391784431585e-08
0.10812290430501088,0.05292597338741809,-1.841110134388531,7.121435960460347e-08
0.10812290430501088,0.05292597338741809,-2.2571981074652703,7.219478220937475e-08
0.10812290430501088,0.05292597338741809,-2.120829185545067,7.195550491707189e-08
0.10812290430501088,0.05292597338741809,-0.8183103742371309,6.137835219173591e-08
0.10812290430501088,0.05292597338741809,-2.9261477328581735,7.276402314946927e-08
0.10812290430501088,0.05292597338741809,-0.7623264932243168,6.02682918259073e-08
0.10812290430501088,0.05292597338741809,-2.3830717704429736,7.236559494180173e-08
0.10812290430501088,0.05292597338741809,-1.391410493853661,6.880536682399452e-08
0.10812290430501088,0.05292597338741809,-0.19721681348888875,4.574510879574833e-08
0.10812290430501088,0.05292597338741809,-2.3064707172621506,7.226670883065401e-08
0.10812290430501088,0.05292597338741809,-1.1531890819847679,6.64985517122737e-08
0.10812290430501088,0.05292597338741809,-2.7694916326604218,7.268900027052169e-08
0.10812290430501088,0.05292597338741809,-2.306705848787031,7.226703568633837e-08
0.10812290430501088,0.05292597338741809,-1.512933800180532,6.966185979639205e-08
0.10812290430501088,0.05292597338741809,-1.1519228481783579,6.648367477678052e-08
0.10812290430501088,0.05292597338741809,-1.684705840709892,7.059135703661641e-08
0.10812290430501088,0.05292597338741809,-2.5460728120684433,7.253237078475692e-08
0.10812290430501088,0.05292597338741809,-1.4929372724931238,6.95334351290898e-08
0.10812290430501088,0.05292597338741809,-2.821013305314763,7.271629175705584e-08
0.10812290430501088,0.05292597338741809,-1.6905124461041248,7.061790685716851e-08
0.10812290430501088,0.05292597338741809,-2.658336405321892,7.261969925394411e-08
0.10812290430501088,0.05292597338741809,-0.17101766339877056,4.5031301422102135e-08
0.10812290430501088,0.05292597338741809,-0.4970083048611893,5.401881971717954e-08
0.10812290430501088,0.05292597338741809,-2.2170692427714886,7.213085517487228e-08
0.10812290430501088,0.05292597338741809,-2.806477836180484,7.270887275315891e-08
0.10812290430501088,0.05292597338741809,-0.8250321963269038,6.15065127322915e-08
0.10812290430501088,0.05292597338741809,-0.7069364159389546,5.909524017425653e-08
0.10812290430501088,0.05292597338741809,-1.9458876023096563,7.153945817134128e-08
0.10812290430501088,0.05292597338741809,-2.7842215531440555,7.269708982610071e-08
0.10812290430501088,0.05292597338741809,-1.866720792082338,7.129992947252472e-08
0.10812290430501088,0.05292597338741809,-1.4472123417035077,6.922179732152619e-08
0.10812290430501088,0.05292597338741809,-2.4692169420785093,7.24603786634331e-08
0.10812290430501088,0.05292597338741809,-2.6132629685827586,7.258694856521236e-08
0.10812290430501088,0.05292597338741809,-2.287374610513384,7.223965392362834e-08
0.10812290430501088,0.05292597338741809,-0.9024977135743795,6.290494152150327e-08
0.10812290430501088,0.05292597338741809,-0.8810875592592593,6.253279950081705e-08
0.10812290430501088,0.05292597338741809,-0.3383391562497806,4.9685372063568516e-08
0.10812290430501088,0.05292597338741809,-0.9609913322735424,6.386688270296972e-08
0.10812290430501088,0.05292597338741809,-2.295135538834756,7.225077173110726e-08
0.10812290430501088,0.05292597338741809,-1.1963680732685995,6.698792815850144e-08
0.10812290430501088,0.05292597338741809,-1.7345972633982685,7.08103391585018e-08
0.10812290430501088,0.05292597338741809,-2.2809466377036913,7.223031672946361e-08
0.10812290430501088,0.05292597338741809,-1.7251836671564995,7.077057300649926e-08
0.10812290430501088,0.05292597338741809,-0.22467472370995045,4.650274433422088e-08
0.10812290430501088,0.05292597338741809,-1.045068937180379,6.511397216838847e-08
0.10812290430501088,0.05292597338741809,-1.1565272722489945,6.6537626117243e-08
0.10812290430501088,0.05292597338741809,-1.2490001131132555,6.753913303880384e-08
0.10812290430501088,0.05292597338741809,-0.3150871920806977,4.903320782669038e-08
0.10812290430501088,0.05292597338741809,-0.31884532067094984,4.9138705901584135e-08
0.10812290430501088,0.05292597338741809,-2.3774883176795125,7.235887917320673e-08
0.10812290430501088,0.05292597338741809,-2.9704419307572896,7.278133092813856e-08
0.10812290430501088,0.05292597338741809,-0.7471077878326056,5.995336850101416e-08
0.10812290430501088,0.05292597338741809,-0.16562109884369125,4.4885603119622484e-08
0.10812290430501088,0.05292597338741809,-0.9990535948809747,6.445078574218631e-08
