x_1,x_2,eta,WQ
0.10812290430501088,0.39326960651041987,1.1930739992194652,7.824072294937115e-13
0.10812290430501088,0.03360399684168917,1.1930739992194652,1.3774870449969046e-09
0.10812290430501088,0.027741474028988623,1.1930739992194652,2.1705706057334677e-09
0.10812290430501088,0.04340818164164227,1.1930739992194652,7.393266835293529e-10
0.10812290430501088,0.03563334474939039,1.1930739992194652,1.1961941029059205e-09
0.10812290430501088,0.43587739501972583,1.1930739992194652,4.604559570474407e-13
0.10812290430501088,0.03130442208291931,1.1930739992194652,1.6305461444238489e-09
0.10812290430501088,0.03087515975540638,1.1930739992194652,1.684782881320547e-09
0.10812290430501088,0.04039083639288494,1.1930739992194652,8.827611068540287e-10
0.10812290430501088,0.042509358734383704,1.1930739992194652,7.785897022600375e-10
0.10812290430501088,0.16308908194110114,1.1930739992194652,2.0289498392482214e-11
0.10812290430501088,0.008679214763070531,1.1930739992194652,3.541116693675546e-08
0.10812290430501088,0.22566408826532525,1.1930739992194652,7.202039829097e-12
0.10812290430501088,0.014195567538451487,1.1930739992194652,1.0455776332658784e-08
0.10812290430501088,0.8195125771283918,1.1930739992194652,9.077399908566231e-16
0.10812290430501088,0.005104500801497652,1.1930739992194652,1.4537861949520772e-07
0.10812290430501088,0.3557289327200108,1.1930739992194652,1.2508135350676072e-12
0.10812290430501088,0.02785444431130937,1.1930739992194652,2.1498800572258086e-09
0.10812290430501088,0.0028326480814607853,1.1930739992194652,7.248943461007611e-07
0.10812290430501088,0.2365433280632195,1.1930739992194652,6.13116695362452e-12
0.10812290430501088,0.9820454783850217,1.1930739992194652,3.7745332525940537e-20
0.10812290430501088,0.00026094832704276916,1.1930739992194652,0.000266852643438678
0.10812290430501088,0.012625769804613121,1.1930739992194652,1.3870714628602169e-08
0.10812290430501088,0.05292597338741809,1.1930739992194652,4.501823056247486e-10
0.10812290430501088,0.2844084070061261,1.1930739992194652,3.144184688932112e-12
0.10812290430501088,0.863631958357971,1.1930739992194652,2.478577057864214e-16
0.10812290430501088,0.6385399597628554,1.1930739992194652,3.010039763948432e-14
0.10812290430501088,0.10771328682305505,1.1930739992194652,6.769150776378165e-11
0.10812290430501088,0.04777807039192877,1.1930739992194652,5.825810396838546e-10
0.10812290430501088,0.04686261020601753,1.1930739992194652,6.113270833586335e-10
0.10812290430501088,0.19332076766877104,1.1930739992194652,1.1964026282300365e-11
0.10812290430501088,0.2308123955304802,1.1930739992194652,6.670371105812186e-12
0.10812290430501088,0.24115212798143962,1.1930739992194652,5.7338941751360695e-12
0.10812290430501088,0.03336235088723329,1.1930739992194652,1.4014766462007106e-09
0.10812290430501088,0.7473191907312325,1.1930739992194652,4.6330787636618475e-15
0.10812290430501088,0.33146967288821133,1.1930739992194652,1.7008524539327268e-12
0.10812290430501088,0.014623104895162716,1.1930739992194652,9.742561885382257e-09
0.10812290430501088,0.14119220605692287,1.1930739992194652,3.1182413651548177e-11
0.10812290430501088,0.4370733408826949,1.1930739992194652,4.5363701717560884e-13
0.10812290430501088,0.0002104795543898981,1.1930739992194652,0.0004348218010173448
0.10812290430501088,0.002523148727960031,1.1930739992194652,9.903978394904884e-07
0.10812290430501088,0.9451891862044635,1.1930739992194652,4.453806133045016e-18
0.10812290430501088,0.3266786385317001,1.1930739992194652,1.808379650447405e-12
0.10812290430501088,0.24398094640823703,1.1930739992194652,5.504773630131808e-12
0.10812290430501088,0.4898068249105534,1.1930739992194652,2.3343186071424914e-13
0.10812290430501088,0.011999728647840307,1.1930739992194652,1.5701177431722138e-08
0.10812290430501088,0.003749079633411356,1.1930739992194652,3.379126824015712e-07
0.10812290430501088,0.2520961586624029,1.1930739992194652,4.90335638194986e-12
0.10812290430501088,0.057136705160378144,1.1930739992194652,3.702812587568129e-10
0.10812290430501088,0.27593083972903076,1.1930739992194652,3.5251514253573446e-12
0.10812290430501088,0.060812360915946904,1.1930739992194652,3.1549133702575546e-10
0.10812290430501088,0.016602281634299155,1.1930739992194652,7.210252457824945e-09
0.10812290430501088,0.03286970747449683,1.1930739992194652,1.4521273765310046e-09
0.10812290430501088,0.17546558738749038,1.1930739992194652,1.6217905154240613e-11
0.10812290430501088,0.24343179576945623,1.1930739992194652,5.548417526123074e-12
0.10812290430501088,0.8549296265146784,1.1930739992194652,3.289252322954812e-16
0.10812290430501088,0.18047352756662022,1.1930739992194652,1.486049951763163e-11
0.10812290430501088,0.062387153927766635,1.1930739992194652,2.9524859625379983e-10
0.10812290430501088,0.004878883076436263,1.1930739992194652,1.6443854719829555e-07
0.10812290430501088,0.06734215140418838,1.1930739992194652,2.417222359459331e-10
0.10812290430501088,0.03890543351256517,1.1930739992194652,9.670187555162874e-10
0.10812290430501088,0.014393708900295996,1.1930739992194652,1.0116048846029183e-08
0.10812290430501088,0.12758586893458532,1.1930739992194652,4.1833849604536606e-11
0.10812290430501088,0.5709221126195514,1.1930739992194652,7.995202663270448e-14
0.10812290430501088,0.16732920297186865,1.1930739992194652,1.8765365202406265e-11
0.10812290430501088,0.10099202348715085,1.1930739992194652,8.096798236812376e-11
0.10812290430501088,0.1509913301046668,1.1930739992194652,2.5575541855294015e-11
0.10812290430501088,0.8125573401269063,1.1930739992194652,1.0857088311192065e-15
0.10812290430501088,0.48453285732077794,1.1930739992194652,2.496685338565038e-13
0.10812290430501088,0.31250300261510494,1.1930739992194652,2.17104148716265e-12
0.10812290430501088,0.02103166492422607,1.1930739992194652,4.146182234329479e-09
0.10812290430501088,0.01614661875637145,1.1930739992194652,7.700069836931674e-09
0.10812290430501088,0.7966874676057425,1.1930739992194652,1.599522840765016e-15
0.10812290430501088,0.07234615851121265,1.1930739992194652,2.001836503998619e-10
0.10812290430501088,0.04074912927356188,1.1930739992194652,8.639086825433862e-10
0.10812290430501088,0.1430460778342502,1.1930739992194652,3.001162330884627e-11
0.10812290430501088,0.18868085948602772,1.1930739992194652,1.2923558354836528e-11
0.10812290430501088,0.2894049240972626,1.1930739992194652,2.9410216667198818e-12
0.10812290430501088,0.04735412972012258,1.1930739992194652,5.956599665549517e-10
0.10812290430501088,0.7713075096354126,1.1930739992194652,2.828952386631339e-15
0.10812290430501088,0.07935149644877267,1.1930739992194652,1.564097999652873e-10
0.10812290430501088,0.021373230866949124,1.1930739992194652,3.993774508468859e-09
0.10812290430501088,0.009713677017741746,1.1930739992194652,2.6568800047588852e-08
0.10812290430501088,0.9248625447705522,1.1930739992194652,1.7467042655536164e-17
0.10812290430501088,0.05477167572401803,1.1930739992194652,4.1250513594577747e-10
0.10812290430501088,0.20294755272643147,1.1930739992194652,1.0233438937155526e-11
0.10812290430501088,0.006351507237717547,1.1930739992194652,8.051143561718644e-08
0.10812290430501088,0.23632644162860472,1.1930739992194652,6.1506329734937854e-12
0.10812290430501088,0.1611227743826997,1.1930739992194652,2.104839636413892e-11
0.10812290430501088,0.24337600066675708,1.1930739992194652,5.55287401423623e-12
0.10812290430501088,0.6077075110845422,1.1930739992194652,4.75782181721582e-14
0.10812290430501088,0.33084045546355934,1.1930739992194652,1.7145784458028618e-12
0.10812290430501088,0.03561278126024868,1.1930739992194652,1.1978636356580406e-09
0.10812290430501088,0.6600823816282232,1.1930739992194652,2.15315425542835e-14
0.10812290430501088,0.001212624381995384,1.1930739992194652,6.719361628691122e-06
0.10812290430501088,0.3326724417388676,1.1930739992194652,1.6749388865484554e-12
0.10812290430501088,0.42058175728917946,1.1930739992194652,5.57100197402196e-13
0.10812290430501088,0.08353875810326931,1.1930739992194652,1.3614623389227673e-10
0.10812290430501088,0.13652747871207485,1.1930739992194652,3.440429253038397e-11
0.10812290430501088,0.8635426138696001,1.1930739992194652,2.4859876655713147e-16
