x_1,x_2,eta,WQ
0.10812290430501088,0.05292597338741809,2.8263614598692737,6.049323933195539e-10
0.10812290430501088,0.05292597338741809,2.6483870865354606,6.01300647721731e-10
0.10812290430501088,0.05292597338741809,1.1930739992194652,4.501823056247486e-10
0.10812290430501088,0.05292597338741809,0.11704420798585957,3.2383535126219123e-10
0.10812290430501088,0.05292597338741809,2.4623355456871505,5.959170877124532e-10
0.10812290430501088,0.05292597338741809,2.1418919278162676,5.808976482707807e-10
0.10812290430501088,0.05292597338741809,2.1272231995085664,5.799788430380465e-10
0.10812290430501088,0.05292597338741809,2.1234796075705193,5.797405037247116e-10
0.10812290430501088,0.05292597338741809,0.15900309591704165,3.1854273693479045e-10
0.10812290430501088,0.05292597338741809,2.2168491666164454,5.852347322347181e-10
0.10812290430501088,0.05292597338741809,2.7585555841222016,6.036936834184319e-10
0.10812290430501088,0.05292597338741809,2.1719498063105886,5.827070833103612e-10
0.10812290430501088,0.05292597338741809,0.2669885486576544,3.092837709078894e-10
0.10812290430501088,0.05292597338741809,0.27356003147407737,3.089368261304585e-10
0.10812290430501088,0.05292597338741809,2.968692680029566,6.07057163845105e-10
0.10812290430501088,0.05292597338741809,1.1906795797724816,4.4964693108967544e-10
0.10812290430501088,0.05292597338741809,1.386197819238804,4.90366341663688e-10
0.10812290430501088,0.05292597338741809,1.5873792924627663,5.246403831431599e-10
0.10812290430501088,0.05292597338741809,0.8942161659289183,3.8068551010517727e-10
0.10812290430501088,0.05292597338741809,2.81305742696891,6.047020217022335e-10
0.10812290430501088,0.05292597338741809,0.12209891915853888,3.2315129170950793e-10
0.10812290430501088,0.05292597338741809,2.3774621795498967,5.927581786681522e-10
0.10812290430501088,0.05292597338741809,1.3886615222480425,4.908354488401106e-10
0.10812290430501088,0.05292597338741809,2.97489812203117,6.071370382360889e-10
0.10812290430501088,0.05292597338741809,2.4783541814185686,5.964588888986693e-10
0.10812290430501088,0.05292597338741809,1.221044531926715,4.5637863328421927e-10
0.10812290430501088,0.05292597338741809,1.2960707947476335,4.724115848668421e-10
0.10812290430501088,0.05292597338741809,2.917639712467905,6.063619007262511e-10
0.10812290430501088,0.05292597338741809,2.459346196476928,5.958141563220864e-10
0.10812290430501088,0.05292597338741809,0.37206433828448615,3.0686906999373094e-10
0.10812290430501088,0.05292597338741809,2.9397477884608505,6.066715129679456e-10
0.10812290430501088,0.05292597338741809,1.7299738475491677,5.440240550956807e-10
0.10812290430501088,0.05292597338741809,1.995129538739082,5.705492049410793e-10
0.10812290430501088,0.05292597338741809,0.6760681727582996,3.359991406427931e-10
0.10812290430501088,0.05292597338741809,2.388503419759051,5.93198022931882e-10
0.10812290430501088,0.05292597338741809,0.6611260085820772,3.334848066594179e-10
0.10812290430501088,0.05292597338741809,2.4483702536785534,5.954312225333891e-10
0.10812290430501088,0.05292597338741809,2.1654563701601064,5.823243693719037e-10
0.10812290430501088,0.05292597338741809,1.9168550919400793,5.638686794059691e-10
0.10812290430501088,0.05292597338741809,2.70978539649565,6.026966804279426e-10
0.10812290430501088,0.05292597338741809,0.9568345366849846,3.9520676816856014e-10
0.10812290430501088,0.05292597338741809,2.05544405865335,5.751239141856591e-10
0.10812290430501088,0.05292597338741809,1.5837529936792416,5.240953878349284e-10
0.10812290430501088,0.05292597338741809,0.17172104010008438,3.171170571127283e-10
0.10812290430501088,0.05292597338741809,2.0189336820566823,5.724115361909358e-10
0.10812290430501088,0.05292597338741809,0.6376582623794489,3.2972392099528823e-10
0.10812290430501088,0.05292597338741809,2.9061497722956666,6.061956334865249e-10
0.10812290430501088,0.05292597338741809,0.07978764885709522,3.2924932858139387e-10
0.10812290430501088,0.05292597338741809,1.9836170025063862,5.696210281560034e-10
0.10812290430501088,0.05292597338741809,2.009568475997531,5.716878775202227e-10
0.10812290430501088,0.05292597338741809,1.476427808557265,5.067560031243086e-10
0.10812290430501088,0.05292597338741809,1.2921472879830977,4.715962388364146e-10
0.10812290430501088,0.05292597338741809,2.984080141687578,6.072534602810823e-10
0.10812290430501088,0.05292597338741809,1.2210496396294719,4.5637975472799026e-10
0.10812290430501088,0.05292597338741809,2.29298473249217,5.890777520283213e-10
0.10812290430501088,0.05292597338741809,1.9211384747187041,5.642572987422283e-10
0.10812290430501088,0.05292597338741809,1.817734509367111,5.540740100314343e-10
0.10812290430501088,0.05292597338741809,2.7634130167053867,6.037879339848806e-10
0.10812290430501088,0.05292597338741809,2.2790540566880066,5.884139000244059e-10
0.10812290430501088,0.05292597338741809,0.862735766871856,3.7355924227772337e-10
0.10812290430501088,0.05292597338741809,1.2185652248191394,4.5583383147492276e-10
0.10812290430501088,0.05292597338741809,2.5294968006291234,5.980829791035541e-10
0.10812290430501088,0.05292597338741809,2.8148804187210024,6.047339414808192e-10
0.10812290430501088,0.05292597338741809,1.9778736349480852,5.691511543814608e-10
0.10812290430501088,0.05292597338741809,1.81235464880646,5.534965404042838e-10
0.10812290430501088,0.05292597338741809,1.4518503344722922,5.024544619310165e-10
0.10812290430501088,0.05292597338741809,0.8581551945385786,3.725352112067616e-10
0.10812290430501088,0.05292597338741809,1.7461253253208509,5.459765722159828e-10
0.10812290430501088,0.05292597338741809,0.8452737270807362,3.6967518411135016e-10
0.10812290430501088,0.05292597338741809,0.44604032264558624,3.092106425621885e-10
0.10812290430501088,0.05292597338741809,2.307077338422113,5.89732273661045e-10
0.10812290430501088,0.05292597338741809,2.75536812019633,6.036313528197285e-10
0.10812290430501088,0.05292597338741809,2.561660859820076,5.990266214987634e-10
0.10812290430501088,0.05292597338741809,2.713065845427497,6.027667264725615e-10
0.10812290430501088,0.05292597338741809,0.13031047560052444,3.220666509123065e-10
0.10812290430501088,0.05292597338741809,0.8892712112335821,3.7955669164199355e-10
0.10812290430501088,0.05292597338741809,0.7694141395663485,3.5355228491702063e-10
0.10812290430501088,0.05292597338741809,2.6111623454458806,6.003705589511099e-10
0.10812290430501088,0.05292597338741809,1.3156259269478556,4.764348295574997e-10
0.10812290430501088,0.05292597338741809,0.7036506398718485,3.408701736688425e-10
0.10812290430501088,0.05292597338741809,1.3369121136216773,4.807356253854397e-10
0.10812290430501088,0.05292597338741809,1.6545067943995138,5.342559942957824e-10
0.10812290430501088,0.05292597338741809,1.6597670845299828,5.349720726960107e-10
0.10812290430501088,0.05292597338741809,0.7022546233799938,3.406167774730205e-10
0.10812290430501088,0.05292597338741809,2.4641851824871184,5.959804863180898e-10
0.10812290430501088,0.05292597338741809,1.09687477845573,4.2816746284652824e-10
0.10812290430501088,0.05292597338741809,1.0280398072053023,4.119902982829088e-10
0.10812290430501088,0.05292597338741809,1.1520436913960492,4.409104833816079e-10
0.10812290430501088,0.05292597338741809,1.034861775787252,4.136006760974166e-10
0.10812290430501088,0.05292597338741809,0.2527272804099989,3.1012474708938534e-10
0.10812290430501088,0.05292597338741809,0.3329149338492994,3.069818543982592e-10
0.10812290430501088,0.05292597338741809,2.613885097379189,6.004408586391108e-10
0.10812290430501088,0.05292597338741809,1.3103325302759221,4.753525049432317e-10
0.10812290430501088,0.05292597338741809,0.39032355353948134,3.0713780283261643e-10
0.10812290430501088,0.05292597338741809,1.701543653748762,5.404704198263488e-10
0.10812290430501088,0.05292597338741809,1.1151409919228603,4.324159416420495e-10
0.10812290430501088,0.05292597338741809,1.2403549279243156,4.6059074228024836e-10
0.10812290430501088,0.05292597338741809,2.7615399319632314,6.037516947245859e-10
0.10812290430501088,0.05292597338741809,1.110776917379409,4.314032590891288e-10
0.10812290430501088,0.05292597338741809,2.630397460408613,6.008594395634642e-10
0.10812290430501088,0.05292597338741809,-2.4064493049514306,6.087605668401328e-10
0.10812290430501088,0.05292597338741809,-0.6212642056584858,4.804806618077071e-10
0.10812290430501088,0.05292597338741809,-2.333398143635315,6.080058602903174e-10
0.10812290430501088,0.05292597338741809,-1.1432760232821422,5.582078149612107e-10
0.10812290430501088,0.05292597338741809,-1.555523173347216,5.879682421814469e-10
0.10812290430501088,0.05292597338741809,-1.6167516205810644,5.908107293533091e-10
0.10812290430501088,0.05292597338741809,-2.2089233856201815,6.064424162012642e-10
0.10812290430501088,0.05292597338741809,-2.256184258170557,6.070812838431023e-10
0.10812290430501088,0.05292597338741809,-0.9211653069827928,5.316292598328149e-10
0.10812290430501088,0.05292597338741809,-2.016318820033246,6.031356185951373e-10
0.10812290430501088,0.05292597338741809,-0.9925828218448256,5.411586902218783e-10
0.10812290430501088,0.05292597338741809,-2.468852498078541,6.093246889317118e-10
0.10812290430501088,0.05292597338741809,-0.9188137960011553,5.312986926920506e-10
0.10812290430501088,0.05292597338741809,-2.6713974248668997,6.107428468123999e-10
0.10812290430501088,0.05292597338741809,-2.2118749502608925,6.064840659666396e-10
0.10812290430501088,0.05292597338741809,-2.5366403419006147,6.098637252923672e-10
0.10812290430501088,0.05292597338741809,-2.5047482164345776,6.096190938500061e-10
0.10812290430501088,0.05292597338741809,-2.2267353809790578,6.066901528274679e-10
0.10812290430501088,0.05292597338741809,-2.954196396835307,6.119748121373845e-10
0.10812290430501088,0.05292597338741809,-1.5749117729435549,5.889031493949679e-10
0.10812290430501088,0.05292597338741809,-2.3529568140175474,6.082186614542029e-10
0.10812290430501088,0.05292597338741809,-1.0826268272670847,5.518213995079865e-10
0.10812290430501088,0.05292597338741809,-2.332670626157667,6.079977860475608e-10
0.10812290430501088,0.05292597338741809,-0.6738677850089649,4.90755683128818e-10
0.10812290430501088,0.05292597338741809,-1.480449244356235,5.84020294075149e-10
0.10812290430501088,0.05292597338741809,-1.1804866281284787,5.618293894845108e-10
0.10812290430501088,0.05292597338741809,-0.10695681091637788,3.6444414831789065e-10
0.10812290430501088,0.05292597338741809,-2.2462830597951795,6.069522851450512e-10
0.10812290430501088,0.05292597338741809,-2.7430514935163948,6.111230818308774e-10
0.10812290430501088,0.05292597338741809,-2.0449346276807248,6.037083603676414e-10
0.10812290430501088,0.05292597338741809,-2.7555950406045993,6.111842632651718e-10
0.10812290430501088,0.05292597338741809,-2.5846899848299323,6.102043787966408e-10
0.10812290430501088,0.05292597338741809,-2.7014682118057145,6.109090183607378e-10
0.10812290430501088,0.05292597338741809,-0.9582699426219952,5.367024665450631e-10
0.10812290430501088,0.05292597338741809,-0.7184018067070883,4.990315780973993e-10
0.10812290430501088,0.05292597338741809,-2.74048999562164,6.111103997718996e-10
0.10812290430501088,0.05292597338741809,-2.167945145587958,6.058386812890117e-10
0.10812290430501088,0.05292597338741809,-2.138198594574542,6.053692080804854e-10
0.10812290430501088,0.05292597338741809,-0.050027282981627064,3.5253818737796185e-10
0.10812290430501088,0.05292597338741809,-0.0864444215563327,3.6006104563816767e-10
0.10812290430501088,0.05292597338741809,-0.905823409438117,5.294529068798079e-10
0.10812290430501088,0.05292597338741809,-0.9918390446970218,5.410644529262162e-10
0.10812290430501088,0.05292597338741809,-1.203385005580864,5.639509524559236e-10
0.10812290430501088,0.05292597338741809,-1.5295956443820853,5.866651510984743e-10
0.10812290430501088,0.05292597338741809,-0.5864249159263717,4.733906365878563e-10
0.10812290430501088,0.05292597338741809,-0.8087363843445043,5.145867995543858e-10
0.10812290430501088,0.05292597338741809,-1.841110134388531,5.988498642051236e-10
0.10812290430501088,0.05292597338741809,-2.2571981074652703,6.070943523531706e-10
0.10812290430501088,0.05292597338741809,-2.120829185545067,6.050822416665267e-10
0.10812290430501088,0.05292597338741809,-0.8183103742371309,5.161377295145863e-10
0.10812290430501088,0.05292597338741809,-2.9261477328581735,6.118811658774133e-10
0.10812290430501088,0.05292597338741809,-0.7623264932243168,5.068031022985749e-10
0.10812290430501088,0.05292597338741809,-2.3830717704429736,6.085307365625682e-10
0.10812290430501088,0.05292597338741809,-1.391410493853661,5.785923626626182e-10
0.10812290430501088,0.05292597338741809,-0.19721681348888875,3.8467596061359023e-10
0.10812290430501088,0.05292597338741809,-2.3064707172621506,6.076991917089546e-10
0.10812290430501088,0.05292597338741809,-1.1531890819847679,5.591940850670553e-10
0.10812290430501088,0.05292597338741809,-2.7694916326604218,6.112502897294078e-10
0.10812290430501088,0.05292597338741809,-2.306705848787031,6.07701940276565e-10
0.10812290430501088,0.05292597338741809,-1.512933800180532,5.857947120632263e-10
0.10812290430501088,0.05292597338741809,-1.1519228481783579,5.590689831796082e-10
0.10812290430501088,0.05292597338741809,-1.684705840709892,5.936109628752522e-10
0.10812290430501088,0.05292597338741809,-2.5460728120684433,6.099331740970897e-10
0.10812290430501088,0.05292597338741809,-1.4929372724931238,5.847147740422774e-10
0.10812290430501088,0.05292597338741809,-2.821013305314763,6.114797870259597e-10
0.10812290430501088,0.05292597338741809,-1.6905124461041248,5.938342234159715e-10
0.10812290430501088,0.05292597338741809,-2.658336405321892,6.106675293901001e-10
0.10812290430501088,0.05292597338741809,-0.17101766339877056,3.786734710714529e-10
0.10812290430501088,0.05292597338741809,-0.4970083048611893,4.5425056170922705e-10
0.10812290430501088,0.05292597338741809,-2.2170692427714886,6.06556782456546e-10
0.10812290430501088,0.05292597338741809,-2.806477836180484,6.114173997560204e-10
0.10812290430501088,0.05292597338741809,-0.8250321963269038,5.172154464628856e-10
0.10812290430501088,0.05292597338741809,-0.7069364159389546,4.969387740058404e-10
0.10812290430501088,0.05292597338741809,-1.9458876023096563,6.015836560081412e-10
0.10812290430501088,0.05292597338741809,-2.7842215531440555,6.11318315746729e-10
0.10812290430501088,0.05292597338741809,-1.866720792082338,5.995694312147719e-10
0.10812290430501088,0.05292597338741809,-1.4472123417035077,5.820941753347018e-10
0.10812290430501088,0.05292597338741809,-2.4692169420785093,6.093277839437838e-10
0.10812290430501088,0.05292597338741809,-2.6132629685827586,6.103921250249056e-10
0.10812290430501088,0.05292597338741809,-2.287374610513384,6.074716838371103e-10
0.10812290430501088,0.05292597338741809,-0.9024977135743795,5.289749974181944e-10
0.10812290430501088,0.05292597338741809,-0.8810875592592593,5.258456117185923e-10
0.10812290430501088,0.05292597338741809,-0.3383391562497806,4.178100944591752e-10
0.10812290430501088,0.05292597338741809,-0.9609913322735424,5.370640731199614e-10
0.10812290430501088,0.05292597338741809,-2.295135538834756,6.075651747782066e-10
0.10812290430501088,0.05292597338741809,-1.1963680732685995,5.633093087381776e-10
0.10812290430501088,0.05292597338741809,-1.7345972633982685,5.954524091043909e-10
0.10812290430501088,0.05292597338741809,-2.2809466377036913,6.073931662812601e-10
0.10812290430501088,0.05292597338741809,-1.7251836671564995,5.951180108894957e-10
0.10812290430501088,0.05292597338741809,-0.22467472370995045,3.910470063106989e-10
0.10812290430501088,0.05292597338741809,-1.045068937180379,5.475509940325996e-10
0.10812290430501088,0.05292597338741809,-1.1565272722489945,5.595226663003862e-10
0.10812290430501088,0.05292597338741809,-1.2490001131132555,5.679444549299148e-10
0.10812290430501088,0.05292597338741809,-0.3150871920806977,4.1232596925096846e-10
0.10812290430501088,0.05292597338741809,-0.31884532067094984,4.1321311487967033e-10
0.10812290430501088,0.05292597338741809,-2.3774883176795125,6.084742628803857e-10
0.10812290430501088,0.05292597338741809,-2.9704419307572896,6.120267090089299e-10
0.10812290430501088,0.05292597338741809,-0.7471077878326056,5.041548752921903e-10
0.10812290430501088,0.05292597338741809,-0.16562109884369125,3.774482770355969e-10
0.10812290430501088,0.05292597338741809,-0.9990535948809747,5.419741819475243e-10
