x_1,x_2,eta,WQ
0.05701804056138027,0.05701804056138027,0.0,0.015482612137574712
0.05701804056138027,0.05701804056138027,0.01507537688442211,0.015486130291152577
0.05701804056138027,0.05701804056138027,0.03015075376884422,0.015496678358553083
0.05701804056138027,0.05701804056138027,0.04522613065326633,0.015514237184452852
0.05701804056138027,0.05701804056138027,0.06030150753768844,0.015538774925402494
0.05701804056138027,0.05701804056138027,0.07537688442211055,0.015570247172390899
0.05701804056138027,0.05701804056138027,0.09045226130653267,0.015608597121301132
0.05701804056138027,0.05701804056138027,0.10552763819095477,0.0156537557901374
0.05701804056138027,0.05701804056138027,0.12060301507537688,0.015705642281601963
0.05701804056138027,0.05701804056138027,0.135678391959799,0.0157641640893142
0.05701804056138027,0.05701804056138027,0.1507537688442211,0.01582921744569438
0.05701804056138027,0.05701804056138027,0.1658291457286432,0.01590068770928438
0.05701804056138027,0.05701804056138027,0.18090452261306533,0.015978449789048863
0.05701804056138027,0.05701804056138027,0.19597989949748743,0.01606236860299543
0.05701804056138027,0.05701804056138027,0.21105527638190955,0.016152299568272105
0.05701804056138027,0.05701804056138027,0.22613065326633164,0.016248089119747185
0.05701804056138027,0.05701804056138027,0.24120603015075376,0.016349575253950227
0.05701804056138027,0.05701804056138027,0.2562814070351759,0.016456588095154972
0.05701804056138027,0.05701804056138027,0.271356783919598,0.01656895048031503
0.05701804056138027,0.05701804056138027,0.28643216080402006,0.016686478559521392
0.05701804056138027,0.05701804056138027,0.3015075376884422,0.01680898240863698
0.05701804056138027,0.05701804056138027,0.3165829145728643,0.016936266650776303
0.05701804056138027,0.05701804056138027,0.3316582914572864,0.017068131083337466
0.05701804056138027,0.05701804056138027,0.34673366834170855,0.01720437130735723
0.05701804056138027,0.05701804056138027,0.36180904522613067,0.01734477935604708
0.05701804056138027,0.05701804056138027,0.37688442211055273,0.01748914431947638
0.05701804056138027,0.05701804056138027,0.39195979899497485,0.017637252962496797
0.05701804056138027,0.05701804056138027,0.40703517587939697,0.01778889033314776
0.05701804056138027,0.05701804056138027,0.4221105527638191,0.017943840358943555
0.05701804056138027,0.05701804056138027,0.4371859296482412,0.018101886428617073
0.05701804056138027,0.05701804056138027,0.4522613065326633,0.018262811957080228
0.05701804056138027,0.05701804056138027,0.4673366834170854,0.018426400931554992
0.05701804056138027,0.05701804056138027,0.4824120603015075,0.018592438437029537
0.05701804056138027,0.05701804056138027,0.49748743718592964,0.018760711159398563
0.05701804056138027,0.05701804056138027,0.5125628140703518,0.018931007864853966
0.05701804056138027,0.05701804056138027,0.5276381909547738,0.019103119854299112
0.05701804056138027,0.05701804056138027,0.542713567839196,0.019276841391765654
0.05701804056138027,0.05701804056138027,0.5577889447236181,0.01945197010601378
0.05701804056138027,0.05701804056138027,0.5728643216080401,0.01962830736469422
0.05701804056138027,0.05701804056138027,0.5879396984924623,0.019805658620640654
0.05701804056138027,0.05701804056138027,0.6030150753768844,0.01998383373004438
0.05701804056138027,0.05701804056138027,0.6180904522613065,0.020162647242437264
0.05701804056138027,0.05701804056138027,0.6331658291457286,0.02034191866257297
0.05701804056138027,0.05701804056138027,0.6482412060301507,0.020521472684450672
0.05701804056138027,0.05701804056138027,0.6633165829145728,0.020701139397867684
0.05701804056138027,0.05701804056138027,0.6783919597989949,0.020880754468018604
0.05701804056138027,0.05701804056138027,0.6934673366834171,0.021060159288777514
0.05701804056138027,0.05701804056138027,0.7085427135678392,0.02123920111040666
0.05701804056138027,0.05701804056138027,0.7236180904522613,0.02141773314253007
0.05701804056138027,0.05701804056138027,0.7386934673366834,0.021595614633293125
0.05701804056138027,0.05701804056138027,0.7537688442211055,0.02177271092570024
0.05701804056138027,0.05701804056138027,0.7688442211055276,0.021948893492182382
0.05701804056138027,0.05701804056138027,0.7839195979899497,0.022124039948494347
0.05701804056138027,0.05701804056138027,0.7989949748743719,0.022298034048079743
0.05701804056138027,0.05701804056138027,0.8140703517587939,0.022470765658068905
0.05701804056138027,0.05701804056138027,0.829145728643216,0.022642130718093623
0.05701804056138027,0.05701804056138027,0.8442211055276382,0.022812031183111144
0.05701804056138027,0.05701804056138027,0.8592964824120602,0.022980374951431293
0.05701804056138027,0.05701804056138027,0.8743718592964824,0.02314707577913383
0.05701804056138027,0.05701804056138027,0.8894472361809045,0.02331205318204936
0.05701804056138027,0.05701804056138027,0.9045226130653266,0.023475232326457606
0.05701804056138027,0.05701804056138027,0.9195979899497487,0.023636543909631217
0.05701804056138027,0.05701804056138027,0.9346733668341708,0.023795924031323256
0.05701804056138027,0.05701804056138027,0.949748743718593,0.02395331405726166
0.05701804056138027,0.05701804056138027,0.964824120603015,0.024108660475676193
0.05701804056138027,0.05701804056138027,0.9798994974874371,0.024261914747841746
0.05701804056138027,0.05701804056138027,0.9949748743718593,0.024413033153578532
0.05701804056138027,0.05701804056138027,1.0100502512562815,0.024561976632603854
0.05701804056138027,0.05701804056138027,1.0251256281407035,0.024708710622583025
0.05701804056138027,0.05701804056138027,1.0402010050251256,0.024853204894679137
0.05701804056138027,0.05701804056138027,1.0552763819095476,0.024995433387352443
0.05701804056138027,0.05701804056138027,1.0703517587939697,0.025135374039111494
0.05701804056138027,0.05701804056138027,1.085427135678392,0.025273008620869387
0.05701804056138027,0.05701804056138027,1.100502512562814,0.025408322568510375
0.05701804056138027,0.05701804056138027,1.1155778894472361,0.02554130481622467
0.05701804056138027,0.05701804056138027,1.1306532663316582,0.025671947631122738
0.05701804056138027,0.05701804056138027,1.1457286432160803,0.025800246449595367
0.05701804056138027,0.05701804056138027,1.1608040201005025,0.02592619971584184
0.05701804056138027,0.05701804056138027,1.1758793969849246,0.02604980872294643
0.05701804056138027,0.05701804056138027,1.1909547738693467,0.026171077456842717
0.05701804056138027,0.05701804056138027,1.2060301507537687,0.02629001244346651
0.05701804056138027,0.05701804056138027,1.2211055276381908,0.026406622599361232
0.05701804056138027,0.05701804056138027,1.236180904522613,0.026520919085964424
0.05701804056138027,0.05701804056138027,1.2512562814070352,0.026632915167771155
0.05701804056138027,0.05701804056138027,1.2663316582914572,0.026742626074538485
0.05701804056138027,0.05701804056138027,1.2814070351758793,0.026850068867666565
0.05701804056138027,0.05701804056138027,1.2964824120603013,0.02695526231086397
0.05701804056138027,0.05701804056138027,1.3115577889447236,0.02705822674517999
0.05701804056138027,0.05701804056138027,1.3266331658291457,0.02715898396846277
0.05701804056138027,0.05701804056138027,1.3417085427135678,0.02725755711928075
0.05701804056138027,0.05701804056138027,1.3567839195979898,0.027353970565324636
0.05701804056138027,0.05701804056138027,1.371859296482412,0.027448249796289216
0.05701804056138027,0.05701804056138027,1.3869346733668342,0.02754042132121767
0.05701804056138027,0.05701804056138027,1.4020100502512562,0.027630512570275805
0.05701804056138027,0.05701804056138027,1.4170854271356783,0.02771855180091066
0.05701804056138027,0.05701804056138027,1.4321608040201004,0.027804568008335372
0.05701804056138027,0.05701804056138027,1.4472361809045227,0.027888590840271663
0.05701804056138027,0.05701804056138027,1.4623115577889447,0.027970650515872105
0.05701804056138027,0.05701804056138027,1.4773869346733668,0.028050777748735718
0.05701804056138027,0.05701804056138027,1.4924623115577889,0.028129003673923587
0.05701804056138027,0.05701804056138027,1.507537688442211,0.02820535977887503
0.05701804056138027,0.05701804056138027,1.5226130653266332,0.028279877838119912
0.05701804056138027,0.05701804056138027,1.5376884422110553,0.028352589851678243
0.05701804056138027,0.05701804056138027,1.5527638190954773,0.028423527987035156
0.05701804056138027,0.05701804056138027,1.5678391959798994,0.028492724524576612
0.05701804056138027,0.05701804056138027,1.5829145728643215,0.028560211806369334
0.05701804056138027,0.05701804056138027,1.5979899497487438,0.02862602218816731
0.05701804056138027,0.05701804056138027,1.6130653266331658,0.028690187994526467
0.05701804056138027,0.05701804056138027,1.6281407035175879,0.028752741476909125
0.05701804056138027,0.05701804056138027,1.64321608040201,0.028813714774660052
0.05701804056138027,0.05701804056138027,1.658291457286432,0.02887313987873691
0.05701804056138027,0.05701804056138027,1.6733668341708543,0.028931048598078882
0.05701804056138027,0.05701804056138027,1.6884422110552764,0.028987472528498988
0.05701804056138027,0.05701804056138027,1.7035175879396984,0.029042443023987115
0.05701804056138027,0.05701804056138027,1.7185929648241205,0.02909599117031318
0.05701804056138027,0.05701804056138027,1.7336683417085426,0.029148147760821842
0.05701804056138027,0.05701804056138027,1.7487437185929648,0.02919894327431295
0.05701804056138027,0.05701804056138027,1.763819095477387,0.029248407854904204
0.05701804056138027,0.05701804056138027,1.778894472361809,0.02929657129377564
0.05701804056138027,0.05701804056138027,1.793969849246231,0.029343463012698186
0.05701804056138027,0.05701804056138027,1.809045226130653,0.029389112049251587
0.05701804056138027,0.05701804056138027,1.8241206030150754,0.029433547043640013
0.05701804056138027,0.05701804056138027,1.8391959798994975,0.029476796227016804
0.05701804056138027,0.05701804056138027,1.8542713567839195,0.029518887411232743
0.05701804056138027,0.05701804056138027,1.8693467336683416,0.029559847979925533
0.05701804056138027,0.05701804056138027,1.8844221105527637,0.029599704880871203
0.05701804056138027,0.05701804056138027,1.899497487437186,0.029638484619521174
0.05701804056138027,0.05701804056138027,1.914572864321608,0.0296762132536519
0.05701804056138027,0.05701804056138027,1.92964824120603,0.02971291638905701
0.05701804056138027,0.05701804056138027,1.9447236180904521,0.029748619176214783
0.05701804056138027,0.05701804056138027,1.9597989949748742,0.0297833463078668
0.05701804056138027,0.05701804056138027,1.9748743718592965,0.0298171220174465
0.05701804056138027,0.05701804056138027,1.9899497487437185,0.02984997007829902
0.05701804056138027,0.05701804056138027,2.0050251256281406,0.029881913803636827
0.05701804056138027,0.05701804056138027,2.020100502512563,0.02991297604717773
0.05701804056138027,0.05701804056138027,2.0351758793969847,0.029943179204415093
0.05701804056138027,0.05701804056138027,2.050251256281407,0.02997254521447205
0.05701804056138027,0.05701804056138027,2.065326633165829,0.030001095562494397
0.05701804056138027,0.05701804056138027,2.080402010050251,0.030028851282538842
0.05701804056138027,0.05701804056138027,2.0954773869346734,0.03005583296091583
0.05701804056138027,0.05701804056138027,2.1105527638190953,0.030082060739948235
0.05701804056138027,0.05701804056138027,2.1256281407035176,0.030107554322109265
0.05701804056138027,0.05701804056138027,2.1407035175879394,0.030132332974505207
0.05701804056138027,0.05701804056138027,2.1557788944723617,0.0301564155336703
0.05701804056138027,0.05701804056138027,2.170854271356784,0.030179820410643078
0.05701804056138027,0.05701804056138027,2.185929648241206,0.03020256559629527
0.05701804056138027,0.05701804056138027,2.201005025125628,0.03022466866688609
0.05701804056138027,0.05701804056138027,2.21608040201005,0.030246146789816356
0.05701804056138027,0.05701804056138027,2.2311557788944723,0.030267016729558466
0.05701804056138027,0.05701804056138027,2.2462311557788945,0.0302872948537398
0.05701804056138027,0.05701804056138027,2.2613065326633164,0.030306997139358454
0.05701804056138027,0.05701804056138027,2.2763819095477387,0.030326139179111682
0.05701804056138027,0.05701804056138027,2.2914572864321605,0.030344736187818636
0.05701804056138027,0.05701804056138027,2.306532663316583,0.030362803008920334
0.05701804056138027,0.05701804056138027,2.321608040201005,0.030380354121040697
0.05701804056138027,0.05701804056138027,2.336683417085427,0.030397403644594027
0.05701804056138027,0.05701804056138027,2.351758793969849,0.03041396534842501
0.05701804056138027,0.05701804056138027,2.366834170854271,0.030430052656468375
0.05701804056138027,0.05701804056138027,2.3819095477386933,0.030445678654416494
0.05701804056138027,0.05701804056138027,2.3969849246231156,0.030460856096383812
0.05701804056138027,0.05701804056138027,2.4120603015075375,0.030475597411558107
0.05701804056138027,0.05701804056138027,2.4271356783919598,0.0304899147108292
0.05701804056138027,0.05701804056138027,2.4422110552763816,0.03050381979338655
0.05701804056138027,0.05701804056138027,2.457286432160804,0.03051732415327793
0.05701804056138027,0.05701804056138027,2.472361809045226,0.030530438985921917
0.05701804056138027,0.05701804056138027,2.487437185929648,0.030543175194567743
0.05701804056138027,0.05701804056138027,2.5025125628140703,0.030555543396696482
0.05701804056138027,0.05701804056138027,2.517587939698492,0.03056755393035819
0.05701804056138027,0.05701804056138027,2.5326633165829144,0.0305792168604401
0.05701804056138027,0.05701804056138027,2.5477386934673367,0.030590541984861604
0.05701804056138027,0.05701804056138027,2.5628140703517586,0.03060153884069188
0.05701804056138027,0.05701804056138027,2.577889447236181,0.030612216710186928
0.05701804056138027,0.05701804056138027,2.5929648241206027,0.030622584626742676
0.05701804056138027,0.05701804056138027,2.608040201005025,0.03063265138076168
0.05701804056138027,0.05701804056138027,2.6231155778894473,0.030642425525430846
0.05701804056138027,0.05701804056138027,2.638190954773869,0.030651915382408336
0.05701804056138027,0.05701804056138027,2.6532663316582914,0.03066112904741777
0.05701804056138027,0.05701804056138027,2.6683417085427132,0.0306700743957484
0.05701804056138027,0.05701804056138027,2.6834170854271355,0.030678759087660046
0.05701804056138027,0.05701804056138027,2.698492462311558,0.03068719057369178
0.05701804056138027,0.05701804056138027,2.7135678391959797,0.030695376099873894
0.05701804056138027,0.05701804056138027,2.728643216080402,0.03070332271284235
0.05701804056138027,0.05701804056138027,2.743718592964824,0.03071103726485565
0.05701804056138027,0.05701804056138027,2.758793969849246,0.030718526418713973
0.05701804056138027,0.05701804056138027,2.7738693467336684,0.03072579665258051
0.05701804056138027,0.05701804056138027,2.78894472361809,0.030732854264705383
0.05701804056138027,0.05701804056138027,2.8040201005025125,0.03073970537805232
0.05701804056138027,0.05701804056138027,2.8190954773869343,0.030746355944828736
0.05701804056138027,0.05701804056138027,2.8341708542713566,0.030752811750919616
0.05701804056138027,0.05701804056138027,2.849246231155779,0.030759078420226096
0.05701804056138027,0.05701804056138027,2.8643216080402008,0.030765161418909375
0.05701804056138027,0.05701804056138027,2.879396984924623,0.03077106605954094
0.05701804056138027,0.05701804056138027,2.8944723618090453,0.030776797505160085
0.05701804056138027,0.05701804056138027,2.909547738693467,0.030782360773239578
0.05701804056138027,0.05701804056138027,2.9246231155778895,0.030787760739560906
0.05701804056138027,0.05701804056138027,2.9396984924623113,0.030793002141999894
0.05701804056138027,0.05701804056138027,2.9547738693467336,0.030798089584224142
0.05701804056138027,0.05701804056138027,2.969849246231156,0.030803027539303494
0.05701804056138027,0.05701804056138027,2.9849246231155777,0.030807820353234754
0.05701804056138027,0.05701804056138027,3.0,0.03081247224838202
