x_1,x_2,reweight
0.42485499299116897,0.0809388672665655,0.9468599703535062
0.03220028384698983,0.4413031217915718,0.9806356575133109
0.28606630955728746,0.4473125191753631,0.909813966730592
0.5994029829928323,0.05893130071765569,0.9834214906498522
0.683913094629649,0.4801504038409798,0.8718000266357496
0.4361187660386874,0.1712457468503187,0.9034868251217373
0.15031340847561472,0.3799442041566457,0.9119271563998206
0.7665275110951972,0.6514002191092659,0.5175555859427033
0.15376375420097776,0.49257357716952144,0.9103180742746
0.48378865742716237,0.3864833027039636,0.9650538972047229
0.08872655715362542,0.08691323922432855,0.9531081785056921
0.7099528223054503,0.704191214249621,0.42244319147434345
0.46595345269755284,0.5268414079978058,0.9446294997692277
0.5607070259285444,0.44718159796296847,0.9343215032972383
0.24382410219445536,0.11071892322569639,0.9209356300942568
0.7709634110178132,0.5114797948068287,0.9200288111939582
0.3535772144566915,0.6621240563362818,0.9231292605612159
0.448751502330647,0.5376723500342988,0.9467827819972846
0.6421846637210546,0.5147245239441275,0.807413147274594
0.2616981103372676,0.5106429183095921,0.889738436896745
0.13353017463273062,0.7850023865598847,1.0554338916256432
0.6652934038254552,0.425000190192095,0.9222827469443742
0.46250228139724464,0.6067602335267033,0.8978232806995728
0.6042321476083268,0.31429419263968045,0.8978418919903305
0.6058162826529306,0.01553938598049829,1.0224648339619746
0.5834595035946288,0.6463772751544632,0.6696326610160185
0.07742531544850265,0.7846776798462253,1.0958052543258685
0.1181927479991055,0.6508519005666719,0.961117900876008
0.7166517328954041,0.16110506649792822,0.9688866254077393
0.5279997768065038,0.17098405213967807,0.9011465453454317
0.5529592283952068,0.16448417472708066,0.906242596321568
0.5883815221984315,0.5600085041386743,0.776869499517326
0.5699644972868075,0.7453416999809657,0.7107232010683302
0.4199551719133878,0.614774798346189,0.9233804190253272
0.31565074916259567,0.021860928628256907,0.9874483717131538
0.21185760048154612,0.43189448390618745,0.8941937126019955
0.1981847917926773,0.04396460793170309,0.9647082369186637
0.4739887393426468,0.7353454248238322,0.9267775845476909
0.27334403891994363,0.7187305286761587,0.9337072053175199
0.24004093923494213,0.2471723211477853,0.8788564899905487
0.7794030874022906,0.7955040784884551,0.4262775817956746
0.03961477300598126,0.25875846061544705,0.969999064974586
0.2959815013123938,0.400341668023249,0.9162767741994026
0.5728666152131398,0.4512760538496825,0.9253305505695696
0.07831584481385345,0.3059881514662733,0.9432704854711327
0.6208815116225703,0.5830523669245932,0.6969355956431631
0.13071523589221964,0.14620944340608039,0.9217508710425778
0.45742726741153233,0.31140406229348394,0.9230278281816543
0.5355489150780123,0.4473504835134298,0.94836632644476
0.182705102489044,0.39495614587733674,0.8999611361409897
0.6399134366357053,0.3282669429923911,0.9091794658186311
0.5125349819093177,0.42124615521819975,0.9676520313033531
0.5757127976771395,0.4991414065276521,0.8785944338074384
0.7637571560812206,0.0944184230129178,1.0605104164745516
0.6258887365181068,0.3567178198768735,0.9176793686234396
0.16133948716972385,0.214945370326572,0.8964251572719572
0.3193376501140474,0.5175605411120899,0.9143219414798569
0.4153983509724102,0.09866175500107532,0.9372939467762085
0.27796658489458625,0.24202287119863977,0.8816309721880864
0.33742261224433295,0.3809973284087458,0.9381585913219186
0.3223565724482074,0.4529539668579874,0.931602026706449
0.40974940986878744,0.32086763621515985,0.9325258541225556
0.07254901009528884,0.032432415785131674,0.9818230862306301
0.36525769131403224,0.20101229840662116,0.8947297621239672
0.705417408986149,0.7398054084296973,0.4065110207849195
0.7240234649794102,0.4284296469888307,0.9604708177256758
0.6249325398158598,0.16024098170630785,0.9227990116019635
0.1345026177978795,0.35958784540204675,0.9182569962021866
0.37230467030035674,0.1324469808620272,0.9202182148927812
0.10828624391904428,0.19555508500631913,0.922918330320869
0.6075331282462526,0.3725676121817431,0.9206109188264161
0.2678078861252611,0.07508996979107058,0.9431781730348057
0.7389586441223002,0.7332275642352936,0.3814264790456076
0.5920221955401048,0.7777827553692386,0.7061019144148287
0.6211832605429852,0.2976838880229251,0.8942504205166728
0.33699694967810123,0.5710530077191893,0.9119316910107195
0.4462788141057743,0.4542928671403945,0.9863053956647578
0.5458971283923304,0.5508015560257117,0.8422114247830522
0.6584603877050045,0.7166428929833915,0.48262915492475905
0.0374617151639562,0.1483730816135811,0.973586575907116
0.5501437675805534,0.04476394591356767,0.9801521852630921
0.4847917449583289,0.7184594016623371,0.887039979513914
0.5450602953619091,0.7306208678081705,0.7623398935003173
0.11224442625665239,0.12929722432202456,0.9330430556898262
0.05239004131345677,0.06765381404860644,0.969271297807844
0.2764372468170011,0.4997851189620368,0.8967644248789077
0.09167126178062457,0.24594592126691134,0.9324737069314433
0.1703202300916,0.08047713062980365,0.9402576914230659
0.4857508215875472,0.5357147272164114,0.9250750478955214
0.21802204252587343,0.1604229134596789,0.8965779833780316
0.5510147130235705,0.6679864376104347,0.7246842785740714
0.4071184481635852,0.7907273458273396,1.0960887234665708
0.40099236188662646,0.2116791768159475,0.8946440224513625
0.16312549623135794,0.5874218143139437,0.9119928021537966
0.2599177937894212,0.644765990283713,0.8928972451687601
0.7734265189542844,0.7685662663333858,0.3745664141280889
0.7004665814091502,0.23082122327686738,0.9228515645960963
0.42664719381499083,0.48326602971657895,0.9816641374849557
0.7956703108155067,0.33125180853007585,1.0605669939464635
0.30730693822154964,0.5410493078339934,0.902346292243095
0.14140961563439244,0.6368197992332659,0.9396039092733757
0.30741328881284213,0.04407072878927601,0.9662513333246069
0.14763362134422914,0.6746189042504223,0.9525714044905975
0.32950862158051364,0.5904712853117507,0.905347151006381
0.15737751471800082,0.7921107048818933,1.0450657891194968
0.19914743251563688,0.44911353852045877,0.8943040117382005
0.6165178105879763,0.5365135638865071,0.7837141128030756
0.3581161662913669,0.24298578369910545,0.8941439867237643
0.2746551135475153,0.5645923434743666,0.8872637432623539
0.5603588309026308,0.6713226234272187,0.7045279631557904
0.3963208211909865,0.17525309090636032,0.9021721304470017
0.49341565265680737,0.04597828911760837,0.9709704273983734
0.618034316621773,0.6651502355174166,0.584978196908742
0.4233635392897731,0.7131612531014512,0.9519412993082385
0.7340346925601561,0.32538043590336996,0.963906614044828
0.2262397703194254,0.36720849997195615,0.8934373964516313
0.14440578627980633,0.2571307963734359,0.9036631602304317
0.6087728331499811,0.02891441378250379,1.011105236707951
0.3025110729977244,0.7895545119595581,1.0297344246752358
0.46170696969165254,0.011274727064728207,0.9979825115734102
0.4363544191625932,0.44182434776102436,0.9900029411781996
0.46367192036480614,0.5689704412586388,0.9186045989261084
0.6423648415276726,0.7912588369730704,0.5876424091116729
0.22515829815965988,0.6143405308083105,0.8886950988372097
0.7721891711994662,0.10043341212070951,1.0633812158184859
0.4678290669502352,0.30598416828502456,0.9172352184431208
0.6249239874886707,0.6820022155408032,0.5591399500430936
0.7064132502853218,0.6540699825928168,0.4940051308798715
0.7071315466948122,0.44875340473521963,0.9276379146109173
0.5806202241134563,0.6083782355443295,0.7192130110548767
0.006289693629815219,0.3243911578417471,1.0030547274076294
0.5832866522261958,0.5731013733913533,0.764509840255401
0.6044464562035974,0.3295205516562801,0.9044753710932847
0.6010448888631221,0.6803980901138842,0.6140679393223426
0.4800985457063403,0.2761651037342809,0.9004044404070648
0.6167273151384761,0.5045066253274467,0.8397326419163349
0.06926813763654893,0.13779379433730474,0.950792400073829
0.7500258634928902,0.13887158195835686,1.0131515564163556
0.2606053055548741,0.6257928841304244,0.8885992905355148
0.798923481135034,0.7419874208488104,0.42172382646748563
0.7523476451213196,0.6680272001194085,0.4698915439475423
0.7090089852267712,0.07818839863426003,1.0246436285440812
0.36038754746829577,0.30146942124862675,0.9140227517415306
0.7895152095278237,0.21259743551504934,1.0140216901786057
0.5458812349244475,0.46682913299886786,0.931621247678035
0.5092900179465284,0.4646693750892157,0.9583837759786804
0.6163107376127243,0.15861323922385023,0.9214898934496394
0.7715667037937277,0.5659901715902049,0.7677844379966532
0.3829830862808863,0.794204311717575,1.0941909033078852
0.7965524175993602,0.09954773385084331,1.0904820495399583
0.2708221554003717,0.03661056291354923,0.9732095006887145
0.3285235043886246,0.10653998770474633,0.9292635973117876
0.6346855388058724,0.08259467293909149,0.9798670280424445
0.3799821729032294,0.08284199470957088,0.9446375932251446
0.4253114032623554,0.1982935240546734,0.8962687644274977
0.6701290312065424,0.19037761182736876,0.9216208107655879
0.6006895413685016,0.7591412384580851,0.6449053426223227
0.5741129227248923,0.3571439602933965,0.9209280264108275
0.7990205486561289,0.37630953974267467,1.1036998858222564
0.232399134017915,0.6183157169642277,0.8880884979131747
0.11223362997973406,0.6930434730886136,0.9890765681321882
0.47468981215499095,0.6420459452247391,0.872419820040414
0.041342206137471575,0.33724851506964415,0.9701874470722677
0.4246427713840617,0.23707268349452415,0.8951593265454538
0.3071820236954985,0.784733860952163,1.0250756938091776
0.1323851631531153,0.712884405829791,0.9881376320713615
0.2635929911870837,0.6529035626961276,0.8960304060837437
0.5129847937374356,0.6412302400674416,0.811333870632038
0.46169612681831407,0.5787963601825221,0.9146083028149649
0.6306519240571924,0.15809017899676744,0.926295585110203
0.6048498165075091,0.24138535133608682,0.8843967306613592
0.5617043705519954,0.14702640525672292,0.9176433692929732
0.6017728212093646,0.5239299998617406,0.8193510877763849
0.36506821896636094,0.27249178996142404,0.9030165203895439
0.06281602202293106,0.49622393678760635,0.9616899080731649
0.5872046964921286,0.11583103567290963,0.9419469630957261
0.7336256795895656,0.1464599174552573,0.9931793795068967
0.677014073471284,0.4631295497235778,0.8927396946916384
0.4513145925014608,0.10643219991455305,0.9342817413010965
0.5424782325121167,0.7857200873256206,0.8809347964288201
0.030101710280479213,0.144685451698869,0.9805159217239529
0.04263094842472884,0.5177150696558133,0.977240874118772
0.5499548601565335,0.6241815291431827,0.7513827665226893
0.5163892775776274,0.4396289582046148,0.9633044911768975
0.6685604065818445,0.39790854061664405,0.9314210273067078
0.6139564821286665,0.21656798633582452,0.8909309772489133
0.12364275837820538,0.5836248508349865,0.9350035573474121
0.5679009116569824,0.4839446914959461,0.9022120963233862
0.6909979337817237,0.1412389418804235,0.9662694863789442
0.4956493325935748,0.06194011123688697,0.9621903085824178
0.08844327315649192,0.3482539663481907,0.9407937244989762
0.793832182230214,0.028696909815455387,1.1482886097460878
0.5124152581104869,0.18327348680048294,0.8960626955784268
0.1501341973690984,0.21386311506383066,0.9011395175595509
0.6792010696240975,0.7967814726119951,0.5111134959330663
0.2608820588459141,0.7457330824133535,0.9570712603795426
0.1755554040814027,0.568106292921061,0.9017175743814896
0.3906834026471704,0.5769330785918132,0.932213987920401
0.1856270353527827,0.7985147343335646,1.036300823424206
0.0961702147335089,0.743762050577344,1.0390494304646969
0.3716290648531124,0.40992899201999605,0.9626725854205825
0.3831330608683457,0.13738322985640705,0.917964306081232
0.4656441929997544,0.16611198025004761,0.904418713292124
0.2613246510479577,0.22550926849161837,0.880043745274515
0.5325786989972392,0.7267142081716792,0.788995801284461
0.3639035524900738,0.09917042848483959,0.9350585136754825
0.7327399116622778,0.535699603802751,0.7880536909645098
0.7115604444622411,0.04629900158637641,1.050303058325219
0.4538552121277434,0.7411413790743637,0.9638359618337259
0.778787501437583,0.45444693257772306,1.0446440415223774
0.7234529672933538,0.7401064586480651,0.38728756299379713
0.32289859924735237,0.374577962437637,0.9288520256427611
0.13880053466659606,0.649084429623791,0.9465455509192992
0.3893560515324448,0.7541599137219306,1.014627631426215
0.4889371470465159,0.09234787170115483,0.9440620955736965
0.3632000060606466,0.6221078232665058,0.9192035978091314
0.575648918840314,0.1685878642516932,0.906504448135514
0.44847237663816286,0.42325493391463875,0.9880842694524267
0.18672686242524508,0.3846808434307569,0.8986640745353992
0.26034692320101155,0.698857626390047,0.9187188177186667
0.33553444865102916,0.022265041852019964,0.9871694157507416
0.7951893429488058,0.5789884210294808,0.8013346872578039
0.39529293502919105,0.21304895590021672,0.8944436995409671
0.5247686249605531,0.7545472161339775,0.8504487403447895
0.3032580132749736,0.5340152673800761,0.9010499038975908
0.7277912530257358,0.4988328900857506,0.8701187922108742
0.6543619440940014,0.7524422837253548,0.4989129931185775
0.1431456691818574,0.6374238225373186,0.9385986671244553
0.2019661621236228,0.006173481151079141,1.0060073367387492
0.16307631347624474,0.35873098222909033,0.9052209178549567
0.7419542295297001,0.46215640623739207,0.9541815252431503
0.2394565015027908,0.14297139925269847,0.903651963615586
0.24425673650733046,0.3978569665204648,0.8964095461866052
0.3615206491476377,0.03688102642081361,0.9746901977207829
0.2446849051896301,0.22659249510054194,0.8791930825580779
0.27882736513012196,0.17044408989844362,0.8940138472006287
0.5275411838153119,0.32800862393755525,0.9170847295624811
0.12632520928431346,0.3150096643345885,0.9173236769305677
0.539074766160337,0.4003773395832803,0.9481295745421858
0.6404600297186887,0.4269254044393449,0.918523827457396
0.7185028911812099,0.6939364441931218,0.4271949107597207
0.008480896638389268,0.06420260738092116,1.0022997949849795
0.008999453679848292,0.2471513891611674,1.0015716262378345
0.5963144653432478,0.5485463487063854,0.7846566924187727
0.4752130531030207,0.7985675558705823,1.0853099652057985
0.06417505602902533,0.07591634525816869,0.963722692722551
0.726801483302555,0.7191945517135077,0.39654780393594324
0.244604836969146,0.38196374667622557,0.8962489696173099
0.6793210097058487,0.26563164350286705,0.9079889125831154
0.7898253583222371,0.3220742683667715,1.0424587567935057
0.4343479680169868,0.4649992269948241,0.9861200874111716
0.7284964458512377,0.18475645181915318,0.9627577824578784
0.5497570195131811,0.3535488923737024,0.9248666543350735
0.39581883796905465,0.7315067129603346,0.9819196156575011
0.5541664071604447,0.206408977615249,0.8879023617290518
0.6896794596132187,0.2707806736168092,0.9138713850624135
0.3745177253857135,0.1001154975183166,0.935203713845977
0.789418623980902,0.5111911641636459,0.9797129222425992
0.4846678618555693,0.09043460073663363,0.9449932113679723
0.013483584064697497,0.5727177733243665,1.013225751998053
0.05884047431936939,0.7982837475282722,1.1249527564855615
0.4397624685839991,0.606569225503955,0.9153094306107747
0.3753038274793755,0.13969537324960876,0.91639348526333
0.4989629855812341,0.5479621444135975,0.9022005672931225
0.5445119117391702,0.24366600382432352,0.8828975337866786
0.43131669627242336,0.45720871092305243,0.9885435822768485
0.457070024228555,0.5800229351996572,0.917674897096827
0.7260305651599008,0.27346461879021317,0.9401913079535312
0.26865251396170475,0.3879644508748583,0.9037040500520056
0.40958424774454577,0.6052682210874634,0.9255304537522308
0.08966804401004023,0.6435617576600384,0.979713547895644
0.041627722474608136,0.4795491518769427,0.974396742341608
0.7073762390431221,0.774712626937718,0.41619268700070994
0.6916228192026437,0.2660337347805907,0.9145005957373623
0.7221781518913305,0.6190374027317103,0.5618816800620555
0.6816169294757614,0.71868243563811,0.4443715165296737
0.5220454646944662,0.5930299952088813,0.8300844357223416
0.10916844049053864,0.6660740025466146,0.9762645876677775
0.30982284821927575,0.37424567584528995,0.9211676893186739
0.3857647019377146,0.5620727180078492,0.9361708232245708
0.7522698221714731,0.024777967071904786,1.107166490538968
0.6044594094217268,0.3143172710411897,0.8978680809587485
0.6640312274794435,0.4134131457692988,0.9271098562264312
0.5330095401621971,0.4850997288851188,0.927665438407609
0.46315630454944756,0.42454617848264803,0.9860712394462552
0.66071980340797,0.18282827758143283,0.9217188727556204
0.6734674453335354,0.23408117800067307,0.9066625183709148
0.45059163773077054,0.33220485029462604,0.9387405923213634
0.42470106102121374,0.09459756219954044,0.9403903327711005
0.4150616351033238,0.21964386504363445,0.8942793012003158
0.546661639590085,0.32968704082961076,0.9139043529570602
0.7579557088708726,0.5924489557205405,0.6667244762178629
0.15176716056447673,0.3599171554663597,0.9101265165326572
0.4490199193870602,0.5462900075187623,0.9420599721213038
0.28995469871361185,0.1190166874627753,0.9185047132395041
0.49077883385322424,0.05203246476003587,0.9665973011489113
0.7370768736097127,0.5192136977803458,0.8357795737961174
0.6098594348965837,0.6906708319833244,0.5885049781398445
0.1373574864784728,0.5905108236036894,0.9293055435338244
0.09529668637122475,0.28174371810778887,0.9319914012410949
0.008896123688878444,0.3801780203237246,0.9995916443804521
0.39379550545494874,0.19071552252994417,0.8976249570009336
0.47219581055931936,0.44228092939913444,0.9822633747033204
0.522184161719026,0.5944314603651398,0.8284878807129515
0.3390760483188695,0.14910659878104182,0.9093126797831603
0.1836016388451327,0.6684466131092885,0.9248405428734578
0.7765374154339668,0.7653997741120152,0.3771997387157676
0.12253686794256567,0.019867376150014507,0.9908923045038809
0.02609078782187977,0.16528792670677364,0.9836011593527704
0.04658570420492314,0.310470351346761,0.9639815925317099
0.2642030310459984,0.3087689550169055,0.8899589247608819
0.765881283566669,0.5226780959882691,0.8781887992436984
0.6644888580839259,0.3881226367947994,0.9302547276183845
0.27659667618279976,0.12935125530118904,0.9127470743927248
0.5964107973974478,0.5792701580124188,0.7374491821431794
0.10244685764431516,0.1309479111913368,0.936102923223952
0.324237572300999,0.7316688596484672,0.9609179364982816
0.08992773608248035,0.5338679399279064,0.9495857868843577
0.5137141526670073,0.6383646277334468,0.8112848233641431
0.7172456273446781,0.37747234989109213,0.9637037032976307
0.06550561573549185,0.47781031497332693,0.9582471821397781
0.3996194528668025,0.7148583202589426,0.9627581798431147
0.09723397536846515,0.1488071820877746,0.9346762160631952
0.01502525925066447,0.45106160586214766,0.9950966428499538
0.547303636836727,0.014627036480930401,1.0068811889955676
0.034818720839142614,0.2983790616432283,0.9759690997678246
0.5536370305615063,0.15543735732848385,0.9119859210536627
0.7393361889596088,0.7928064049898396,0.4072247041929857
0.03661390104168669,0.325167572690638,0.974342327879649
0.4180133181950207,0.7581742187103314,1.0182638723293425
0.368894027108875,0.7099648786410064,0.955750573241311
0.44556266531440497,0.33627285515535255,0.9417739278751613
0.2663735375368234,0.03892673297121494,0.9708199454023152
0.10333467656884904,0.646388751393591,0.9702021747955604
0.6714074706597876,0.11929552093510765,0.9700980660464534
0.742719405133879,0.7953820408561484,0.4110696345696857
0.19150626617518693,0.36457761513476217,0.896425029058694
0.41854511842986186,0.2569527262971226,0.8998091410088618
0.4709562991171006,0.03897798189805882,0.976217897216363
0.7938111215904525,0.2180735493667598,1.0175453036014273
0.3900508093448132,0.3903795995228416,0.9648275845770115
0.7575629300227155,0.06136371383060553,1.0802416453048944
0.21460634467812778,0.7373921561188798,0.955511148440618
0.1359705066428865,0.6726732051736346,0.9604408347838226
0.6553764406773013,0.04391659092700833,1.017650061813203
0.597254632083793,0.5579939260315113,0.7688134786158473
0.6421400568174827,0.46235605573591915,0.8878773811859688
0.19717125220547294,0.10723863212708135,0.9232623523023115
0.28229565159226316,0.07198948569079677,0.9458722881792808
0.2005262756632245,0.18456377403768381,0.8903161142971845
0.016163828174263716,0.19861296861618183,0.9939131330519594
0.310509035625129,0.3445352689602971,0.9143789274274499
0.24222215658167495,0.17484673642691445,0.8901602644027055
0.06157449629977574,0.36756463572855486,0.9569873279194432
0.10566275103602765,0.43877851404188206,0.9344104975892065
0.2590329394063206,0.034362233618795736,0.9756860011924988
0.06555450998032057,0.2840847052693353,0.9503746396867636
0.4727040629335851,0.7876261170041406,1.047277598335604
0.30231716891790594,0.1290253133689471,0.9156079084606075
0.3115311596878265,0.6209530970639676,0.8992455371644815
0.6676975345461801,0.05027397414873365,1.0187213260128962
0.6296080166331216,0.5117235753755269,0.8200075011207365
0.31219836793387173,0.34229462205871397,0.914545238825607
0.527307616337434,0.06661629937456014,0.9621227492684767
0.0973697007399327,0.5247781878266999,0.9431360702416877
0.15378139810481947,0.6539517444958526,0.9383801462537334
0.4235610797500831,0.5577565934487887,0.9451151393577503
0.037547046515891226,0.6008307193444877,1.0012711512262908
0.7474695708628619,0.05405652711679601,1.0733120271102392
0.2256086474040128,0.05668835375462607,0.9537425789514127
0.659247664266205,0.006620432634023388,1.0546521940808786
0.4841755278741146,0.7790616821301063,1.0031369373948633
0.4986217137521132,0.4482159254111817,0.970097852098466
0.11403204491462625,0.23881477711875043,0.9186259639712587
0.3131522285751596,0.47829003401545417,0.9201246766144392
0.5062372166464543,0.07074561372331685,0.9570914335238142
0.02270886810050561,0.17828070429680365,0.9874006515981942
0.5281545122487253,0.5933648741006831,0.820258329604586
0.23543052812510884,0.3693500815238884,0.8942841910402531
0.627972730350085,0.5562722727917278,0.736741687180153
0.1535665997395147,0.25902637495798525,0.8998045130937593
0.014999065634672704,0.4922277034738951,0.9982144273083998
0.28361003435319976,0.5570072549333835,0.8905203940266149
0.5381287698968714,0.15486267095735773,0.9111414788208766
0.18868082521574348,0.2444988172336281,0.8857388245436507
0.7063494920085722,0.296717249115872,0.9292519495611623
0.043184068184607405,0.5818548243072764,0.9896990287420149
0.49522810131614636,0.43028786375133876,0.9766735819583722
0.07885939444415309,0.3851568563048122,0.9468909759290031
0.7409527784449144,0.6234562412199471,0.5584852478163566
0.06814320698669914,0.791389537821371,1.109294060624342
0.7519538680242799,0.6190704759563288,0.5804509040127153
0.025626757772173915,0.5316757857117207,0.993293986470133
0.6436936139595657,0.7585522538866692,0.526472726240314
0.19623884659644253,0.5696761005222405,0.8920249736000101
0.16519921693672332,0.13224675943475628,0.9165533923817649
0.1800721250507162,0.23495782566302736,0.8885886245554887
0.342681893476652,0.09989345158554928,0.9332368966603642
0.4678545655978119,0.15418409395794958,0.910352788279479
0.6335276285502329,0.29450057434768134,0.895947032756929
0.05391501570348272,0.06096626699554815,0.9705533958094994
0.00760217107889023,0.18757025651995313,1.0043029931881478
0.7449664466238706,0.3514413554753191,0.987904996581434
0.6256982734387702,0.4164967431133011,0.9239439091530247
0.7988690659029772,0.7406667045306984,0.4223323247896345
0.2937111937492369,0.07347800432537666,0.9457446174903144
0.4672257861550332,0.4726076035331077,0.9752467412976306
0.5561067360274574,0.20856111416171164,0.8873269525689821
0.4502715822326653,0.4445100098265313,0.9871481936720593
0.20227009245668714,0.31585384628440893,0.8894091212300042
0.13603490984503513,0.6912052097681891,0.9707722095379399
0.46115200544277224,0.18390945855680016,0.8978879553565603
0.34942891543844556,0.17876398551125583,0.8989167057613704
0.6593842882789177,0.5984526159549123,0.6308248716653218
0.6579333066863167,0.1397652144564198,0.9499387320063697
0.5352126720570406,0.3919654424308613,0.9467170723525953
0.2595995488704606,0.4098699549724627,0.9008619466301591
0.6464118311950854,0.5899491114451443,0.6569459354049019
0.34704745068388737,0.5556594285267903,0.9198859999327647
0.3205184435300383,0.4997032626972396,0.9198478099078051
0.5879045844555472,0.5207417018149871,0.8373800102129099
0.4363482447343386,0.02499299685053078,0.9850052274412565
0.4730286877217433,0.7055329657733651,0.8943663630879418
0.14571787992263624,0.49581291767778435,0.9140854647175126
0.7288909653691573,0.4367638502389391,0.9609180885982753
0.6969215340124968,0.10268480368799154,0.9978535438386168
0.1728080425926704,0.00202037409352398,1.0146113741943499
0.49962933769255075,0.055586194790260106,0.9647741281730714
0.2875163903294512,0.3176901598266193,0.8982094606453432
0.4458869838738997,0.13883504289846024,0.9177831702521443
0.3454422185596455,0.682751813825071,0.9299502734254149
0.48560540507723327,0.5450311106574669,0.9186021786800126
0.0505757195912703,0.49591354618914174,0.9682402510541758
0.19978861164734846,0.12102563336883865,0.9147964538038329
0.13542957112699688,0.3446455440293612,0.9164491775887373
0.6445918089964598,0.28326862703417544,0.8961179064209104
0.08550147810776094,0.449814368954909,0.945618801838354
0.24003075431011905,0.5601508671581564,0.8821959849960562
0.18808199565226708,0.06212914932766474,0.9517488552946338
0.15771833336146585,0.15690936497452856,0.9095883761187386
0.44065686556122075,0.29320981600933527,0.9138885248978078
0.39055293240931077,0.1870153690264652,0.8986344155413083
0.5634995759426965,0.07022890936600845,0.9661786050654676
0.6440645877838612,0.34784119591134255,0.9158705609402346
0.08505998862598885,0.7563630643030009,1.0602565370121835
0.037790265400189864,0.09402502419431356,0.975949462393763
0.09271112393439288,0.2872124264724203,0.9343119212338654
0.7151662339590342,0.775741862303475,0.40608489148236443
0.41038663802461567,0.4635686436120282,0.9802241169807324
0.15528503290562626,0.3390505778176063,0.9069431015158229
0.7237587543190119,0.6806854837983148,0.44395278946244354
0.4680553038522172,0.6914602336910215,0.8915679192121482
0.09613881396587508,0.014724225995737328,0.9965702326855294
0.297372331692901,0.44819447281789054,0.9152030485878638
0.4170067236857947,0.44461369025291636,0.9861884862180248
0.0064001435068610675,0.5138441301188347,1.0083832350570465
0.5018392203696646,0.4196976444302603,0.9721321310081044
0.6513252445890051,0.040912171138642074,1.0192434450600567
0.24561888935416187,0.6142829241873479,0.8854578492950024
0.5838127003790394,0.6164181632948927,0.701977840729531
0.5398695427362336,0.5476053077828643,0.8539082450772063
0.631696094298275,0.20329187758624237,0.900407099331295
0.7512455171752971,0.7615798697262255,0.37179031516457206
0.5107982220738722,0.6932288671676651,0.8171622401932848
0.10619049672630992,0.23684839172611538,0.923026243285098
0.0356904007995718,0.2834141935013152,0.974559878095822
0.09611168765761607,0.15605223086378484,0.9342300919707516
0.6280030909421964,0.2507132691297316,0.88855190439809
0.10698114714934857,0.6505547458509526,0.9701260839979373
0.6922099018218126,0.18426346097407498,0.9373491718095179
0.44824263899132427,0.3787631065452168,0.9686569205150101
0.5717380812329577,0.6157505768048267,0.7230014906302865
0.1742386447019859,0.5934835039038843,0.9061604137589174
0.42961353099308613,0.5777515139549021,0.9346807957186127
0.4924891689993091,0.02077595396637477,0.9928985612998384
0.5421118269624465,0.7886524384899054,0.8917775788902359
0.24816191184983644,0.6254940179025497,0.8878456027259528
0.6899065954530735,0.19097842289472694,0.932031078896412
0.24442489398466005,0.5664393482825808,0.8820184263700589
0.5196542061335,0.2732085352928399,0.8918441588072552
0.38159704658333865,0.2613667275572166,0.900796869928146
0.11424061351297406,0.16962277160286768,0.923004598030725
0.7094910908374634,0.1626177048144445,0.9630446433758467
0.6689238360039155,0.3222113358214096,0.9152079047798762
0.4964149773724221,0.23796116218740906,0.8870942804237135
0.4129365193008634,0.1875749889099157,0.8988731533534118
0.37220281757550916,0.18801961399733527,0.8978492572003873
0.13270474761991916,0.278574157758814,0.9117876376336209
0.17028197885925841,0.6380956331777621,0.9198880416219738
0.3894973023306495,0.7897434348170527,1.0870290998914285
0.017511674240500954,0.6733847424424172,1.0529483482210977
0.7402384790764163,0.008845395993429329,1.1112215006887964
0.5763723164071298,0.6195526058323898,0.7101921223213279
0.6422980605068803,0.42555703700347786,0.918895438088032
0.6212193979205676,0.4508205227691699,0.9043108614762264
0.012493257371776513,0.14187578932591646,0.9993363435135172
0.5699226364109915,0.5417872556364416,0.8256394567139018
0.6295059296935862,0.5090650483370608,0.8248280884268743
0.0442319032750742,0.2934393085002753,0.9657069443904045
0.33978876632686394,0.7758560463176507,1.0291610370679685
0.16322362160349382,0.06828986159214133,0.9485648909778519
0.7063873858538177,0.28026062469180374,0.92657484679871
0.7311375969546487,0.6974379490759219,0.4182063452373018
0.4490730129575976,0.22151665860454886,0.8919088178544491
0.369677112367095,0.30738633223225165,0.9189072089425019
0.40136612746614003,0.17090308931270082,0.9036377618021485
0.13249898103137384,0.07092938275949505,0.9507364633854026
0.3332476073717768,0.3335433081954371,0.9212299826928504
0.3081522450473344,0.47269065670145854,0.9177403390545114
0.5241268095146318,0.4393819499079376,0.9584443416331988
0.7324758222297324,0.18392323905909064,0.9665799267888568
0.6999384328885128,0.5403353353035159,0.7510942577453588
0.23413833939040007,0.31584570790662747,0.8874549020460114
0.695923071739615,0.409515736855386,0.9447465111515937
0.7001777802700125,0.03485472257528723,1.0551286829112978
0.7204976816277293,0.3378150661641828,0.9543683904754039
0.6001740889584096,0.061584228570708534,0.9826748994477005
0.5883258974374965,0.4412533994513547,0.9220047425533437
0.6741756084894934,0.2871456413884917,0.9079265832312305
0.42302087722330983,0.26347944600831186,0.9020478216458445
0.1326277847189444,0.7869915196377875,1.057934172320905
0.07180539465011045,0.49519360595639483,0.9555327220254334
0.5261229926302768,0.3775657298631807,0.945504356765311
0.2093158614712315,0.04836020370927381,0.9605733260187168
0.7554540616702682,0.5569394591166782,0.7638434586356028
0.2687009222134466,0.7577291355164881,0.9725855441109982
0.1233038684231759,0.683821550481805,0.9739969269073174
0.43256462580817967,0.044350006382312304,0.9686552081666578
0.08319574859795509,0.7546393776143889,1.059646157882615
0.6903820729953164,0.6019624646276709,0.6073876439320628
0.6081940427873805,0.12416436902043931,0.9409665820416685
0.21919916124295807,0.5490139417318174,0.8844079865045262
0.5853086550823619,0.7012660336524625,0.6442902160429202
0.009108667064947706,0.46009997307440786,1.0010256980034773
0.6532288475206143,0.7779216965812812,0.5312924112969296
0.19686621372683552,0.3544904484704894,0.8944605861985193
0.13333138630154054,0.5051136526582057,0.921938664784774
0.4078288634563034,0.5751316395180168,0.9361086674768384
0.7147649187913181,0.24894129870840517,0.9294180065889013
0.5697919668288333,0.14198669312923987,0.9219165106593371
0.058075755672494546,0.4672017202405503,0.9614196577487593
0.47927147793563524,0.3955184551339599,0.9697755160155092
0.5110262229049051,0.5608072998463653,0.8776040781361242
0.5193529609872584,0.33094148418485103,0.9211006414675085
0.23242374918383782,0.4519972082923782,0.8922574192966661
0.1735438526997875,0.1083610590456904,0.9254545442267202
0.649522411563764,0.43763378289458715,0.9105592450584157
0.4630518668268037,0.6318094880561791,0.889748760497133
0.14333417065987356,0.28593307959429615,0.9067733831032798
0.3705268984659809,0.12354919683749693,0.9223239710887798
0.7737120741727764,0.35319188357801257,1.0334996679790074
0.2643014380746892,0.6829610814090844,0.9098257133975961
0.609668284500721,0.5446222761988999,0.7776123686973513
0.7384232307996146,0.3188990053287515,0.9653704162082891
0.7570809267025004,0.17234160506152385,0.9963409519005771
0.7535179993609944,0.24082960091201394,0.9659014618130568
0.4807723703683551,0.4155524334581682,0.9787222888324448
0.5298933611522417,0.7484902861266486,0.8249634066840893
0.30754673821137957,0.267965902060123,0.8904652175208161
0.5965573049472118,0.3626769535451693,0.9175163195000701
0.10070141918838837,0.5906899918355347,0.9527114399052098
0.39267927285352217,0.2653619399681558,0.9026021091526523
0.4275560831906008,0.7216461552549839,0.9580813020764947
0.2961782070472713,0.4457401613969507,0.9148061583108275
0.4444234756707747,0.5680093155718504,0.9314781471488601
0.20121341004356907,0.4439867438383453,0.894403209643015
0.7643208856156911,0.5051504587620179,0.9194404664044525
0.7164605498698796,0.1510126092556691,0.9761560944700272
0.526256678923422,0.027896751343213656,0.9909486239791637
0.6375629778479677,0.5146674840529285,0.8098063776708264
0.695918616049521,0.2873395315568807,0.9199363846412748
0.22113906792521007,0.5183081632337733,0.8853808305061933
0.5604804556161104,0.2906516058817434,0.8920603973672527
0.1843116644315358,0.0198487449898753,0.990196714403497
0.7658513674157443,0.6833679289844985,0.4486626041664801
0.10923682921559284,0.5923968968536454,0.9483059160265952
0.019783085607573272,0.7332109034251443,1.0947766627004152
0.566204449130502,0.194622777475721,0.8923949190947701
0.42507321241809204,0.2507042051232065,0.8976969456663441
0.6992503107424326,0.5219844979518358,0.7937507938352766
0.14473583859313496,0.3619787921568941,0.9131053002420799
0.4623527681038535,0.693215707461502,0.9009581063614831
0.33437469685158105,0.11382857049549795,0.9257798917156106
0.21237289661826486,0.6304228488141588,0.8964254849698265
0.1727326087587323,0.7896707235206071,1.0320240857052287
0.3524494444503504,0.06724672994554544,0.9524143416172753
0.6595391022798285,0.289421635460816,0.9019739420046446
0.26748780141347045,0.40055530794089683,0.9037026408064832
0.10743632127601269,0.07752664342536111,0.9515026824134903
0.7959106908149498,0.34991855746120787,1.0762609795977112
0.4074910878196252,0.722532984908265,0.969450929464438
0.37320197424466495,0.48451238606241953,0.9579172412877061
0.6524311948022362,0.11806523341765712,0.9620203024688387
0.4623880230993225,0.5597168137929851,0.9257724541594248
0.09216358902152422,0.6452208464332791,0.9787035843450006
0.3669206865181973,0.6681118971611626,0.92881823252882
0.2969882749198677,0.7767288315116168,1.0062817894269993
0.3694308657326857,0.08551949955252952,0.943112217711651
0.33043584199283027,0.2131157598945208,0.8898788091618545
0.3897336367906272,0.29013995897845135,0.9128688525329969
0.2151682584529418,0.012944451206917229,0.9970168522572093
0.7558692827452491,0.4438153432655361,0.9990397598570542
0.1471763100589823,0.2735205506896616,0.9036109540888458
0.5491896057553367,0.5291829554940203,0.8647023790262548
0.18843723537095525,0.23776638563592878,0.8858358812032959
0.5649228119801615,0.45037412252515185,0.930318354240169
0.5804207061141016,0.3058682803648779,0.8961990693638091
0.14216147853838254,0.5670343320074837,0.9213664172602438
0.3792073797291542,0.2081790832255412,0.8947134668387406
0.1447536000417327,0.4150957257845791,0.9151668965908948
0.5797566695140932,0.30111793430554723,0.894210624129987
0.1304101847916165,0.7373619744228649,1.008477462470474
0.7768129804262003,0.7701490093943619,0.37857455576876525
0.2178460517087717,0.21130158749164735,0.882035407671894
0.7521215379515322,0.2389551543970951,0.9644981048040281
0.6253019330516572,0.7542350850860112,0.5658503913349963
0.7806711751659076,0.0368834180112211,1.1276010206136158
0.1600119690960763,0.2958153236326703,0.9006237714937061
0.3759011149318572,0.6467887727621336,0.9247036732108384
0.6235833691056847,0.5688859238589797,0.7180131431995438
0.6473524468538079,0.058338613930576516,1.002298275481609
0.3473875406639825,0.7979904476720967,1.0792513797764811
0.6693117566430322,0.35347052772909626,0.9257775545330881
0.28149538455733397,0.4637091550699153,0.9053834381079683
0.5167873039873447,0.06628937306128017,0.9611161317549043
0.3535678538152013,0.6336641314033898,0.9174110298115405
0.5926255086639893,0.5314411890362264,0.8156057492390487
0.02067812038589194,0.7163952161854678,1.0791523477409348
0.6109640797900705,0.472990380467932,0.8850262529017001
0.5300144932442722,0.5722423433455439,0.8393394511129729
0.23956531483698884,0.5896123608221374,0.8830493173137335
0.04382716214056437,0.39653955772688976,0.9684778374955166
0.6598329169297243,0.3512337007803432,0.9215430461184679
0.36602973130086486,0.021091839822351324,0.9881452663698272
0.6030699426344115,0.7108413201551357,0.6024820446784062
0.5129803688470685,0.2937210304131032,0.9009367807131556
0.03347685508804617,0.013631599910922177,1.0011315966828485
0.6950560847134436,0.6957854729568388,0.4435986306853545
0.5008718579722137,0.5445767020678026,0.9038418066649394
0.059135999533029976,0.4807101122107855,0.9620400367742582
0.3007498535574957,0.37329133553738575,0.9160637375745254
0.6813615304825651,0.377762254669901,0.9379564302173056
0.49772751530938364,0.5374682988283357,0.9123214336326515
0.7291979286214667,0.21494680046565878,0.9486236617600464
0.48215943830358576,0.49021599608082006,0.9617136716054662
0.284195068843265,0.13016093869625964,0.9133178482833012
0.41635508942722343,0.6178742410094746,0.9240140899158027
0.4626002888851649,0.6741687049558585,0.8921183432746658
0.4679940043460012,0.09889966015296042,0.9383613507476822
0.062164497522659005,0.3622994982284937,0.956500362368969
0.5085906699283973,0.024388529861722665,0.9911470212596759
0.2947832286584821,0.7515763897851889,0.9715221269663694
0.7596413013694273,0.6290394925461168,0.5619349396681177
0.18639181637604274,0.6854696595283453,0.9324805170228226
0.036127999966856277,0.5762003422853307,0.9953805348168436
0.6024606369987651,0.7725202763069187,0.6613478490937725
0.5694460660294591,0.19865447287258206,0.8911375884627611
0.7149672337528526,0.5450662615658886,0.7477526688073075
0.1804684368396055,0.036415083580426534,0.9735235149947381
0.7187837723182954,0.22751851869184103,0.9358971046492622
0.3769119343285554,0.612952979877742,0.9224340831835877
0.11097756602751643,0.7508088088805394,1.0352272470009478
0.09311732895697178,0.4670708599827486,0.9424696409789343
0.6967015990698417,0.2886127855537451,0.9206201113091385
0.7147223154173524,0.35044230244753766,0.9543434282570283
0.3443005981004492,0.42288204680614894,0.9482395958702419
0.09260617243586111,0.24695140529013734,0.9318798501807136
0.5974473167911997,0.2987365052108496,0.8916007672272303
0.4306132647893808,0.7123076536220738,0.9469455422286732
0.14472072421574111,0.682085599249901,0.9589749705590525
0.02639963502341738,0.6216801875350816,1.0180703618767672
0.6296805397879259,0.5021887726686688,0.8358953486560091
0.07273654809455073,0.19123640589648724,0.9438652694523594
0.4432145481944921,0.08212043211680875,0.9468085192508892
0.7833738787105121,0.33417681199230675,1.0400543062133725
0.0877972030857789,0.14792645750204034,0.9398401511691025
0.2671252336280827,0.771274935638032,0.9879372289383195
0.49463921229325386,0.1822007716877815,0.8969174693155717
0.6329085972426741,0.611711275707148,0.6302276309045927
0.7724187912544062,0.7235962367875023,0.3922366686885556
0.37058796445943715,0.506016819879667,0.9494420523998527
0.01951143552799124,0.0263342630195722,0.999162750061074
0.7818426463899771,0.6517124822612788,0.5429679553722085
0.29235750612608735,0.5026995379358098,0.9024940727336094
0.5321393882679937,0.14503399198808112,0.915753783872295
0.5268404413692379,0.7621177698481105,0.8595643099130735
0.6690525537507185,0.3470067216262971,0.9232012032213267
0.173253111061635,0.17723934245352205,0.8986400386823438
0.04950467087897419,0.08672174124314465,0.9679310152378527
0.06732808033656933,0.0540089701930679,0.9685218311352273
0.6541649188102778,0.22060756260709147,0.9012991440269192
0.18870675614184,0.3172345681544344,0.8925585119176563
0.5507182189143862,0.4850590169642727,0.9138694317562317
0.2795681611769138,0.2437773505188103,0.8819637223417487
0.6750586314838127,0.3032809652109202,0.9120958394213937
0.7415825144396407,0.5383090537142392,0.7919842881589092
0.6856234172483194,0.009556379026406693,1.0681042797577087
0.7705893570682796,0.6468078974338911,0.5326848872931583
0.526088243204837,0.24128234576278126,0.8837976037891022
0.7292341479924255,0.2965674870276511,0.9478893745304704
0.7841730764280062,0.2451729160399083,1.0035195918377522
0.22174534162400505,0.7012349892741822,0.9256115146647562
0.04950024990501056,0.5186166629556345,0.9716082353145934
0.7251118925968413,0.40724045370066764,0.9728217715248302
0.007581413195841602,0.6203746166327236,1.034658086526086
0.6888931647999986,0.6715036858674437,0.47903696657732214
0.45354421450366145,0.018756687834576447,0.9920967965191181
0.462063182730021,0.40627916960464683,0.9787355497583992
0.7261700811229602,0.07719011408273993,1.0384870421354016
0.3168140422321007,0.6606178003524658,0.9101302735578489
0.377852764109932,0.07365051195532173,0.9498299648214731
0.31747221210749893,0.5378381827761427,0.9082920850970598
0.5652717671570172,0.1770496819748508,0.9007384086580085
0.3544340103138007,0.39963514015429374,0.9508527624159858
0.33298141700910383,0.3353592879359384,0.9217677427907145
0.4742306252211508,0.29054248975620817,0.9073366077376072
0.3064022605261594,0.32373912253707404,0.9066398705748608
0.5822677393061164,0.4420889983085524,0.9252665612694334
0.6023872767196068,0.18812635317573695,0.90060154031597
0.1469527103311566,0.48250186277867385,0.9135761368470602
0.6776683377625609,0.01550863494860133,1.057694928115199
0.3470476065021611,0.1519958686978834,0.9089394591875583
0.44001022005077045,0.6955320097738142,0.9254193368948626
0.7265609059574974,0.50629840208513,0.8535881171598129
0.384890206010594,0.6775459708334419,0.936334946464918
0.26565924768307986,0.40153360619359574,0.9030318612225784
0.028777078889426023,0.4788155367148069,0.9846807490312531
0.2856140591381719,0.35265443253229034,0.9060117450648888
0.31258632074182774,0.03884517232798164,0.9719893245147468
0.16170965238971358,0.19236727422873381,0.8991026747370895
0.4744507232264882,0.5311174640016828,0.9365246802214773
0.16818394648342921,0.18100528769633756,0.8992591605949016
0.17932734065803518,0.11763641647605239,0.9194300361065629
0.7705148145921302,0.3309166175433488,1.014159329980546
0.3191601090840641,0.15538377994222527,0.905108207807719
0.679394662976767,0.5399779668792487,0.7495350732467211
0.14147239423039776,0.1949295289305737,0.906663108147319
0.3777757532280663,0.16824524011349873,0.9042403658627672
0.41625936907680433,0.5770361474153856,0.9362517482053209
0.3292166947737375,0.013552742206234127,0.9948324026049163
0.6385666099409033,0.6280537601400712,0.5936377639606648
0.7634627037148524,0.04170187020372387,1.1023365825767661
0.166682935707839,0.20803765399749255,0.8949311385650619
0.14109079425632345,0.14392798757859496,0.9186145868495371
0.00790156122616228,0.27841640811464236,1.0016680407417227
0.4548554846842812,0.6673927222871154,0.899210524217552
0.6608408093672667,0.08891435732217215,0.9886163955052588
0.4833819495368027,0.6912481132234847,0.8689935291827019
0.15509292102404093,0.37576079042235633,0.9099195587134419
0.13230818032907177,0.4041653962866414,0.9212663191552493
0.691525693110377,0.3714912862546384,0.9421712615993207
0.011098828936526674,0.6352341719669321,1.0374065360089264
0.0025850161602917867,0.17337003977974313,1.0127775412550835
0.1929079345697331,0.3439300205278964,0.8942796028702926
0.2966291098264193,0.40078214793740474,0.9166570370005347
0.4923435819388667,0.027259548859984318,0.9872109744082992
0.604026926496319,0.18078710601651438,0.904969759412411
0.07950218620614297,0.7526964409835482,1.060262388935575
0.5719264368410942,0.7174354090679951,0.6808958352182031
0.050766042570990426,0.3455848612579323,0.9622314279694469
0.39265567775540877,0.09405723005970641,0.939839602052277
0.7905361106227483,0.7968254622593777,0.4622152667526204
0.5178954900957149,0.2617825222377341,0.8884969175912715
0.21730025424828128,0.45100238276107546,0.8919606224286245
0.6680353993391561,0.7984870601943367,0.543943786862594
0.6551625964647377,0.6691928181570206,0.5209789232498824
0.37394813032143626,0.10580723808991249,0.9326186313391402
0.3755233392167465,0.6916368525365858,0.9431703605239896
0.41757888366607815,0.24167655382564135,0.8959223917199102
0.62921666400757,0.15276582589312185,0.9294857732509119
0.3141034785701929,0.3673459418755798,0.9220212177407922
0.24459081395166393,0.6649264204625494,0.9005767942579124
0.6738950019003805,0.3313644597182184,0.9209350557425388
0.2900176211932452,0.4400733712984745,0.9124529686584506
0.7519205243057429,0.03010809319646999,1.102167776488134
0.0867702941079175,0.48529887681658224,0.9466404916298097
0.7542449903583859,0.21843852339189143,0.9710915397621414
0.42568107434032165,0.7559557663924434,1.0104908292825285
0.6142487926290544,0.5872113932798341,0.6994108011014071
0.32989753745493716,0.543567446300732,0.9147864691916056
0.05455635759809594,0.012275332311090282,0.9974874689761325
0.617296200615599,0.32339127742709384,0.9034060378487394
0.1991316900232529,0.5098028058985206,0.8904685019262785
0.5307755774669504,0.66041310734572,0.7696318830793833
0.4020466843245471,0.7921940070828084,1.0992761246822926
0.3067816359230823,0.24519954612322944,0.8866824331178769
0.3426133965146099,0.22419512303914246,0.890866317321489
0.5772720155297532,0.77427061773324,0.7411611060960225
0.5373500224899769,0.7503404836762314,0.8084587810547877
0.01636591624803474,0.09121105954410141,0.9948164704363822
0.5353900149923551,0.16183413827123916,0.9066679041375538
0.4805599466828313,0.35967205921862155,0.9502727520673913
0.7825647077450876,0.7056973637500956,0.42995857435638507
0.7750140938955106,0.4942828246225685,0.969160484902514
0.08209102038136225,0.21587452640150354,0.9368897720513917
0.6268598791277924,0.6082545903952432,0.6447701294264541
0.6248367231750782,0.36165078199727,0.9191930568084374
0.6370014432046928,0.46832855133367995,0.8814309572068346
0.015613225035794721,0.5075742798105071,0.9993014904539906
0.1305782395389743,0.7327571070080164,1.004851045117784
0.30103775962194024,0.7307433461263154,0.9510245345976008
0.6103831999421407,0.4565856137731114,0.9024189196263963
0.49475422353692394,0.1348349744715776,0.9206512916323064
0.006246617006688205,0.27091231751382877,1.004151112132568
0.2514808445024112,0.11531809903204593,0.9181473403320104
0.4751509382464849,0.5734549136104026,0.9063531346315051
0.5372020729088569,0.31915850298292414,0.9093851298246935
0.7303086366671971,0.5165773136797674,0.8341700903645399
0.225195728251257,0.5607753578986725,0.8836773145628346
0.11155249848932708,0.09787604568405045,0.9427600625253272
0.3467599306709941,0.7527306354282414,0.9971419195426049
0.44103677246362605,0.5183847691278886,0.9613870174194408
0.3166544119324436,0.010764170973801779,0.997533057804554
0.2738544621608342,0.5540225480817584,0.8877699518071945
0.32528943410297667,0.2614837458984593,0.8929421112443002
0.20641451530541988,0.022586611032161932,0.9869071841894539
0.14582258545379254,0.01183807882644823,0.9998112759749489
0.700340496999613,0.7157573548617169,0.4217689153821965
0.5139041610098423,0.3314448541600197,0.9232281965435959
0.2722369140301599,0.32965717759331387,0.8967252513815483
0.5647800839394422,0.6118368159439882,0.7401214475551671
0.19339867876867461,0.49233324136003476,0.8928944027690316
0.2596395140854675,0.7188298542444048,0.9324439898072272
0.5108042639180045,0.6897351143417993,0.8162306159990242
0.10222112642533761,0.6586987405762124,0.9769343261130535
0.29260592274074737,0.11875650694988282,0.9189580897273029
0.5003952826421013,0.459331106940868,0.9659582445443025
0.32785581514244244,0.08252646617695279,0.9421445452503007
0.3991429851058141,0.15646801459573192,0.9098638922556508
0.13300024929329385,0.571287623224236,0.9287221890824111
0.642793479284581,0.012023722148238304,1.0404995708234699
0.547318544719527,0.5142564174837495,0.8862734011889855
0.1962471871086259,0.3109786115403793,0.8898698827265084
0.6670855773404023,0.5673443064819226,0.6904729806742639
0.3815247267053211,0.36622142336667757,0.9525312454031283
0.11782209717002035,0.6879694572766231,0.9809177812654065
0.12390560152068027,0.46562550506672623,0.9238797184527049
0.5799987156375052,0.22952921784223765,0.8840532423739679
0.3742102171807127,0.6247593343313051,0.9230439598240663
0.1404152283710939,0.4561757237429726,0.9168059098884012
0.43056253302755243,0.3861605495403237,0.9742052497419298
0.7871531956026182,0.2621153295815981,1.0099987177369343
0.37220145865035115,0.2175428032709169,0.8936234369741352
0.3223747507457289,0.290470883646656,0.9004412305027872
0.7008064766646314,0.08842666310034,1.0123111726247294
0.07705852842777583,0.7004015486930425,1.0194922170851952
0.19429795382054513,0.2577374459414502,0.8845824806481195
0.5700227581536723,0.4488159496353311,0.9280528618233539
0.5226636382116799,0.346145526392835,0.9280511975440701
0.2112710723755046,0.0022671349105944038,1.0126751560939218
0.567295177826851,0.13338674423914298,0.9277881590446738
0.5358722031048824,0.43146160403940503,0.9550296790023989
0.6298622101934739,0.45720210138752526,0.8970401194679682
0.7330859276541668,0.11907620444780723,1.0119611324088966
0.055525319717154,0.20038686735245098,0.9546431049893682
0.4314568405095365,0.013455456413865453,0.9951730973141434
0.6909464840306355,0.32756333007202126,0.9290205067756616
0.7000862619614558,0.6653607406881443,0.47877843646828877
0.35726224433317066,0.2617481739643028,0.8984118947515025
0.6280255496562236,0.04432005346775654,1.0044132602695508
0.08896138246946217,0.17339940005709265,0.9358754975311349
0.6180235689368773,0.7890571190513828,0.6510845308708582
0.7137579195306558,0.6092739779979116,0.5867012706592043
0.40599613144690444,0.6137517017915991,0.9251920369281252
0.3823213426087697,0.3091672134834427,0.9222003644389142
0.6433078399050118,0.619165678066552,0.6030601276380223
0.6039633610229403,0.38661854341929325,0.9237356017662751
0.46233177897620037,0.4597716117017169,0.9815516710763127
0.265854588750342,0.7499124299456112,0.9626564073379851
0.6345051977082045,0.6643376100396381,0.5555119027197015
0.052155134953303865,0.7696482271594469,1.097548417446714
0.016232978902547046,0.7452043205007198,1.1084613619693018
0.7668613765259983,0.36528762862432523,1.0268132259788452
0.5453153189466289,0.7181263459346909,0.7492456215640725
0.1472716812032382,0.6097281734792883,0.9271582329688315
0.1971493964272659,0.14910072190849366,0.9031560388215407
0.4125906434936078,0.5340926408614056,0.953861465570382
0.2073240483782507,0.6465339605043562,0.9032122606033
0.5427488508910444,0.1465224655239001,0.916098118981612
0.08835800143953981,0.36953620030203266,0.9420729415231655
0.5629185527231478,0.10191306020385138,0.9456334949799249
0.6804160851031716,0.1072775452181551,0.9856110610899418
0.3554961483130228,0.47682222665447194,0.9483561438677809
0.2724882632120817,0.45739114799315983,0.9023141119975122
0.6076910420788405,0.5952503117983725,0.6962710064979438
0.2712056270098824,0.1200082329816885,0.9160555217514132
0.6977880065418591,0.1373870553305064,0.9735613184157581
0.39598457894513833,0.11467777665108558,0.9287379029781966
0.33019574863758133,0.4270521697637817,0.9400700983986503
0.5966884016096599,0.5490593581490468,0.7832522048895411
0.24844027222049753,0.38513242422593186,0.8971531028002611
0.1086560634025454,0.24908892868444366,0.922252309201706
0.09077975870129018,0.17374100984105773,0.9349193200896564
0.3637318921354596,0.5656792316366374,0.9261617457661679
0.004246672709205868,0.3184520672313522,1.0064162575283053
0.5896618506154501,0.0806862446645475,0.9656958433938584
0.054658991254389826,0.24263431054972912,0.9553839704199343
0.7690767949797904,0.6498264865721921,0.5239294909298925
0.20138705988455463,0.3918537002747283,0.8956431298114614
0.7333928296353698,0.37212408056277835,0.9804893223994664
0.4903607449240959,0.26193544056495005,0.8928867905043164
0.03827843230005366,0.6619962274306292,1.0273796414620473
0.3010890766979366,0.4051745411296411,0.9195404414789919
0.44679716524834234,0.3970423973037517,0.9765924623813559
0.5662349798587387,0.4240521404455471,0.9409087726663966
0.052107433726857715,0.6786258465750157,1.0237303302634195
0.3741607762160456,0.42997571772028276,0.967916487325202
0.6108922207015328,0.21253789087385036,0.8917933820953942
0.7232267296921832,0.6463603748810399,0.5033871826722657
0.14274906389225003,0.7121087627808262,0.979065850876079
0.3574348971131951,0.048407356313626075,0.9640940290218428
0.5725885743656501,0.3557074600795068,0.920544804880858
0.022012374548527627,0.41230373515074015,0.9878750907959014
0.5293760831355122,0.6702396532117669,0.771964800924832
0.37837730440633577,0.034335429387398884,0.9777471905046596
0.5436196822719079,0.11921647082950032,0.9314670308910856
0.006723880091150303,0.27952979999605276,1.0033098914691374
0.7849286530542915,0.2917254522563737,1.0169873561844074
0.5760693875229399,0.05735817791362372,0.9770947553098123
0.6101915577707748,0.34379853532074683,0.9098024486582102
0.05264714119777976,0.3104074278740619,0.9594098530496777
0.2964167189115841,0.16917892037775906,0.8966350693563825
0.4911780902704981,0.7979623597409975,1.0559008089730009
0.7238846618950587,0.7833881475065889,0.40518860171351967
0.025848403730710335,0.47623115358695184,0.9865996644137499
0.45812276380455796,0.20184644733842197,0.8933782903572064
0.7063823887762447,0.7798189394746833,0.4247695507706942
0.7495981020788438,0.6311591377889171,0.546443009858697
0.5271514608581825,0.3491114214722757,0.9284571391996828
0.23965381036055178,0.5360751896915664,0.8830126514830743
0.03247062181498235,0.204980724780435,0.9772280054968095
0.08740603953008358,0.2392131742699184,0.9345588212756921
0.47015188937187136,0.18489217294795895,0.8970746414176674
0.08051195812385617,0.26405030562140386,0.93921311974452
0.3525536033237801,0.2734333385159002,0.9014978622052483
0.32282131165282446,0.705585723014734,0.937531756301315
0.7560588929468496,0.43683649759194654,1.0040493551480687
0.2589226698088396,0.23296887996026427,0.8796521567738719
0.2289738326472823,0.2986346067034053,0.884751780649387
0.5973404295290237,0.0928890809680259,0.9609037686440288
0.030187154941984585,0.5545809654364033,0.9944644496656173
0.5866553019526821,0.7333998746295061,0.6548258626237637
0.5338187882100599,0.010627793041910572,1.0067854783985648
0.07557665055516401,0.43005887845081514,0.9502101556708609
0.4229453024961231,0.1861200681502262,0.8994002792250606
0.08125136014693464,0.12401718913614551,0.9457867283670006
0.5668132308829215,0.5616278705443086,0.8017431285228199
0.6025933322323863,0.6361096212729209,0.6437475117932963
0.0909119672488819,0.45922279389472237,0.9436276883380802
0.7660394768565397,0.6810365920590367,0.45318697880234743
0.40946328934839793,0.43826868672005875,0.9838323862629849
0.6590005953910405,0.6757034754318182,0.5093524157666445
0.7156707716435244,0.05807470931759511,1.0440949650601639
0.2716264985942692,0.3563608610389178,0.9014661335518942
0.03466120536011648,0.312989591282358,0.976401553206076
0.6499522586482089,0.2883214388285887,0.8983918926829801
0.32504821816568125,0.009753522171255469,0.9993393297146073
0.474590372941264,0.495973254589594,0.9614106245098533
0.47438705648465035,0.5209739218476458,0.944220251134194
0.6777783478947219,0.6656709299670257,0.4981689405561804
0.4665464605491786,0.3843932845545146,0.9679624043517788
0.7093587251675859,0.22881385026586118,0.9293486521762676
0.39596048051336946,0.02816043513494142,0.9819516244550276
0.6766223244674721,0.05606089840984172,1.0191954498601157
0.057680149232772496,0.6381432823734979,0.9983875098084579
0.33185491509145193,0.5516204376577647,0.9134809515764704
0.06038794272442294,0.3888642255861042,0.9580850389881068
0.3879068524605902,0.1611811560000015,0.9075267739875296
0.4321909326142094,0.4815907996103265,0.9823874294308804
0.5582357882675085,0.589631957791317,0.7778760639960876
0.3836000760449039,0.5020303757625668,0.9577539688384413
0.507622387259353,0.5335992981196036,0.9065549860790224
0.23016674752613211,0.12250751285460276,0.9128314684451059
0.352701131451878,0.04125547140728694,0.9706045596602325
0.31539659586807955,0.7056918600980054,0.9347993513018421
0.03218898446097036,0.6467587450017753,1.0253337692722946
0.7338317779248369,0.24251421171707374,0.9458839442960221
0.5311441798731051,0.7299132063221907,0.7966065565500828
0.6595768247380869,0.7336041862556859,0.4801131989065967
0.013667573093746554,0.49876493116365916,0.9994171325722884
0.4316719957261908,0.28127824292735387,0.9096213988984734
0.42897212390415423,0.21794069276765102,0.8939679835731333
0.35525996037288615,0.19165485570293656,0.8956932337067757
0.7311200278500429,0.11135239612018362,1.0178416106678159
0.7293599671904785,0.5748427909742103,0.6823800302846889
0.7256906438249136,0.6409533458648139,0.5141070031406639
0.3040889249543368,0.2118647758918889,0.8866050827342562
0.08621316130165715,0.6034992579884375,0.9668653256596207
0.4940989450044091,0.11004504238961328,0.9339307531067137
0.2853784375381156,0.26046833419470766,0.8846196265589704
0.3563791448768944,0.5380303974729043,0.9298303148372709
0.44407361600956446,0.44788339011614636,0.987467532761338
0.6373018111098245,0.2539443570384154,0.8907699729691924
0.5422679610435446,0.3747562740203587,0.9389752106104039
0.4160847363343503,0.3147779105411891,0.928683723348357
0.5419930550413009,0.12372701884435733,0.928223374766481
0.19164844211365414,0.29677045501329763,0.889334296680099
0.4717611521635921,0.47141283365885905,0.9740424279799482
0.6718885161829773,0.015523386156315766,1.0538491148250166
0.342337270874571,0.35728274515322306,0.9331883100238307
0.05619218038080716,0.6686372529356901,1.0142183383439571
0.5143761000826479,0.14818815396138182,0.9132860694530476
0.21754894166504385,0.03517018565207195,0.9743796681097575
0.6888277922140317,0.7020611236195621,0.44546383136709555
0.6554211954934189,0.7615732283139967,0.5039895342255439
0.4521228042214766,0.6128396438872573,0.905365573782377
0.35280807448094553,0.4328984704335305,0.9541399221053067
0.06592021169108575,0.654555253879928,1.0011388862777784
0.5818435776354598,0.7892631344030524,0.7712259070660383
0.3414984582404695,0.5436829720130392,0.9203229634329753
0.26899932218082895,0.5830418819039362,0.8852609292799085
0.45399291979339895,0.2201380268498513,0.891574621449054
0.6888279843511542,0.5059698214896721,0.8258797363333065
0.06691881781694163,0.22368102002371018,0.9471053462235868
0.6781714207105463,0.3551792800447968,0.9309981877488026
0.6602760234713445,0.36673372420199374,0.9261143867742366
0.40651984902564353,0.4978923496139399,0.9682115283500264
0.05334735003485518,0.6865195133658597,1.027251678638327
0.10501756661247397,0.657724584388176,0.9747661947824972
0.32988736663880786,0.7108062774158128,0.944100810983147
0.7331176412018229,0.05517788247370623,1.0601490435646483
0.7759851195476472,0.13259664421730255,1.045756483446396
0.49586682567531626,0.7708422848947811,0.9536771548024642
0.03022888926487646,0.13278341307666147,0.9809251885603671
0.03082575976600115,0.08330807342913343,0.981669101998854
0.7615149913078639,0.11275790034583429,1.0442452854718531
0.22091115842796205,0.777630366647002,0.9973888944413646
0.7960491275061515,0.5676192342539154,0.840579102526053
0.28491034070753923,0.2623165295914127,0.8847938165957213
0.21999704346197088,0.5667553033857843,0.8846589257614151
0.6738711118332682,0.5596802423498033,0.7056555580704187
0.40015974726568504,0.288592472086079,0.9128592243182899
0.4582053569739003,0.49341540089490943,0.9700169038881397
0.21568328931946656,0.6355806246970179,0.8965847998387536
0.6632066476163017,0.4321104945231225,0.9174596049991532
0.34954546867526526,0.36292009986243867,0.9382731595474073
0.37787567566766794,0.7504534751858785,1.0055505520269938
0.1997464233173666,0.5123687987012232,0.8902065988483068
0.43471866332915693,0.7518183064404874,0.9974527665949415
0.49765742405541663,0.5511094918528207,0.90033278177552
0.6307001684449849,0.3562593968427882,0.9181561801768302
0.5239246539911352,0.03598353453104277,0.9846041535214649
0.06634866137733253,0.43407601961310577,0.9554895706589628
0.4772258939186467,0.6117986926338508,0.8805598761259775
0.3808841075412166,0.17905268036285832,0.9009093358387279
0.33798773427996065,0.28094963318092264,0.9013750509187372
0.45531999104267834,0.2278369192913724,0.891665135161948
0.19256979382056072,0.4566419720732364,0.8953540533729057
0.19702935713752529,0.7156164434181029,0.9452784298711906
0.3071056302916535,0.42656785720068263,0.9238590578560317
0.29529214217877425,0.6693353872288264,0.9067976711307184
0.2441531599713784,0.1351352309707398,0.9081188331912422
0.38750145006660736,0.20352844473657364,0.895382713113058
0.664638169438184,0.7769551347976377,0.5017325733140179
0.5290969475917924,0.5750317108345263,0.8380327797480818
0.2008878777289975,0.44407357453590723,0.8944366459707049
0.7343004139222055,0.4348489876235244,0.9695965245071035
0.7247846937527465,0.48674644354357244,0.8908221410104608
0.18041956875789175,0.15995258424226508,0.9023359835043676
0.42819950034517573,0.33301074990663554,0.9418284664976373
0.349441153783918,0.24540252091565007,0.8934764678943611
0.6646902901038445,0.48096417209998976,0.8641827587675467
0.6108439788986326,0.614836030522016,0.6587273434462827
0.7530225892935376,0.3590034747075703,1.0036391018297253
0.40002461133593165,0.4781390130535729,0.9721240876794831
0.5798482866039038,0.10229176267647909,0.9490584806095621
0.19265559946333646,0.08533767781616214,0.935903775675466
0.5244844011681654,0.5541918252158727,0.8656174268942175
0.5174724707297188,0.6551507544258022,0.7983686451581508
0.5777640077285658,0.5042318230896071,0.8712159838816274
0.2536873716240141,0.6389925311764021,0.8911461623882384
0.25199869345544784,0.40021540293558583,0.8983813598254218
0.21130684474604663,0.5342598520102085,0.8863390519491203
0.45147347605093247,0.043157500685085816,0.97096341391119
0.4776617940491826,0.4675933639401823,0.9737706616305613
0.21544145530952408,0.029969359722974168,0.9786870060879059
0.29884300381896667,0.21238759339817304,0.88576789174291
0.6128120198040282,0.2769296119212338,0.8884712387875497
0.4370430127788547,0.39128638204959404,0.9757396003359232
0.22905264576821216,0.3496467221992635,0.8919996568784281
0.6348231817140753,0.3913474759463556,0.9254080504088521
0.782370758609984,0.12599559587257678,1.056227712734794
0.3772012633879467,0.6241679069383288,0.9238492798833445
0.3142166520542629,0.028821330406464885,0.9804959641715624
0.17569067147298345,0.44441285680375153,0.9014251317950178
0.47857966483218395,0.1511638670582933,0.9117147530314527
0.3028411872231674,0.41671882298279395,0.9209704762365138
0.4060716537964151,0.49953756224429385,0.9674696198871384
0.258586875258272,0.6698054111054317,0.9025143164017169
0.3108844941675849,0.14847210285292292,0.9071202077466349
0.38409947936372985,0.7105949026336479,0.9588397020658712
0.2047119122772615,0.4359206264783142,0.8947072660722311
0.33754592418307044,0.10135096739426147,0.9321081229147302
0.47515107643705606,0.7045049643298859,0.8906689361174008
0.38356248953208383,0.05615208579229112,0.9591222292513837
0.2134303733584636,0.5270743014152521,0.8861331948309318
0.07406406973226672,0.6097069439372185,0.9767925212540566
0.52741778764529,0.6095240944311403,0.8067356788890866
0.16045699467417596,0.4697041755923599,0.9071943012281833
0.7155785941167043,0.7277588612560063,0.3994321703400044
0.4041579069112727,0.23465610174052368,0.8952708833481174
0.4066816729959847,0.470238871198906,0.9768309031273001
0.5887524979958041,0.7968893781732436,0.777098847549784
0.5989738702124707,0.3879308266266204,0.9242661163151527
0.5178496148013605,0.13284416527540774,0.9228140137421942
0.18207436719914477,0.522601585458835,0.8963440805849779
0.5630832719074665,0.3723376074244902,0.9310339374030576
0.4670027203965962,0.74866652429938,0.9582329096124045
0.5131543420332214,0.7865936276686653,0.9649978409842569
0.4172361182577749,0.568686199139475,0.9396529748743665
0.22852641987719402,0.47422206849546006,0.8895983391305597
0.09975392107123726,0.7953428069410141,1.088805970579927
0.6733532775462742,0.5656130328690557,0.6926861130751819
0.30715040305694985,0.7976105138307668,1.0470649909376877
0.22600365973907577,0.05788600740244068,0.9531893964862416
0.5135907329791757,0.09918003020471958,0.9408038279953863
0.08510395553939168,0.5936132879537337,0.964292728692849
0.2981912166328044,0.73703785295015,0.9559837828234475
0.7034499223368367,0.3111959317756059,0.9318008225473408
0.010980408984602086,0.5910560541167559,1.0204274879223036
0.0007233872360238536,0.08123980243189957,1.017910988459061
0.268532261008402,0.4174222128859958,0.9042057406885201
0.6094448914145665,0.6191566442578087,0.6538948006367008
0.5623303492290147,0.645072581150253,0.7111553574298692
0.48544646047277107,0.23709120991947216,0.8886105036270513
0.604255401047164,0.7471763320256399,0.6190375218246243
0.1241940565926389,0.5505168579845996,0.9286337007128493
0.3338512465539427,0.18155194208442432,0.896563847220708
0.522923422102382,0.5005540959669331,0.9227634398451671
0.25170031734494025,0.5893216476940961,0.882840996029608
0.25194850923676126,0.10733353952845777,0.9230162644767244
0.24857832217637751,0.5045087898084513,0.8873054958037621
0.33281518378624836,0.6978789514039687,0.9352399353443308
0.5923082629318354,0.5468854885306988,0.7923111638865101
0.4295901505750863,0.2593966080724731,0.9002185823154457
0.3480219465432479,0.0964830310251636,0.9358321387906947
0.3944412468346256,0.5311797623655056,0.9488601606456751
0.7371579243208282,0.740397502444107,0.37856544836063705
0.42039076695447597,0.7673346708030038,1.0334857620561562
0.6776270395544972,0.5313211869035106,0.7682571765005957
0.28276500446994207,0.4495634509091721,0.9081481097047275
0.5986231755903523,0.33594805715671977,0.9065594499981886
0.5014663601809278,0.6654557805976626,0.8287379243505927
0.23039853182347986,0.5387974355666233,0.8835948651397849
0.46206989539614274,0.5594450174230438,0.9261991091664213
0.15273528054447896,0.34752777103069177,0.9087020987715796
0.07222769077187285,0.6409713724870563,0.9899086574874849
0.59170188464054,0.12770550315587315,0.9352244070696752
0.28584283002626315,0.4679657999476008,0.9063799773511527
0.34122062613002946,0.6647433675857513,0.9196860150403322
0.3228555206555461,0.425014672805074,0.9348243814097412
0.5869874770818818,0.5140401242047995,0.8489944875040927
0.0027819944200892623,0.023194585246999647,1.0136001725699022
0.14177070988575596,0.3557836343791938,0.9138873248993608
0.0790444670984746,0.6772383087929615,1.0035999025303441
0.45140010378818163,0.403508318077602,0.9793969447870037
0.36352696508271887,0.4865393707466454,0.9510573195931826
0.0613859927709699,0.08346194449304267,0.9632012133688339
0.3035071330893754,0.1329901286897994,0.9144173076024541
0.45880501615065583,0.2550373906351375,0.895407412624149
0.41029564979706756,0.2444206491026061,0.8965315084018393
0.029326987095365277,0.3991527381769593,0.9809344760173951
0.18180066446030685,0.2223918121268172,0.8885151408636406
0.42723960468841593,0.20579592504603206,0.8952621322226283
0.4109123092188227,0.3496389529054807,0.9500852746313015
0.522188213800794,0.5434432205340519,0.8801573664908736
0.437593829483069,0.2818361307455491,0.9091628933725332
0.1502051595731068,0.02576858107597886,0.9843413199292554
0.6539284245503587,0.5477001056039289,0.7363957604012342
0.04980465849870273,0.3303819080021671,0.962442291138312
0.20083968838553778,0.059759574447325915,0.9526134422749729
0.21609132955107083,0.006566307947339834,1.0051682436564362
0.4431495208675494,0.28581723030002665,0.9102016338547718
0.1274543581516494,0.14447629729921757,0.9228889695615216
0.6248741909197747,0.6786728686679344,0.5614574732390455
0.4293543845167487,0.503906654354442,0.9732451365477585
0.5776177824583655,0.19640352213508186,0.8928937219760337
0.31753724996810595,0.5304127415657208,0.9097452881208935
0.6152933067699556,0.26928717466906466,0.8873525251997845
0.40585917266404625,0.31395950559604097,0.9275822579289335
0.5384391853691184,0.7395651711570503,0.7891514574867481
0.08425201641513205,0.3270215051313408,0.9412919825506612
0.4474740409604569,0.14422318669706727,0.9149887477669931
0.3213424107757509,0.33194058693655876,0.9157244582344832
0.2646263704409204,0.29364263247799294,0.8867590780084101
0.744100637722381,0.6228057469909944,0.5622085437990996
0.3984557206471501,0.3601000059921681,0.9535987131747486
0.06011777337228326,0.31585643154534193,0.9556801401690358
0.5156226857868879,0.6483516013225682,0.8033891326474473
0.5920065698375464,0.05304363414241991,0.9842551526931738
0.7303257884043952,0.16153969026414688,0.9797338209709978
0.4179705279514841,0.008436099118027762,1.0000126829856613
0.6865514695152579,0.28161470786385917,0.9139122977558115
0.38539174270531273,0.06821823999407597,0.9528569334035693
0.38176537463545696,0.560395323315764,0.9357807116207957
0.42869975910131974,0.2791769197535464,0.9088892536665364
0.03346544974067838,0.12749245979651205,0.9786618322195196
0.5780562143992974,0.039903614697586326,0.9923365796868524
0.7475147858889931,0.35505626852480376,0.9932223992212426
0.7109807670530544,0.2243937770972404,0.9313672536242468
0.0057704480710655485,0.06274681756444282,1.00508549037586
0.5556389614273133,0.10222245286100701,0.9441567579793869
0.17028448797522017,0.27478200253790724,0.8936287024751453
0.25468586820740063,0.42052236182075076,0.8990277225808412
0.44177498944716753,0.5383632743516552,0.9494656435591916
0.08039616040937868,0.5900938924983135,0.9660014525684483
0.7331718331226593,0.3771357868067671,0.9817408072394767
0.5225820633380246,0.0791253909512255,0.9535641526012901
0.30960820542069184,0.6735492381647668,0.9131609618647685
0.540495839485393,0.5674669615140912,0.8300987248263146
0.43501403213992884,0.5845745942117038,0.9282242683833474
0.6748280670823927,0.4392364811440751,0.9157473517037659
0.3578699764747314,0.08932577584311599,0.9409355704425146
0.21673898560396074,0.7057934753281017,0.9305093988988332
0.5930204830809072,0.28367368439155893,0.8881455960155561
0.4525502690704462,0.35325919413001705,0.951870500187926
0.05388254758400049,0.44253734097314035,0.9621581884522282
0.08197674466949884,0.6377305003078866,0.9814715951367978
0.04276399047434341,0.1553879023020862,0.9679309861001422
0.14940228582920678,0.5000229418791844,0.9122874129059431
0.1339931520826074,0.606762501718132,0.936215060444451
0.758268859739479,0.407236211169748,1.0231315025508807
0.7363843383012062,0.49044773503542116,0.8990418198355716
0.5261231402789597,0.3791911440898795,0.9462550221661339
0.6838048222558561,0.6096844771516778,0.5925759930221843
0.5697134666633555,0.4501955847899874,0.927570416198363
0.1768426894089796,0.11422836298519386,0.9219314938862815
0.39215660830624915,0.5270191733758745,0.9500537727655218
0.11610193239882882,0.578099741293471,0.9396706357750753
0.3054713597831379,0.6553825964287499,0.9047697870987912
0.3511500104085748,0.746247486475655,0.9895297958002481
0.15734000959489558,0.5727154644295881,0.9133081439215502
0.5158387500694548,0.6971788159405201,0.8071790240594919
0.7541011517998627,0.4004248359278205,1.0164129388912122
0.3568342153562822,0.7118463465244251,0.9543843632258403
0.3279761627618083,0.19959341690534096,0.8912841887954877
0.5840130611234079,0.7377789577157502,0.6653487621048036
0.5481953190862661,0.376104669514361,0.9375409545712641
0.2902389847432274,0.06429802033013603,0.9517762288477319
0.7345705027024017,0.05576907453160845,1.0609069183030893
0.28629333226926773,0.18275376002400068,0.8908000191481812
0.3075277082409663,0.26084778164468336,0.8890822575157434
0.4114353672078681,0.5800436839307345,0.9346294808639714
0.4504127925240459,0.40514316120356314,0.9802564475886033
0.4579394891568323,0.24213763289893464,0.8924411993503429
0.7406561361054114,0.5017352562826237,0.881528497523674
0.28730583194525544,0.38224557318848396,0.9111792451310274
0.6945828977257782,0.5408091557918999,0.7482437631469441
0.7640049660314796,0.3278107258997028,1.0031417854788363
0.21247813144481587,0.48008788261746516,0.8900068618349986
0.03780982374219342,0.37426146719105075,0.9740089064096746
0.3134163017679626,0.2505553290287703,0.8884794989592719
0.6504977101462721,0.45171768518732347,0.8991895122180258
0.5166910247319455,0.051373808208644345,0.9699282537227564
0.5896276211978323,0.36719375350127453,0.9210542574615354
0.3854421778772527,0.024030572642894654,0.985214096353818
0.20698405234230244,0.7950540334754017,1.0224293547265764
0.23506027620038542,0.11027124164705562,0.9209740063501088
0.621558990843661,0.5769957641279907,0.7065179710097302
0.6095072294727921,0.7319434024929963,0.5927354678083765
0.3666213445193302,0.35776900105193277,0.9433122740302421
0.3593520876863834,0.4341431767014161,0.9582747982090939
0.034275580476137345,0.40304313846684264,0.9781557577974465
0.7329231299022431,0.6313911915771291,0.5362896101063516
0.3398315104705157,0.10263976596915292,0.9316015987265903
0.1325546958318097,0.07021142813464279,0.9510819475154683
0.5937726590711829,0.44372598406176894,0.9172077403866371
0.7383656593784657,0.3696136798896391,0.9856791197679808
0.12598013489564794,0.0469647099095262,0.9652129694939325
0.6729369743017694,0.34443269967919926,0.9241763796477381
0.1910466799985276,0.301690843709306,0.8901808449196019
0.32852592800353286,0.12287914651583104,0.9195079829842528
0.3691771700475129,0.14797784877172848,0.912238455670389
0.102590471749921,0.05256184099382591,0.9637280791322644
0.4381112407274224,0.15770251940540608,0.9095355552849875
0.31836237552942387,0.6672386508718566,0.9130695642443184
0.5845802078365099,0.1110691808683872,0.9452348360385668
0.29654309450508454,0.25005332744313086,0.8853127281211273
0.5996865516913013,0.01856001899682296,1.0177594535363799
0.6203363787039552,0.33185638291486763,0.9074462610374047
0.3817110240807002,0.06342374843239433,0.9562306947207873
0.34297355227063087,0.22093394266712396,0.890883122499981
0.41814321935889914,0.39168796694185376,0.9741037217291794
0.43185619449674956,0.49840408866963765,0.9750858298954186
0.6284079380847782,0.3979445283288023,0.9255024317703835
0.009536545413825604,0.22633358486397903,1.001316176210889
0.7187088409042788,0.525930999186749,0.7976022012839832
0.5375807468088792,0.26520387138807466,0.8868921150378833
0.4800769795881699,0.09674793042700394,0.9404218284320447
0.00879903228283281,0.021032666775264275,1.008169974173843
0.2760405884026775,0.19100932117222974,0.8869409153000108
0.7981873410110185,0.6819199173527717,0.5095670016634775
0.01665964527699684,0.1822009580440317,0.9936860907652442
0.28594872679198247,0.4355451140971536,0.9112420557780923
0.08308383232741275,0.2691947081811568,0.9379736870330059
0.2985779513474663,0.4216459674941029,0.9183217756737333
0.4746990801968669,0.17441553707211038,0.9006561684598204
0.44924214812452495,0.10216223913836667,0.9360395995238214
0.747737641211871,0.6021144701892035,0.6257542698978563
0.5300800045114799,0.052313436863809494,0.9709054788185995
0.3064192415740237,0.6746234896090515,0.9128096122268596
0.7948482142091178,0.5852237007704355,0.7801485678385275
0.6830649567656835,0.04891190601658817,1.0292119773474944
0.33849907918085426,0.45744841040865264,0.9414265937104807
0.05145676720561161,0.27574952702678956,0.9591866179850322
0.26411540233282704,0.6027522233670674,0.884927363714028
0.6482470427702297,0.7962585505544775,0.5883422189851458
0.3123595813972303,0.031871353458937345,0.9785101156485584
0.7518912147888313,0.6925799026818527,0.4255415976969472
0.6141039291983152,0.11292313648440776,0.9518466337262014
0.4368427313266418,0.18782931463034905,0.8981203895066577
0.2908033515199961,0.7968498399369925,1.0353419147338552
0.14785279741733506,0.4996102728737759,0.9130196711887671
0.007997900216526776,0.27788308086369506,1.0016125785691392
0.36021485250644797,0.5575969903177052,0.9266162460243331
0.1962177383698104,0.26102346936437276,0.8842811305317714
0.3581635998786089,0.761240642547276,1.0155537974395499
0.1694949282420013,0.19836353911168408,0.8951233120003155
0.042669033150068536,0.20966144135378484,0.9661275661628651
0.7234891036482459,0.7536002221507846,0.3867310817391983
0.5181557676627716,0.49654265335000103,0.9304507438220673
0.6646632926988619,0.06475770550141018,1.0073106167547556
0.45140494811436166,0.07346547187855422,0.9522663596416528
0.6574661948957531,0.00995555738847882,1.0505148683713752
0.38202659115172194,0.39141244379554396,0.962495884032697
0.19553348059930206,0.4637751444255718,0.8940524653856259
0.7365032595351456,0.6940441966524511,0.4214586992183868
0.1771750649085334,0.023122005673138626,0.9868487602582666
0.474703387229034,0.5064318966471143,0.9554888265063036
0.3614926398877004,0.2118491821983799,0.8932531789787347
0.4953223141658216,0.10929486270526301,0.9343782041486265
0.24895482719889214,0.5006273119194131,0.8878055901635683
0.36288906990490766,0.7970541850366454,1.088855715382157
0.3560957714328167,0.3427195395766175,0.9329378214454515
0.2033791459723392,0.794834078515314,1.0233239994708392
0.39759936657149614,0.5735020115915205,0.9343063380528439
0.30969367304440304,0.530653843136821,0.9051903659532975
0.5341282276315641,0.4812555658683225,0.9299800195748857
0.5289809205195571,0.5197247423600063,0.8974363919165256
0.755833488474508,0.7849643193973139,0.3887123077537652
0.05513891441395735,0.14715961523370044,0.9578251726806528
0.15458325884545465,0.12494929408473832,0.9209525181804703
0.7385513177204257,0.008141426021786025,1.1100881805941778
0.003775792127554034,0.1772105569316004,1.009877956512747
0.26554953031641554,0.21793511720635222,0.8809271321377545
0.24426407120451296,0.4884959195595644,0.8887430770033662
0.2742010203639879,0.10579268448863291,0.9251105592081852
0.4914028352456319,0.4204096518062958,0.9764975691728152
0.4762227139313224,0.14937209106520025,0.9124395656895309
0.24301307168289343,0.35097950755900337,0.8933313448139933
0.1940636222085108,0.13024403588787312,0.9120879231791816
0.3485386668642716,0.22517435012094353,0.8916196234838932
0.790335150447576,0.3058487920858167,1.032985929976324
0.4984548220334147,0.5818381718536718,0.8743312150627137
0.22495744616298846,0.25960826860717834,0.8799479904078031
0.5137955196524685,0.3276158243143254,0.9210133473711912
0.10901849323580502,0.7983886371298117,1.0868542970849617
0.07400201333130073,0.6890302205406548,1.0145287853682934
0.3192453973417296,0.09437609244467815,0.935612840135849
0.562137480487593,0.7513431159983694,0.7421757301544454
0.1872453056696707,0.3454668516362178,0.8959797549264156
0.08167534652587492,0.7002362811949849,1.0157823167104163
0.2767320948109833,0.7616800006153757,0.9790265681660855
0.5586220076869046,0.25038128060686543,0.8825781764202747
0.12736298857038628,0.4785787650669782,0.9232874395034358
0.42625621217082144,0.6991637127160573,0.9387283233747172
0.44260060084921904,0.5657521715240243,0.9337827453128638
0.686769976216861,0.026022741142936835,1.0527514882931313
0.04009323675208912,0.4017278114675038,0.9725714611146369
0.5302235695489662,0.5914686506105888,0.818880166620093
0.27758644280713796,0.11704410083228103,0.9186672644061872
0.506849611029373,0.18591226636086838,0.8951058620768454
0.5459083718373157,0.02162980171032194,1.0005623214130444
0.7082359193206761,0.30458392416841484,0.9331639647719799
0.4100210523538024,0.5192176308052681,0.9601696686785828
0.21091321875785943,0.1574679103014229,0.898436958797618
0.43341581918132754,0.4348813287242135,0.9915491403935685
0.007718369727762653,0.5977818164449569,1.0261621260521994
0.36515065526678614,0.7856592097408481,1.0647982889534957
0.6916855783691375,0.46391765770616483,0.8978773322579825
0.3269840652900431,0.07723733154839484,0.9452543580431512
0.12415774727216498,0.7542020199723077,1.0269538068233628
0.6623879832909344,0.45945336890811267,0.8926130557553495
0.15099808976341428,0.7333543535795191,0.9898998632236661
0.553786591089651,0.1318926897060586,0.9265398576892223
0.26636166564376645,0.7686278143389007,0.9843544447959898
0.5716545186390253,0.40103602395653337,0.9358468913539661
0.27323402196320945,0.6770755702205482,0.9075556913030731
0.2762311844387348,0.5650476868369553,0.8877311323430951
0.670062261403791,0.3048464378636051,0.9100281914457317
0.736514881925905,0.1255410093264973,1.0098295320799726
0.740134928598033,0.4058971753535807,0.9928785965077724
0.7370157244211429,0.24619362997648128,0.9482868630938063
0.02845902128323008,0.06904475059279412,0.9840853840197442
0.7216782699107289,0.49482475315447555,0.8704092982951213
0.307526263731698,0.42490969303248244,0.924118398262425
0.1532871677253163,0.26573094510102363,0.9004087880167205
0.6084114262783418,0.3276022206387257,0.9040270978949325
0.39320029004495133,0.49833843165154185,0.9622334413118323
0.4367871175532031,0.6614208197973459,0.9132422585342603
0.38529761001921736,0.29031587019459854,0.9126393183512036
0.3899767783041146,0.3802588929514412,0.9614398358427166
0.5130241484191033,0.16919294510062566,0.9020200769522113
0.3566705776579393,0.47951944314257067,0.9485631955267844
0.3438663131942485,0.3761592043800477,0.9399735025717231
0.09478549244696054,0.3044609640904664,0.9342724265879648
0.6618001466590819,0.22849113657977638,0.902494906073146
0.437453877805105,0.49912038305746037,0.9732856937222166
0.496651865087994,0.6087098501319801,0.8561352051168305
0.31678536451313344,0.4564987018276703,0.9269410938394302
0.20144210274765664,0.7770504013870824,1.0031405634584754
0.6825173959109327,0.32990245299941057,0.9252276442366885
0.25501617069124,0.6180532574613588,0.8863308149767664
0.25703900371069105,0.47421763730985617,0.8937425051207969
0.1625578210948424,0.6714618569960081,0.9401596543304175
0.7059144629392442,0.3986284331509687,0.9551531134176351
0.593023957450741,0.6820127175960432,0.630731323325509
0.7942267148466021,0.5429750165934978,0.90994128137148
0.21752437985099882,0.48303292152274263,0.8890657674307527
0.30609773543125246,0.37075790990956103,0.9184365292207641
0.02991460991071504,0.22528469660494732,0.9786224411767379
0.08688022086686341,0.31953884870394056,0.9397727586998017
0.38351474035984223,0.6822838367386638,0.9388812064655623
0.28972743475971496,0.05642229526245499,0.9558649973655367
0.35009404713959935,0.7640642681600716,1.0154654106357348
0.35694957902054636,0.5154147744851496,0.9375533083846436
0.10730759772053577,0.6384649213091793,0.9645739264782444
0.2963265233418299,0.6001910216683514,0.8908877737749102
0.6585555912019835,0.2545997338732387,0.8977381273735395
0.295198571805654,0.6230091958549311,0.8939163367901615
0.49982268055069784,0.448614830211483,0.9694944689492949
0.16578318537201264,0.762662198021492,1.006237091532129
0.31040447433348056,0.03695158676344601,0.973680211762541
0.5347221307164539,0.3996830775846434,0.9491997841175152
0.7734823566286059,0.18449983143628917,1.00641104157953
0.540904328218263,0.15656680773256895,0.910478549588829
0.771146539541957,0.26076653875480205,0.9866052552904107
0.04740907868589588,0.4627166543347372,0.967794749925367
0.20552719348411985,0.2529114494569999,0.8820761600978936
0.5954753549102733,0.6531866935020982,0.6410538917099589
0.3231140182853667,0.32124949914597845,0.912350258588591
0.6613583419615029,0.6019016300665788,0.6226753466118838
0.436485877904775,0.6242681388132545,0.9146034478670123
0.690383417337665,0.5312182931683221,0.7694348055032352
0.7427935691449894,0.32456491906032436,0.9727643787391558
0.40276039322823814,0.11631046085251198,0.927771938472907
0.26715816662201347,0.3016938359564888,0.8890104629936253
0.12975688878327649,0.10763713732747703,0.9346751520140997
0.1542437455765686,0.5210992150457304,0.9105121069026217
0.7398751521075928,0.7751462236618002,0.38119856063831803
0.32294081261486407,0.002906656532675189,1.0069238458066725
0.5992213221032898,0.68295114810034,0.6167988027414781
0.2418986644227216,0.3726735379979922,0.8952355835920353
0.2990839872064468,0.1157033854918974,0.921786026524114
0.5299304410771096,0.7799459187568878,0.8975727574219954
0.7588684304174064,0.7998637097243408,0.4235789618537946
0.7278562345305625,0.3629019057319635,0.9717826427769143
0.733957251873908,0.7895706500827153,0.4053605134088713
0.3400519325701403,0.5354783407760756,0.9211350682678535
0.05514275464081564,0.1787616301774346,0.9557269512876898
0.688610003039052,0.12692275295033664,0.9748315392240433
0.6203624646370313,0.6093476762083804,0.652104895797554
0.38807510408584167,0.0969661697154156,0.9376917303446947
0.2255382398561328,0.40766052921652396,0.8944955014579288
0.7223584207006342,0.20956962320443084,0.944709608087168
0.5329268038923297,0.3597576407254386,0.9329609110517074
0.3947317822816082,0.19990080984289638,0.8958109225185666
0.7259202780517034,0.1582258604464374,0.9785019567458779
0.3183838031279921,0.11088841246298582,0.9265157879717109
0.13894654642843393,0.23441019121994977,0.905691727751482
0.7850458902175825,0.40927971258951895,1.0814523785837191
0.699684545730254,0.5954425919449118,0.6200250016262149
0.04720154152465428,0.26287945249828876,0.9620783152936643
0.08202871983481758,0.2492340337656984,0.9376064453276088
0.34861353524077154,0.6621494265386879,0.9212203966319442
0.3965111469471886,0.7608406672382851,1.0270526867638192
0.02886139444869338,0.7433882038607131,1.094204426999645
0.11142719234566467,0.7041708291151021,0.9974272760765897
0.528569801383269,0.5764756343009914,0.8374586816792289
0.7433317462638817,0.6756020576193195,0.451227398075284
0.7466880930139737,0.16940106732693705,0.9871798759905996
0.3292455110380987,0.046288995641571344,0.9647098740257312
0.6009451008474497,0.4793331098724899,0.8836132402139653
0.7391280223243272,0.45212549653333306,0.9626795334870841
0.7980343676825759,0.4390108523621886,1.1120815700813473
