x_1,x_2,reweight
0.08872655715362542,0.0809388672665655,0.9545755084784798
0.08872655715362542,0.4413031217915718,0.9441327686250439
0.08872655715362542,0.4473125191753631,0.9443086311843925
0.08872655715362542,0.05893130071765569,0.9632760624474346
0.08872655715362542,0.4801504038409798,0.9455577365758597
0.08872655715362542,0.1712457468503187,0.9362104996064046
0.08872655715362542,0.3799442041566457,0.9424098188718183
0.08872655715362542,0.6514002191092659,0.9840580895608567
0.08872655715362542,0.49257357716952144,0.9462565200605453
0.08872655715362542,0.3864833027039636,0.9426271312632549
0.08872655715362542,0.08691323922432855,0.9531081785056921
0.08872655715362542,0.704191214249621,1.0146194254287568
0.08872655715362542,0.5268414079978058,0.949294010786945
0.08872655715362542,0.44718159796296847,0.9443042294811241
0.08872655715362542,0.11071892322569639,0.9469105766448304
0.08872655715362542,0.5114797948068287,0.9477630010729909
0.08872655715362542,0.6621240563362818,0.9893445790810352
0.08872655715362542,0.5376723500342988,0.9509028634618495
0.08872655715362542,0.5147245239441275,0.9480674539692056
0.08872655715362542,0.5106429183095921,0.9476865907669846
0.08872655715362542,0.7850023865598847,1.0885214222620678
0.08872655715362542,0.425000190192095,0.9437224924523845
0.08872655715362542,0.6067602335267033,0.9666312260408346
0.08872655715362542,0.31429419263968045,0.938647227283956
0.08872655715362542,0.01553938598049829,0.995835658467697
0.08872655715362542,0.6463772751544632,0.9815389872588473
0.08872655715362542,0.7846776798462253,1.08821709127589
0.08872655715362542,0.6508519005666719,0.9837740254877942
0.08872655715362542,0.16110506649792822,0.9375966994171337
0.08872655715362542,0.17098405213967807,0.9362406708198368
0.08872655715362542,0.16448417472708066,0.9371066457208569
0.08872655715362542,0.5600085041386743,0.9545773590059926
0.08872655715362542,0.7453416999809657,1.0466783275145426
0.08872655715362542,0.614774798346189,0.9691103249394712
0.08872655715362542,0.7143472619535784,1.0214896980334063
0.08872655715362542,0.021860928628256907,0.9897687061736713
0.08872655715362542,0.43189448390618745,0.9438997642402894
0.08872655715362542,0.04396460793170309,0.9712747971031347
0.08872655715362542,0.7353454248238322,1.0385365899124948
0.08872655715362542,0.7187305286761587,1.0245808733557733
0.08872655715362542,0.2471723211477853,0.9342120452141383
0.08872655715362542,0.7955040784884551,1.0985899158424697
0.08872655715362542,0.25875846061544705,0.9347307987715043
0.08872655715362542,0.400341668023249,0.9430050539339511
0.08872655715362542,0.4512760538496825,0.9444525785282377
0.08872655715362542,0.3059881514662733,0.9380735448708036
0.08872655715362542,0.5830523669245932,0.9597609497643754
0.08872655715362542,0.14620944340608039,0.9397468184750764
0.08872655715362542,0.31140406229348394,0.9384476085833904
0.08872655715362542,0.4473504835134298,0.9443099137483743
0.08872655715362542,0.39495614587733674,0.942868371200071
0.08872655715362542,0.3282669429923911,0.9395390624996507
0.08872655715362542,0.42124615521819975,0.9436035776779784
0.08872655715362542,0.4991414065276521,0.9467061888705106
0.08872655715362542,0.0944184230129178,0.9509184084715718
0.08872655715362542,0.3567178198768735,0.9411277931457573
0.08872655715362542,0.214945370326572,0.9335977286634912
0.08872655715362542,0.5175605411120899,0.9483327320645715
0.08872655715362542,0.09866175500107532,0.9493880864058071
0.08872655715362542,0.24202287119863977,0.9340157636040165
0.08872655715362542,0.3809973284087458,0.9424491427987586
0.08872655715362542,0.4529539668579874,0.944507762161912
0.08872655715362542,0.32086763621515985,0.9390869033209436
0.08872655715362542,0.032432415785131674,0.9811262649287861
0.08872655715362542,0.20101229840662116,0.9339096208984724
0.08872655715362542,0.7398054084296973,1.0420110012555652
0.08872655715362542,0.4284296469888307,0.9438157863129122
0.08872655715362542,0.16024098170630785,0.937726233559546
0.08872655715362542,0.35958784540204675,0.9413016829630798
0.08872655715362542,0.1324469808620272,0.9424196389125081
0.08872655715362542,0.19555508500631913,0.9341510973298606
0.08872655715362542,0.3725676121817431,0.942092460307036
0.08872655715362542,0.07508996979107058,0.9568253996465073
0.08872655715362542,0.7332275642352936,1.0368757633770198
0.08872655715362542,0.7777827553692386,1.0807835239832795
0.08872655715362542,0.2976838880229251,0.9374615697625703
0.08872655715362542,0.5710530077191893,0.9567968243606553
0.08872655715362542,0.4542928671403945,0.9445481422481047
0.08872655715362542,0.5508015560257117,0.9527745427653492
0.08872655715362542,0.7166428929833915,1.0230753264223746
0.08872655715362542,0.1483730816135811,0.939402683470706
0.08872655715362542,0.04476394591356767,0.9705749998001684
0.08872655715362542,0.7184594016623371,1.0243801073843595
0.08872655715362542,0.7306208678081705,1.034770609526483
0.08872655715362542,0.12929722432202456,0.9427047137565411
0.08872655715362542,0.06765381404860644,0.959509915098915
0.08872655715362542,0.4997851189620368,0.9467580651099204
0.08872655715362542,0.24594592126691134,0.9341639745904186
0.08872655715362542,0.08047713062980365,0.9547247009413461
0.08872655715362542,0.5357147272164114,0.950522403086133
0.08872655715362542,0.1604229134596789,0.9376987682337808
0.08872655715362542,0.6679864376104347,0.9922928082000548
0.08872655715362542,0.7907273458273396,1.093731902809046
0.08872655715362542,0.2116791768159475,0.9336310382828483
0.08872655715362542,0.5874218143139437,0.9608775632463847
0.08872655715362542,0.644765990283713,0.9807972631304639
0.08872655715362542,0.7685662663333858,1.0695861802983644
0.08872655715362542,0.23082122327686738,0.9337081874530242
0.08872655715362542,0.48326602971657895,0.9457362541539371
0.08872655715362542,0.33125180853007585,0.9397107759838516
0.08872655715362542,0.5410493078339934,0.9515712432623018
0.08872655715362542,0.6368197992332659,0.9774647703769227
0.08872655715362542,0.04407072878927601,0.9711781370522653
0.08872655715362542,0.6746189042504223,0.9961044587019476
0.08872655715362542,0.5904712853117507,0.9616841468857873
0.08872655715362542,0.7921107048818933,1.094997610246889
0.08872655715362542,0.44911353852045877,0.9443727690054685
0.08872655715362542,0.5365135638865071,0.9506749686023018
0.08872655715362542,0.24298578369910545,0.9340508935889608
0.08872655715362542,0.5645923434743666,0.9554516387079106
0.08872655715362542,0.6713226234272187,0.9941204579697195
0.08872655715362542,0.17525309090636032,0.9358208801886424
0.08872655715362542,0.04597828911760837,0.969683342342042
0.08872655715362542,0.6651502355174166,0.9908310383741794
0.08872655715362542,0.7131612531014512,1.020683575300416
0.08872655715362542,0.32538043590336996,0.9393708295334627
0.08872655715362542,0.36720849997195615,0.9417801522485393
0.08872655715362542,0.2571307963734359,0.9346444784670118
0.08872655715362542,0.02891441378250379,0.9831332379118106
0.08872655715362542,0.7895545119595581,1.0926715999723582
0.08872655715362542,0.011274727064728207,0.9993893488198732
0.08872655715362542,0.44182434776102436,0.9441464322248817
0.08872655715362542,0.5689704412586388,0.9563391106665657
0.08872655715362542,0.7912588369730704,1.0942153990282162
0.08872655715362542,0.6143405308083105,0.9689717589452449
0.08872655715362542,0.10043341212070951,0.9488790999028873
0.08872655715362542,0.30598416828502456,0.9380732675788341
0.08872655715362542,0.6820022155408032,1.000546328598358
0.08872655715362542,0.6540699825928168,0.9854149334858514
0.08872655715362542,0.44875340473521963,0.944359376809492
0.08872655715362542,0.6083782355443295,0.9671245628010263
0.08872655715362542,0.3243911578417471,0.939311621937706
0.08872655715362542,0.5731013733913533,0.9572741135571525
0.08872655715362542,0.3295205516562801,0.9396111239036401
0.08872655715362542,0.6803980901138842,0.9996211196429617
0.08872655715362542,0.2761651037342809,0.9357673028100811
0.08872655715362542,0.5045066253274467,0.9471515086065949
0.08872655715362542,0.13779379433730474,0.9413112926907193
0.08872655715362542,0.13887158195835686,0.9410587581541998
0.08872655715362542,0.6257928841304244,0.9731016319549661
0.08872655715362542,0.7419874208488104,1.043745746243782
0.08872655715362542,0.6680272001194085,0.9923143799967795
0.08872655715362542,0.07818839863426003,0.9555416118775966
0.08872655715362542,0.30146942124862675,0.9377492841157433
0.08872655715362542,0.21259743551504934,0.9336196706131269
0.08872655715362542,0.46682913299886786,0.9449090507908913
0.08872655715362542,0.4646693750892157,0.9448360805464536
0.08872655715362542,0.15861323922385023,0.9379743060387404
0.08872655715362542,0.5659901715902049,0.9557260934520649
0.08872655715362542,0.794204311717575,1.0971060893135371
0.08872655715362542,0.09954773385084331,0.9491195735740662
0.08872655715362542,0.03661056291354923,0.9774530594025193
0.08872655715362542,0.10653998770474633,0.947733432694165
0.08872655715362542,0.08259467293909149,0.9540677346547525
0.08872655715362542,0.08284199470957088,0.9539988101553021
0.08872655715362542,0.1982935240546734,0.9340104678413778
0.08872655715362542,0.19037761182736876,0.9345156601694299
0.08872655715362542,0.7591412384580851,1.0608224756097795
0.08872655715362542,0.3571439602933965,0.9411533426200663
0.08872655715362542,0.37630953974267467,0.9422659317901936
0.08872655715362542,0.6183157169642277,0.9702775356746126
0.08872655715362542,0.6930434730886136,1.0068056602512723
0.08872655715362542,0.6420459452247391,0.9796055213962672
0.08872655715362542,0.33724851506964415,0.9400591649254976
0.08872655715362542,0.23707268349452415,0.9338571073021998
0.08872655715362542,0.784733860952163,1.0882698669179345
0.08872655715362542,0.712884405829791,1.0204964891949055
0.08872655715362542,0.6529035626961276,0.9848274541962854
0.08872655715362542,0.6412302400674416,0.9792612278459468
0.08872655715362542,0.5787963601825221,0.9586984176973145
0.08872655715362542,0.15809017899676744,0.9380540554902363
0.08872655715362542,0.24138535133608682,0.9339931144157527
0.08872655715362542,0.14702640525672292,0.9396123348134555
0.08872655715362542,0.5239299998617406,0.9489666331397433
0.08872655715362542,0.27249178996142404,0.935530214797744
0.08872655715362542,0.49622393678760635,0.9464905308886561
0.08872655715362542,0.11583103567290963,0.9453205711267705
0.08872655715362542,0.1464599174552573,0.9397051788208737
0.08872655715362542,0.4631295497235778,0.9447886688880227
0.08872655715362542,0.10643219991455305,0.947750659743908
0.08872655715362542,0.7857200873256206,1.0891885160584096
0.08872655715362542,0.144685451698869,0.9400037442293019
0.08872655715362542,0.5177150696558133,0.9483472477307138
0.08872655715362542,0.6241815291431827,0.9724381775054097
0.08872655715362542,0.4396289582046148,0.944090016266355
0.08872655715362542,0.39790854061664405,0.9429438862040203
0.08872655715362542,0.21656798633582452,0.9335866603348546
0.08872655715362542,0.5836248508349865,0.959905378946695
0.08872655715362542,0.4839446914959461,0.9457739059677972
0.08872655715362542,0.1412389418804235,0.9405725454423005
0.08872655715362542,0.06194011123688697,0.9624608236496731
0.08872655715362542,0.3482539663481907,0.9406724678709655
0.08872655715362542,0.028696909815455387,0.9833270030971079
0.08872655715362542,0.18327348680048294,0.9351027353508554
0.08872655715362542,0.21386311506383066,0.933606752071354
0.08872655715362542,0.7967814726119951,1.1001973913883256
0.08872655715362542,0.7457330824133535,1.0470463187231203
0.08872655715362542,0.568106292921061,0.9561566373297772
0.08872655715362542,0.5769330785918132,0.9582318149655226
0.08872655715362542,0.7985147343335646,1.1026456677196768
0.08872655715362542,0.743762050577344,1.0452501909947554
0.08872655715362542,0.40992899201999605,0.9432555726793195
0.08872655715362542,0.13738322985640705,0.9414100496642934
0.08872655715362542,0.16611198025004761,0.9368759110639007
0.08872655715362542,0.22550926849161837,0.9336084466120597
0.08872655715362542,0.7267142081716792,1.0313691511165317
0.08872655715362542,0.09917042848483959,0.9492305396994709
0.08872655715362542,0.535699603802751,0.9505195620090303
0.08872655715362542,0.04629900158637641,0.9694862339126791
0.08872655715362542,0.7411413790743637,1.0430621464865604
0.08872655715362542,0.45444693257772306,0.9445526175629765
0.08872655715362542,0.7401064586480651,1.0422468732309629
0.08872655715362542,0.374577962437637,0.9421900408580073
0.08872655715362542,0.649084429623791,0.9828563908692459
0.08872655715362542,0.7541599137219306,1.0560403802240916
0.08872655715362542,0.09234787170115483,0.9516787581553645
0.08872655715362542,0.6221078232665058,0.9716286639124346
0.08872655715362542,0.1685878642516932,0.9365384652033074
0.08872655715362542,0.42325493391463875,0.9436692717345343
0.08872655715362542,0.3846808434307569,0.9425728690543101
0.08872655715362542,0.698857626390047,1.0106572942410388
0.08872655715362542,0.022265041852019964,0.9894267191946925
0.08872655715362542,0.5789884210294808,0.9587463137610959
0.08872655715362542,0.21304895590021672,0.9336147269131609
0.08872655715362542,0.7545472161339775,1.0564369508838884
0.08872655715362542,0.5340152673800761,0.9502174476196282
0.08872655715362542,0.4988328900857506,0.9466818927591399
0.08872655715362542,0.7524422837253548,1.054225517483437
0.08872655715362542,0.6374238225373186,0.9777055254150397
0.08872655715362542,0.006173481151079141,1.0060357503331057
0.08872655715362542,0.35873098222909033,0.9412493264386853
0.08872655715362542,0.46215640623739207,0.9447606146553018
0.08872655715362542,0.14297139925269847,0.9402824540008896
0.08872655715362542,0.3978569665204648,0.9429426042950052
0.08872655715362542,0.03688102642081361,0.9771961698774101
0.08872655715362542,0.22659249510054194,0.9336250314753087
0.08872655715362542,0.17044408989844362,0.9363045836525512
0.08872655715362542,0.32800862393755525,0.9395241755071488
0.08872655715362542,0.3150096643345885,0.9386959654976728
0.08872655715362542,0.4003773395832803,0.9430059595498728
0.08872655715362542,0.4269254044393449,0.9437767079194255
0.08872655715362542,0.6939364441931218,1.0073455775436715
0.08872655715362542,0.06420260738092116,0.9613462119058525
0.08872655715362542,0.2471513891611674,0.9342112273807057
0.08872655715362542,0.5485463487063854,0.9525511381325191
0.08872655715362542,0.7985675558705823,1.102725535425108
0.08872655715362542,0.07591634525816869,0.9564847350376888
0.08872655715362542,0.7191945517135077,1.0249283969894363
0.08872655715362542,0.38196374667622557,0.9424836672499916
0.08872655715362542,0.26563164350286705,0.93512336476451
0.08872655715362542,0.3220742683667715,0.9391660788771102
0.08872655715362542,0.4649992269948241,0.9448468046858735
0.08872655715362542,0.18475645181915318,0.9349738765541947
0.08872655715362542,0.3535488923737024,0.9409453168119642
0.08872655715362542,0.7315067129603346,1.0355004684006517
0.08872655715362542,0.206408977615249,0.933740199900348
0.08872655715362542,0.2707806736168092,0.9354249773482739
0.08872655715362542,0.1001154975183166,0.9489629022151698
0.08872655715362542,0.5111911641636459,0.947736532800621
0.08872655715362542,0.09043460073663363,0.9522943554651075
0.08872655715362542,0.5727177733243665,0.9571825510994189
0.08872655715362542,0.7982837475282722,1.102300213893091
0.08872655715362542,0.606569225503955,0.9665730158767272
0.08872655715362542,0.13969537324960876,0.9408759657241248
0.08872655715362542,0.5479621444135975,0.952523817627379
0.08872655715362542,0.24366600382432352,0.9340762883751086
0.08872655715362542,0.45720871092305243,0.9446286144047061
0.08872655715362542,0.5800229351996572,0.9590037853599251
0.08872655715362542,0.27346461879021317,0.9355917171690282
0.08872655715362542,0.3879644508748583,0.9426698262698575
0.08872655715362542,0.6052682210874634,0.9661743580832949
0.08872655715362542,0.6435617576600384,0.9802608906292171
0.08872655715362542,0.4795491518769427,0.9455225852518884
0.08872655715362542,0.774712626937718,1.0767185269823414
0.08872655715362542,0.2660337347805907,0.9351466047582517
0.08872655715362542,0.6190374027317103,0.9705249678628044
0.08872655715362542,0.71868243563811,1.0245451397172474
0.08872655715362542,0.5930299952088813,0.9623856484325035
0.08872655715362542,0.6660740025466146,0.9912989999622832
0.08872655715362542,0.37424567584528995,0.9421746620416509
0.08872655715362542,0.5620727180078492,0.9549689656503197
0.08872655715362542,0.024777967071904786,0.9863871087471351
0.08872655715362542,0.00533977897809761,1.007091726439739
0.08872655715362542,0.3143172710411897,0.9386488033935333
0.08872655715362542,0.4134131457692988,0.9433529354342964
0.08872655715362542,0.4850997288851188,0.94583739089685
0.08872655715362542,0.42454617848264803,0.9437089391556519
0.08872655715362542,0.18282827758143283,0.9351425242205141
0.08872655715362542,0.23408117800067307,0.9337812313280123
0.08872655715362542,0.33220485029462604,0.9397660937699331
0.08872655715362542,0.09459756219954044,0.9508506461372505
0.08872655715362542,0.21964386504363445,0.9335742892384594
0.08872655715362542,0.32968704082961076,0.9396206861404249
0.08872655715362542,0.5924489557205405,0.9622240824736413
0.08872655715362542,0.3599171554663597,0.9413219006009209
0.08872655715362542,0.5462900075187623,0.9523876852879485
0.08872655715362542,0.1190166874627753,0.9442735628425946
0.08872655715362542,0.05203246476003587,0.9662308075959725
0.08872655715362542,0.5192136977803458,0.948489251274494
0.08872655715362542,0.6906708319833244,1.0054180750256254
0.08872655715362542,0.5905108236036894,0.9616948001691881
0.08872655715362542,0.28174371810778887,0.9361789239578662
0.08872655715362542,0.3801780203237246,0.942418628145719
0.08872655715362542,0.19071552252994417,0.9344893074865781
0.08872655715362542,0.44228092939913444,0.9441585752497318
0.08872655715362542,0.5944314603651398,0.9627829172760111
0.08872655715362542,0.14910659878104182,0.9392976583370928
0.08872655715362542,0.6684466131092885,0.9925373260349808
0.08872655715362542,0.7653997741120152,1.0665635997965766
0.08872655715362542,0.019867376150014507,0.9914411071299623
0.08872655715362542,0.16528792670677364,0.9369923192647842
0.08872655715362542,0.310470351346761,0.9383828084850848
0.08872655715362542,0.3087689550169055,0.938265557176039
0.08872655715362542,0.5226780959882691,0.9488335140275624
0.08872655715362542,0.3881226367947994,0.9426743186190754
0.08872655715362542,0.12935125530118904,0.9427012073913472
0.08872655715362542,0.5792701580124188,0.9588165156949341
0.08872655715362542,0.1309479111913368,0.9425799775715998
0.08872655715362542,0.7316688596484672,1.0356323649382504
0.08872655715362542,0.5338679399279064,0.950192597369148
0.08872655715362542,0.6383646277334468,0.9780835778885002
0.08872655715362542,0.37747234989109213,0.9423137981689025
0.08872655715362542,0.47781031497332693,0.945423207637515
0.08872655715362542,0.7148583202589426,1.02183959709659
0.08872655715362542,0.1488071820877746,0.9393395989811723
0.08872655715362542,0.45106160586214766,0.9444450929002609
0.08872655715362542,0.014627036480930401,0.9966977780623688
0.08872655715362542,0.2983790616432283,0.9375157111514261
0.08872655715362542,0.15543735732848385,0.9384519818473969
0.08872655715362542,0.7928064049898396,1.0956626779286098
0.08872655715362542,0.325167572690638,0.9393581933751665
0.08872655715362542,0.7581742187103314,1.0599305008755262
0.08872655715362542,0.7099648786410064,1.0185438429662963
0.08872655715362542,0.33627285515535255,0.9400031918485726
0.08872655715362542,0.03892673297121494,0.975613044678809
0.08872655715362542,0.646388751393591,0.9815443752073288
0.08872655715362542,0.11929552093510765,0.9441882391481685
0.08872655715362542,0.7953820408561484,1.0984443418758552
0.08872655715362542,0.36457761513476217,0.9416129727620671
0.08872655715362542,0.2569527262971226,0.9346352759224238
0.08872655715362542,0.03897798189805882,0.9755778116417582
0.08872655715362542,0.2180735493667598,0.9335788549081706
0.08872655715362542,0.3903795995228416,0.9427378340675913
0.08872655715362542,0.06136371383060553,0.9626859358911791
0.08872655715362542,0.7373921561188798,1.0401299982847332
0.08872655715362542,0.6726732051736346,0.9949082343054652
0.08872655715362542,0.04391659092700833,0.9713188460113389
0.08872655715362542,0.5579939260315113,0.9541951488711841
0.08872655715362542,0.46235605573591915,0.9447662699875528
0.08872655715362542,0.10723863212708135,0.9476193295724595
0.08872655715362542,0.07198948569079677,0.9579282051550922
0.08872655715362542,0.18456377403768381,0.9349903321872878
0.08872655715362542,0.19861296861618183,0.9339968427983208
0.08872655715362542,0.3445352689602971,0.9404737893682258
0.08872655715362542,0.17484673642691445,0.9358547019001434
0.08872655715362542,0.36756463572855486,0.9418028538438318
0.08872655715362542,0.43877851404188206,0.9440687686496052
0.08872655715362542,0.034362233618795736,0.9797273586865408
0.08872655715362542,0.2840847052693353,0.936363442884471
0.08872655715362542,0.7876261170041406,1.0909310191844592
0.08872655715362542,0.1290253133689471,0.942721950677468
0.08872655715362542,0.6209530970639676,0.9712015573036649
0.08872655715362542,0.05027397414873365,0.967379050034118
0.08872655715362542,0.5117235753755269,0.9477854538430788
0.08872655715362542,0.34229462205871397,0.9403460586329262
0.08872655715362542,0.06661629937456014,0.9600282608292277
0.08872655715362542,0.5247781878266999,0.9490603594460655
0.08872655715362542,0.6539517444958526,0.9853557546775128
0.08872655715362542,0.5577565934487887,0.954150474463009
0.08872655715362542,0.6008307193444877,0.9647711702288461
0.08872655715362542,0.05405652711679601,0.9649371881784903
0.08872655715362542,0.05668835375462607,0.9637786002216954
0.08872655715362542,0.006620432634023388,1.005535391307278
0.08872655715362542,0.7790616821301063,1.0823449929667763
0.08872655715362542,0.4482159254111817,0.944339934450751
0.08872655715362542,0.23881477711875043,0.9339079470407626
0.08872655715362542,0.47829003401545417,0.9454503183367649
0.08872655715362542,0.07074561372331685,0.9583278848361466
0.08872655715362542,0.17828070429680365,0.9355568749462813
0.08872655715362542,0.5933648741006831,0.9624794352514827
0.08872655715362542,0.3693500815238884,0.9419137955735233
0.08872655715362542,0.5562722727917278,0.9538743955080642
0.08872655715362542,0.25902637495798525,0.934745358945446
0.08872655715362542,0.4922277034738951,0.9462358470637262
0.08872655715362542,0.5570072549333835,0.9540102928540427
0.08872655715362542,0.15486267095735773,0.9385355944207614
0.08872655715362542,0.2444988172336281,0.934107923021141
0.08872655715362542,0.296717249115872,0.9373852607561983
0.08872655715362542,0.5818548243072764,0.9594603126891516
0.08872655715362542,0.43028786375133876,0.9438614420577619
0.08872655715362542,0.3851568563048122,0.9425875100456376
0.08872655715362542,0.6234562412199471,0.972148585342264
0.08872655715362542,0.791389537821371,1.0943347184127143
0.08872655715362542,0.6190704759563288,0.970536395138586
0.08872655715362542,0.5316757857117207,0.94986192733042
0.08872655715362542,0.7585522538866692,1.0602795020499638
0.08872655715362542,0.5696761005222405,0.9564912769252641
0.08872655715362542,0.13224675943475628,0.9424444496562568
0.08872655715362542,0.23495782566302736,0.9338022703743208
0.08872655715362542,0.09989345158554928,0.9490227037527653
0.08872655715362542,0.15418409395794958,0.9386324521921031
0.08872655715362542,0.29450057434768134,0.9372066293472054
0.08872655715362542,0.06096626699554815,0.9628209893495674
0.08872655715362542,0.18757025651995313,0.9347405922070897
0.08872655715362542,0.3514413554753191,0.9408335156520911
0.08872655715362542,0.4164967431133011,0.9434447465662439
0.08872655715362542,0.7406667045306984,1.0426870095483367
0.08872655715362542,0.07347800432537666,0.9574347573444114
0.08872655715362542,0.4726076035331077,0.9451460047927912
0.08872655715362542,0.20856111416171164,0.9336861794821969
0.08872655715362542,0.4445100098265313,0.9442208083757234
0.08872655715362542,0.31585384628440893,0.938753153079609
0.08872655715362542,0.6912052097681891,1.0057264578480993
0.08872655715362542,0.18390945855680016,0.9350468261900179
0.08872655715362542,0.17876398551125583,0.9355131570278098
0.08872655715362542,0.5984526159549123,0.9639986827379726
0.08872655715362542,0.1397652144564198,0.9408609993952436
0.08872655715362542,0.3919654424308613,0.9427828187868347
0.08872655715362542,0.4098699549724627,0.9432539528067108
0.08872655715362542,0.5899491114451443,0.9615439556520359
0.08872655715362542,0.5556594285267903,0.9537625760373388
0.08872655715362542,0.4997032626972396,0.94675137884501
0.08872655715362542,0.5207417018149871,0.9486375669404077
0.08872655715362542,0.02499299685053078,0.9861715590364322
0.08872655715362542,0.7055329657733651,1.015563058072771
0.08872655715362542,0.49581291767778435,0.9464624758908733
0.08872655715362542,0.4367638502389391,0.9440189618557032
0.08872655715362542,0.10268480368799154,0.9483726452031842
0.08872655715362542,0.00202037409352398,1.013360996083303
0.08872655715362542,0.055586194790260106,0.9641629683564691
0.08872655715362542,0.3176901598266193,0.9388764586713293
0.08872655715362542,0.13883504289846024,0.9410671040772702
0.08872655715362542,0.682751813825071,1.0009733361461
0.08872655715362542,0.5450311106574669,0.9522366991057538
0.08872655715362542,0.49591354618914174,0.9464692986238921
0.08872655715362542,0.12102563336883865,0.9436988127133694
0.08872655715362542,0.3446455440293612,0.9404800071013237
0.08872655715362542,0.28326862703417544,0.9362990917000751
0.08872655715362542,0.449814368954909,0.9443993684172681
0.08872655715362542,0.5601508671581564,0.9546044412709548
0.08872655715362542,0.06212914932766474,0.9623803145308959
0.08872655715362542,0.15690936497452856,0.9382330153145488
0.08872655715362542,0.29320981600933527,0.9371009018745764
0.08872655715362542,0.1870153690264652,0.9347857823415783
0.08872655715362542,0.07022890936600845,0.9584993067897974
0.08872655715362542,0.34784119591134255,0.9406513202786768
0.08872655715362542,0.7563630643030009,1.0582340116766482
0.08872655715362542,0.09402502419431356,0.9510666840465126
0.08872655715362542,0.2872124264724203,0.9366115209005283
0.08872655715362542,0.775741862303475,1.0781260824919943
0.08872655715362542,0.4635686436120282,0.9448017724637868
0.08872655715362542,0.3390505778176063,0.9401619067681838
0.08872655715362542,0.6806854837983148,0.9997880616384993
0.08872655715362542,0.6914602336910215,1.005874405853828
0.08872655715362542,0.014724225995737328,0.9966425038492933
0.08872655715362542,0.44819447281789054,0.9443391715349219
0.08872655715362542,0.44461369025291636,0.9442238445209212
0.08872655715362542,0.5138441301188347,0.947984540130092
0.08872655715362542,0.4196976444302603,0.9435495320208698
0.08872655715362542,0.040912171138642074,0.9741390019019689
0.08872655715362542,0.6142829241873479,0.9689534426855907
0.08872655715362542,0.6164181632948927,0.9696431550453055
0.08872655715362542,0.5476053077828643,0.9525016909992742
0.08872655715362542,0.20329187758624237,0.9338343283726619
0.08872655715362542,0.7615798697262255,1.0630627204117726
0.08872655715362542,0.6932288671676651,1.0069164025393402
0.08872655715362542,0.23684839172611538,0.93385096881749
0.08872655715362542,0.2834141935013152,0.9363105652268239
0.08872655715362542,0.15605223086378484,0.9383612519304222
0.08872655715362542,0.2507132691297316,0.9343504348563927
0.08872655715362542,0.6505547458509526,0.9836193045670028
0.08872655715362542,0.18426346097407498,0.9350161399913995
0.08872655715362542,0.3787631065452168,0.9423647142880107
0.08872655715362542,0.6157505768048267,0.9694250043976691
0.08872655715362542,0.5934835039038843,0.962512817641411
0.08872655715362542,0.5777515139549021,0.9584372336859186
0.08872655715362542,0.02077595396637477,0.9905391029974854
0.08872655715362542,0.7886524384899054,1.0918583755930673
0.08872655715362542,0.6254940179025497,0.9729784330520111
0.08872655715362542,0.19097842289472694,0.9344689740171043
0.08872655715362542,0.5664393482825808,0.9558157751754162
0.08872655715362542,0.2732085352928399,0.9355754541680162
0.08872655715362542,0.2613667275572166,0.9348760648955587
0.08872655715362542,0.16962277160286768,0.9364055510759531
0.08872655715362542,0.1626177048144445,0.9373747307385759
0.08872655715362542,0.3222113358214096,0.9391750021534926
0.08872655715362542,0.23796116218740906,0.9338823009923936
0.08872655715362542,0.1875749889099157,0.9347402079734891
0.08872655715362542,0.18801961399733527,0.9347041818049365
0.08872655715362542,0.278574157758814,0.9359373722141886
0.08872655715362542,0.6380956331777621,0.9779750899981172
0.08872655715362542,0.7897434348170527,1.092842010798115
0.08872655715362542,0.6733847424424172,0.9953369325883678
0.08872655715362542,0.008845395993429329,1.0030292440288906
0.08872655715362542,0.6195526058323898,0.9707038855377669
0.08872655715362542,0.42555703700347786,0.9437387462101599
0.08872655715362542,0.4508205227691699,0.9444365487918058
0.08872655715362542,0.14187578932591646,0.9404619727361174
0.08872655715362542,0.5417872556364416,0.9517099347784788
0.08872655715362542,0.5090650483370608,0.9475451253661549
0.08872655715362542,0.2934393085002753,0.9371197677421579
0.08872655715362542,0.7758560463176507,1.0782799648318426
0.08872655715362542,0.06828986159214133,0.9592261336499648
0.08872655715362542,0.28026062469180374,0.9360637283159697
0.08872655715362542,0.6974379490759219,1.0096378172190605
0.08872655715362542,0.22151665860454886,0.9335752039524468
0.08872655715362542,0.30738633223225165,0.9381703780262827
0.08872655715362542,0.17090308931270082,0.9362501215380753
0.08872655715362542,0.07092938275949505,0.9582680972148604
0.08872655715362542,0.3335433081954371,0.9398446632012059
0.08872655715362542,0.47269065670145854,0.9451499692405756
0.08872655715362542,0.4393819499079376,0.9440838206109654
0.08872655715362542,0.18392323905909064,0.9350456260643087
0.08872655715362542,0.5403353353035159,0.951433092206938
0.08872655715362542,0.31584570790662747,0.938752603345535
0.08872655715362542,0.409515736855386,0.9432442425933101
0.08872655715362542,0.03485472257528723,0.9792441215188763
0.08872655715362542,0.3378150661641828,0.9400915423996815
0.08872655715362542,0.061584228570708534,0.9626036538199724
0.08872655715362542,0.4412533994513547,0.9441314753465283
0.08872655715362542,0.2871456413884917,0.9366061863025525
0.08872655715362542,0.26347944600831186,0.9349982489153694
0.08872655715362542,0.7869915196377875,1.090354635595661
0.08872655715362542,0.49519360595639483,0.9464211145415533
0.08872655715362542,0.3775657298631807,0.9423175527309212
0.08872655715362542,0.04836020370927381,0.9684150224452625
0.08872655715362542,0.5569394591166782,0.9539976850774246
0.08872655715362542,0.7577291355164881,1.05951906233229
0.08872655715362542,0.683821550481805,1.0015771644187719
0.08872655715362542,0.044350006382312304,0.9709287920187701
0.08872655715362542,0.7546393776143889,1.0565306305596522
0.08872655715362542,0.6019624646276709,0.9651366403370097
0.08872655715362542,0.12416436902043931,0.9430678799219394
0.08872655715362542,0.5490139417318174,0.9525672297422781
0.08872655715362542,0.7012660336524625,1.0124828624286915
0.08872655715362542,0.46009997307440786,0.944704587379913
0.08872655715362542,0.7779216965812812,1.0809571186737736
0.08872655715362542,0.3544904484704894,0.9409976014220215
0.08872655715362542,0.5051136526582057,0.9472029002662458
0.08872655715362542,0.5751316395180168,0.9577765746914737
0.08872655715362542,0.24894129870840517,0.9342808662981884
0.08872655715362542,0.14198669312923987,0.9404433092772904
0.08872655715362542,0.4672017202405503,0.9449223471313478
0.08872655715362542,0.3955184551339599,0.9428833029028125
0.08872655715362542,0.5608072998463653,0.9547291743978468
0.08872655715362542,0.33094148418485103,0.9396928564042938
0.08872655715362542,0.4519972082923782,0.9444769997891871
0.08872655715362542,0.1083610590456904,0.9474221932389052
0.08872655715362542,0.43763378289458715,0.9440404310675033
0.08872655715362542,0.6318094880561791,0.9755051326913419
0.08872655715362542,0.28593307959429615,0.9365096633124269
0.08872655715362542,0.12354919683749693,0.9431552049425231
0.08872655715362542,0.35319188357801257,0.9409258957262991
0.08872655715362542,0.6829610814090844,1.0010919640476963
0.08872655715362542,0.5446222761988999,0.9521800999327769
0.08872655715362542,0.3188990053287515,0.9389569054837751
0.08872655715362542,0.17234160506152385,0.936090665698317
0.08872655715362542,0.24082960091201394,0.9339738167468585
0.08872655715362542,0.4155524334581682,0.9434158402978364
0.08872655715362542,0.7484902861266486,1.0498165472449497
0.08872655715362542,0.267965902060123,0.9352585035306623
0.08872655715362542,0.3626769535451693,0.9414932610965905
0.08872655715362542,0.5906899918355347,0.9617431444551148
0.08872655715362542,0.2653619399681558,0.9351077662781637
0.08872655715362542,0.7216461552549839,1.0268548534768833
0.08872655715362542,0.4457401613969507,0.9442578074987399
0.08872655715362542,0.5680093155718504,0.9561364171959825
0.08872655715362542,0.4439867438383453,0.9442056961035631
0.08872655715362542,0.5051504587620179,0.9472060245990293
0.08872655715362542,0.1510126092556691,0.9390548119399553
0.08872655715362542,0.027896751343213656,0.984050524266236
0.08872655715362542,0.5146674840529285,0.9480621006429744
0.08872655715362542,0.2873395315568807,0.9366216795521377
0.08872655715362542,0.5183081632337733,0.948403146961175
0.08872655715362542,0.2906516058817434,0.9368897580429302
0.08872655715362542,0.0198487449898753,0.9914632643357697
0.08872655715362542,0.6833679289844985,1.0013218868865417
0.08872655715362542,0.5923968968536454,0.9622096751168555
0.08872655715362542,0.7332109034251443,1.0368626177978661
0.08872655715362542,0.194622777475721,0.9342088835644845
0.08872655715362542,0.2507042051232065,0.93435007137441
0.08872655715362542,0.5219844979518358,0.9487620897513623
0.08872655715362542,0.3619787921568941,0.9414496068161432
0.08872655715362542,0.693215707461502,1.0069085192534797
0.08872655715362542,0.11382857049549795,0.9459902642566838
0.08872655715362542,0.6304228488141588,0.9749605343573828
0.08872655715362542,0.7896707235206071,1.09277641383482
0.08872655715362542,0.06724672994554544,0.9597065889661516
0.08872655715362542,0.289421635460816,0.9367893557044983
0.08872655715362542,0.40055530794089683,0.9430104667835751
0.08872655715362542,0.07752664342536111,0.9558102099043827
0.08872655715362542,0.34991855746120787,0.9407563890293013
0.08872655715362542,0.722532984908265,1.0275934259051307
0.08872655715362542,0.48451238606241953,0.9458051849415506
0.08872655715362542,0.11806523341765712,0.9445749051239599
0.08872655715362542,0.5597168137929851,0.9545218605269014
0.08872655715362542,0.6452208464332791,0.9810037548120216
0.08872655715362542,0.6681118971611626,0.9923592563775514
0.08872655715362542,0.7767288315116168,1.0794360441499389
0.08872655715362542,0.08551949955252952,0.9533837311193527
0.08872655715362542,0.2131157598945208,0.9336140286162561
0.08872655715362542,0.29013995897845135,0.9368478540230966
0.08872655715362542,0.012944451206917229,0.9980873906925767
0.08872655715362542,0.4438153432655361,0.9442008192159351
0.08872655715362542,0.2735205506896616,0.9355952756020903
0.08872655715362542,0.5291829554940203,0.9495623996335342
0.08872655715362542,0.23776638563592878,0.933876652740618
0.08872655715362542,0.45037412252515185,0.9444203547532195
0.08872655715362542,0.3058682803648779,0.9380651956070692
0.08872655715362542,0.5670343320074837,0.9559358897662754
0.08872655715362542,0.2081790832255412,0.9336949265169335
0.08872655715362542,0.4150957257845791,0.9434021315050422
0.08872655715362542,0.30111793430554723,0.937722954672268
0.08872655715362542,0.7373619744228649,1.0401065268896688
0.08872655715362542,0.7701490093943619,1.071235078790143
0.08872655715362542,0.21130158749164735,0.9336362756006463
0.08872655715362542,0.2389551543970951,0.9339123042205535
0.08872655715362542,0.7542350850860112,1.056117715301046
0.08872655715362542,0.0368834180112211,0.9771939466683308
0.08872655715362542,0.2958153236326703,0.9373131216123021
0.08872655715362542,0.6467887727621336,0.9817331504143721
0.08872655715362542,0.5688859238589797,0.9563210788433647
0.08872655715362542,0.058338613930576516,0.9633896084566106
0.08872655715362542,0.7979904476720967,1.101870351800695
0.08872655715362542,0.35347052772909626,0.9409410355165888
0.08872655715362542,0.4637091550699153,0.9448060313086599
0.08872655715362542,0.06628937306128017,0.9602014642943034
0.08872655715362542,0.6336641314033898,0.976228101960465
0.08872655715362542,0.5314411890362264,0.9498315107430645
0.08872655715362542,0.7163952161854678,1.0229023711433236
0.08872655715362542,0.472990380467932,0.9451644290442675
0.08872655715362542,0.5722423433455439,0.9570704915974075
0.08872655715362542,0.5896123608221374,0.9614540310068858
0.08872655715362542,0.39653955772688976,0.9429096066655478
0.08872655715362542,0.3512337007803432,0.9408228397443672
0.08872655715362542,0.021091839822351324,0.9903081546709462
0.08872655715362542,0.7108413201551357,1.019126587424375
0.08872655715362542,0.2937210304131032,0.9371428904476424
0.08872655715362542,0.013631599910922177,0.9972622382422409
0.08872655715362542,0.6957854729568388,1.0085191516390852
0.08872655715362542,0.5445767020678026,0.9521735821076006
0.08872655715362542,0.4807101122107855,0.9455906506348919
0.08872655715362542,0.37329133553738575,0.9421288394826707
0.08872655715362542,0.377762254669901,0.9423254153051125
0.08872655715362542,0.5374682988283357,0.9508623320087365
0.08872655715362542,0.21494680046565878,0.933597717751368
0.08872655715362542,0.49021599608082006,0.9461192494681796
0.08872655715362542,0.13016093869625964,0.9426445783811913
0.08872655715362542,0.6178742410094746,0.9701279224707692
0.08872655715362542,0.6741687049558585,0.9958208509071994
0.08872655715362542,0.09889966015296042,0.9493133211942159
0.08872655715362542,0.3622994982284937,0.9414696361704924
0.08872655715362542,0.024388529861722665,0.9868269736530274
0.08872655715362542,0.7515763897851889,1.0532760107333883
0.08872655715362542,0.6290394925461168,0.9744125986350726
0.08872655715362542,0.6854696595283453,1.002495599829582
0.08872655715362542,0.5762003422853307,0.9580471955659754
0.08872655715362542,0.7725202763069187,1.073930737587415
0.08872655715362542,0.19865447287258206,0.9339951133928741
0.08872655715362542,0.5450662615658886,0.9522414037216437
0.08872655715362542,0.036415083580426534,0.9776446777728703
0.08872655715362542,0.7601759371495741,1.0617743354927676
0.08872655715362542,0.22751851869184103,0.9336411146268658
0.08872655715362542,0.612952979877742,0.9685344441949653
0.08872655715362542,0.7508088088805394,1.0524150406698218
0.08872655715362542,0.4670708599827486,0.9449176512573959
0.08872655715362542,0.2886127855537451,0.9367239099049776
0.08872655715362542,0.35044230244753766,0.9407826279722442
0.08872655715362542,0.42288204680614894,0.9436574716449525
0.08872655715362542,0.24695140529013734,0.934203405716001
0.08872655715362542,0.2987365052108496,0.9375432849437544
0.08872655715362542,0.7123076536220738,1.0201079347610489
0.08872655715362542,0.682085599249901,1.000593991401916
0.08872655715362542,0.6216801875350816,0.9714685967592205
0.08872655715362542,0.5021887726686688,0.9469572569296617
0.08872655715362542,0.19123640589648724,0.9344491774242725
0.08872655715362542,0.08212043211680875,0.9542066718505071
0.08872655715362542,0.33417681199230675,0.9398817535826567
0.08872655715362542,0.14792645750204034,0.9394701045374311
0.08872655715362542,0.771274935638032,1.0724781663839462
0.08872655715362542,0.1822007716877815,0.9351992852076295
0.08872655715362542,0.611711275707148,0.9681480707671812
0.08872655715362542,0.7235962367875023,1.028511833863776
0.08872655715362542,0.506016819879667,0.9472798635041212
0.08872655715362542,0.0263342630195722,0.985193825080462
0.08872655715362542,0.6517124822612788,0.9842190345239769
0.08872655715362542,0.5026995379358098,0.9469998357416862
0.08872655715362542,0.14503399198808112,0.9399448344449165
0.08872655715362542,0.7621177698481105,1.0635557020282846
0.08872655715362542,0.3470067216262971,0.940608003840467
0.08872655715362542,0.17723934245352205,0.9356499682403393
0.08872655715362542,0.08672174124314465,0.9531460041517609
0.08872655715362542,0.0540089701930679,0.9649649646180698
0.08872655715362542,0.22060756260709147,0.9335737861193062
0.08872655715362542,0.3172345681544344,0.9388459972895571
0.08872655715362542,0.4850590169642727,0.9458351625840047
0.08872655715362542,0.2437773505188103,0.9340804855017076
0.08872655715362542,0.3032809652109202,0.9378820888393291
0.08872655715362542,0.5383090537142392,0.9510299672550949
0.08872655715362542,0.009556379026406693,1.0022755103286414
0.08872655715362542,0.6468078974338911,0.9817422232791762
0.08872655715362542,0.24128234576278126,0.9339895050707712
0.08872655715362542,0.2965674870276511,0.9373733410533203
0.08872655715362542,0.2451729160399083,0.9341338894461095
0.08872655715362542,0.7012349892741822,1.0124595818265265
0.08872655715362542,0.5186166629556345,0.9484323645754988
0.08872655715362542,0.40724045370066764,0.9431818871385261
0.08872655715362542,0.6203746166327236,0.970993570904418
0.08872655715362542,0.6715036858674437,0.9942241735925564
0.08872655715362542,0.018756687834576447,0.9928185740439164
0.08872655715362542,0.40627916960464683,0.943155511544542
0.08872655715362542,0.07719011408273993,0.95594986832961
0.08872655715362542,0.6606178003524658,0.9886152710172142
0.08872655715362542,0.07365051195532173,0.9573741127162958
0.08872655715362542,0.5378381827761427,0.9509358902102997
0.08872655715362542,0.1770496819748508,0.9356667212716248
0.08872655715362542,0.39963514015429374,0.9429870422940589
0.08872655715362542,0.3353592879359384,0.9399504844160095
0.08872655715362542,0.29054248975620817,0.9368808040891259
0.08872655715362542,0.32373912253707404,0.9392717281695482
0.08872655715362542,0.4420889983085524,0.9441534496920145
0.08872655715362542,0.18812635317573695,0.9346955525862705
0.08872655715362542,0.48250186277867385,0.9456934303923425
0.08872655715362542,0.01550863494860133,0.995875089501133
0.08872655715362542,0.1519958686978834,0.9389286367592309
0.08872655715362542,0.6955320097738142,1.0083535964866392
0.08872655715362542,0.50629840208513,0.9473039925634454
0.08872655715362542,0.6775459708334419,0.9979342936718328
0.08872655715362542,0.40153360619359574,0.9430349832241269
0.08872655715362542,0.4788155367148069,0.9454802730285023
0.08872655715362542,0.35265443253229034,0.9408970489046848
0.08872655715362542,0.03884517232798164,0.9756691705814111
0.08872655715362542,0.19236727422873381,0.9343645083980852
0.08872655715362542,0.5311174640016828,0.9497913263711321
0.08872655715362542,0.18100528769633756,0.935308357925466
0.08872655715362542,0.11763641647605239,0.9447149300453518
0.08872655715362542,0.3309166175433488,0.939691422027447
0.08872655715362542,0.15538377994222527,0.938459828590678
0.08872655715362542,0.5399779668792487,0.9513628478121564
0.08872655715362542,0.1949295289305737,0.9341893921018403
0.08872655715362542,0.16824524011349873,0.9365836945885644
0.08872655715362542,0.5770361474153856,0.9582577283818803
0.08872655715362542,0.013552742206234127,0.9973397152485753
0.08872655715362542,0.6280537601400712,0.9740187962433964
0.08872655715362542,0.04170187020372387,0.9734317769511652
0.08872655715362542,0.20803765399749255,0.9336982636596701
0.08872655715362542,0.14392798757859496,0.9401288049398686
0.08872655715362542,0.27841640811464236,0.9359258384829419
0.08872655715362542,0.6673927222871154,0.991980501435516
0.08872655715362542,0.08891435732217215,0.9526853713630415
0.08872655715362542,0.6912481132234847,1.005751311336143
0.08872655715362542,0.37576079042235633,0.942242541931263
0.08872655715362542,0.4041653962866414,0.9431005149194467
0.08872655715362542,0.3714912862546384,0.9420357671492144
0.08872655715362542,0.6352341719669321,0.9768393985043414
0.08872655715362542,0.17337003977974313,0.9359875395235554
0.08872655715362542,0.3439300205278964,0.9404392803215529
0.08872655715362542,0.40078214793740474,0.9430161872571613
0.08872655715362542,0.027259548859984318,0.9845782684660036
0.08872655715362542,0.18078710601651438,0.9353283362456772
0.08872655715362542,0.7526964409835482,1.0544998246130486
0.08872655715362542,0.7174354090679951,1.0236363014658756
0.08872655715362542,0.3455848612579323,0.9405320346312184
0.08872655715362542,0.09405723005970641,0.9510545823384516
0.08872655715362542,0.7968254622593777,1.1002555835246108
0.08872655715362542,0.2617825222377341,0.9348998509571129
0.08872655715362542,0.45100238276107546,0.9444430067744293
0.08872655715362542,0.7984870601943367,1.1026039536347654
0.08872655715362542,0.6691928181570206,0.99293855386756
0.08872655715362542,0.10580723808991249,0.9478493949572387
0.08872655715362542,0.6916368525365858,1.0059771786612783
0.08872655715362542,0.24167655382564135,0.9340033950905414
0.08872655715362542,0.15276582589312185,0.9388270304761421
0.08872655715362542,0.3673459418755798,0.9417889124599421
0.08872655715362542,0.6649264204625494,0.9907187686038913
0.08872655715362542,0.3313644597182184,0.9397172906432026
0.08872655715362542,0.4400733712984745,0.944101224931812
0.08872655715362542,0.03010809319646999,0.9822268185673956
0.08872655715362542,0.48529887681658224,0.9458482838880108
0.08872655715362542,0.21843852339189143,0.9335774269948384
0.08872655715362542,0.7559557663924434,1.05783985290848
0.08872655715362542,0.5872113932798341,0.9608229001080407
0.08872655715362542,0.543567446300732,0.9520194396267545
0.08872655715362542,0.012275332311090282,0.9988545146438332
0.08872655715362542,0.32339127742709384,0.9392501239663621
0.08872655715362542,0.5098028058985206,0.947610868438499
0.08872655715362542,0.66041310734572,0.9885161657453062
0.08872655715362542,0.7921940070828084,1.0950754882435934
0.08872655715362542,0.24519954612322944,0.9341349208752184
0.08872655715362542,0.22419512303914246,0.9335922606082213
0.08872655715362542,0.77427061773324,1.076130082328048
0.08872655715362542,0.7503404836762314,1.0518808852489276
0.08872655715362542,0.09121105954410141,0.9520592286898913
0.08872655715362542,0.16183413827123916,0.9374890414061624
0.08872655715362542,0.35967205921862155,0.9413068481881274
0.08872655715362542,0.7056973637500956,1.01567717235953
0.08872655715362542,0.4942828246225685,0.946362123986055
0.08872655715362542,0.21587452640150354,0.9335910958555084
0.08872655715362542,0.6082545903952432,0.9670868264138102
0.08872655715362542,0.36165078199727,0.9414291643959335
0.08872655715362542,0.46832855133367995,0.9449640075855118
0.08872655715362542,0.5075742798105071,0.9474142197958397
0.08872655715362542,0.7327571070080164,1.0365039779202438
0.08872655715362542,0.7307433461263154,1.034872451422656
0.08872655715362542,0.4565856137731114,0.9446120089366425
0.08872655715362542,0.1348349744715776,0.9420184667033853
0.08872655715362542,0.27091231751382877,0.9354329404801616
0.08872655715362542,0.11531809903204593,0.9454941318138931
0.08872655715362542,0.5734549136104026,0.957359426815148
0.08872655715362542,0.31915850298292414,0.9389741082103089
0.08872655715362542,0.5165773136797674,0.9482406861539563
0.08872655715362542,0.5607753578986725,0.9547231131505303
0.08872655715362542,0.09787604568405045,0.9496471286095928
0.08872655715362542,0.7527306354282414,1.0545365775854025
0.08872655715362542,0.5183847691278886,0.948410392189582
0.08872655715362542,0.010764170973801779,1.0000230399510455
0.08872655715362542,0.5540225480817584,0.9534523630406208
0.08872655715362542,0.2614837458984593,0.9348827442358166
0.08872655715362542,0.022586611032161932,0.9890962851897881
0.08872655715362542,0.01183807882644823,0.9990911539971504
0.08872655715362542,0.7157573548617169,1.0224592579289713
0.08872655715362542,0.3314448541600197,0.9397219433404008
0.08872655715362542,0.32965717759331387,0.9396189708818073
0.08872655715362542,0.6118368159439882,0.9681869720586735
0.08872655715362542,0.49233324136003476,0.9462421328613762
0.08872655715362542,0.7188298542444048,1.024654840872639
0.08872655715362542,0.6897351143417993,1.0048828871026934
0.08872655715362542,0.6586987405762124,0.987685209182731
0.08872655715362542,0.11875650694988282,0.9443544927820885
0.08872655715362542,0.459331106940868,0.9446843165958281
0.08872655715362542,0.08252646617695279,0.9540872402517095
0.08872655715362542,0.15646801459573192,0.9382992704841242
0.08872655715362542,0.571287623224236,0.9568500743213366
0.08872655715362542,0.012023722148238304,0.9990126017167105
0.08872655715362542,0.5142564174837495,0.9480234509714781
0.08872655715362542,0.3109786115403793,0.9384180228508038
0.08872655715362542,0.5673443064819226,0.9559991163408856
0.08872655715362542,0.36622142336667757,0.9417172924637592
0.08872655715362542,0.6879694572766231,1.0038865240206925
0.08872655715362542,0.46562550506672623,0.9448675714874636
0.08872655715362542,0.22952921784223765,0.9336806113817088
0.08872655715362542,0.6247593343313051,0.972674070393336
0.08872655715362542,0.4561757237429726,0.9446009519995732
0.08872655715362542,0.3861605495403237,0.9426176327686587
0.08872655715362542,0.2621153295815981,0.9349189910240828
0.08872655715362542,0.2175428032709169,0.9335812779044228
0.08872655715362542,0.290470883646656,0.9368749333361998
0.08872655715362542,0.08842666310034,0.9527953745929688
0.08872655715362542,0.7004015486930425,1.0118291014455933
0.08872655715362542,0.2577374459414502,0.9346762000132688
0.08872655715362542,0.4488159496353311,0.9443616811801655
0.08872655715362542,0.346145526392835,0.9405623563135732
0.08872655715362542,0.0022671349105944038,1.0127571264534663
0.08872655715362542,0.13338674423914298,0.9422865106600866
0.08872655715362542,0.43146160403940503,0.9438894760309761
0.08872655715362542,0.45720210138752526,0.9446284393244968
0.08872655715362542,0.11907620444780723,0.9442552242281042
0.08872655715362542,0.20038686735245098,0.9339307633525156
0.08872655715362542,0.013455456413865453,0.9974439618967744
0.08872655715362542,0.32756333007202126,0.9394984599293563
0.08872655715362542,0.6653607406881443,0.9909370209610361
0.08872655715362542,0.2617481739643028,0.9348978805545829
0.08872655715362542,0.04432005346775654,0.9709551577728948
0.08872655715362542,0.17339940005709265,0.9359847252600692
0.08872655715362542,0.7890571190513828,1.0922232072108793
0.08872655715362542,0.6092739779979116,0.9673982796013593
0.08872655715362542,0.6137517017915991,0.9687852263232197
0.08872655715362542,0.3091672134834427,0.938292953960123
0.08872655715362542,0.619165678066552,0.970569332968401
0.08872655715362542,0.38661854341929325,0.9426310874716118
0.08872655715362542,0.4597716117017169,0.9446959042027753
0.08872655715362542,0.7499124299456112,1.051387216924392
0.08872655715362542,0.6643376100396381,0.9904254039771064
0.08872655715362542,0.7696482271594469,1.0707016135153635
0.08872655715362542,0.7452043205007198,1.046550536132525
0.08872655715362542,0.36528762862432523,0.9416579608378255
0.08872655715362542,0.7181263459346909,1.024135722853118
0.08872655715362542,0.6097281734792883,0.9675373604713325
0.08872655715362542,0.14910072190849366,0.9392984683938145
0.08872655715362542,0.5340926408614056,0.9502306125676153
0.08872655715362542,0.6465339605043562,0.9816126824155298
0.08872655715362542,0.1465224655239001,0.9396948304122001
0.08872655715362542,0.00891509777634134,1.0029746134296267
0.08872655715362542,0.36953620030203266,0.9419248830436445
0.08872655715362542,0.10191306020385138,0.9485280509751345
0.08872655715362542,0.1072775452181551,0.9476128190931646
0.08872655715362542,0.47682222665447194,0.9453679902495453
0.08872655715362542,0.45739114799315983,0.9446334394593293
0.08872655715362542,0.5952503117983725,0.9630211196374718
0.08872655715362542,0.1200082329816885,0.9439776063956754
0.08872655715362542,0.1373870553305064,0.9414091253380975
0.08872655715362542,0.11467777665108558,0.94570949750064
0.08872655715362542,0.4270521697637817,0.9437800975751123
0.08872655715362542,0.5490593581490468,0.9525694351960879
0.08872655715362542,0.38513242422593186,0.9425867645383328
0.08872655715362542,0.24908892868444366,0.9342866083399198
0.08872655715362542,0.17374100984105773,0.9359525032586963
0.08872655715362542,0.5656792316366374,0.9556644705597593
0.08872655715362542,0.3184520672313522,0.93892722353845
0.08872655715362542,0.0806862446645475,0.9546569571594086
0.08872655715362542,0.24263431054972912,0.9340379518285035
0.08872655715362542,0.6498264865721921,0.9832381913779882
0.08872655715362542,0.3918537002747283,0.94277961333765
0.08872655715362542,0.37212408056277835,0.9420694729406319
0.08872655715362542,0.26193544056495005,0.934908634673634
0.08872655715362542,0.6619962274306292,0.9892826592567505
0.08872655715362542,0.4051745411296411,0.943126309899252
0.08872655715362542,0.3970423973037517,0.9429222834964778
0.08872655715362542,0.4240521404455471,0.9436939683395155
0.08872655715362542,0.6786258465750157,0.9985797034868431
0.08872655715362542,0.42997571772028276,0.9438539130328958
0.08872655715362542,0.21253789087385036,0.9336203527625444
0.08872655715362542,0.6463603748810399,0.9815310555959676
0.08872655715362542,0.7121087627808262,1.0199743003698616
0.08872655715362542,0.048407356313626075,0.9683918336055665
0.08872655715362542,0.3557074600795068,0.941067675897927
0.08872655715362542,0.41230373515074015,0.9433214237275072
0.08872655715362542,0.6702396532117669,0.9935117326702627
0.08872655715362542,0.034335429387398884,0.9797527255086554
0.08872655715362542,0.11921647082950032,0.9442122737805615
0.08872655715362542,0.27952979999605276,0.936008313500596
0.08872655715362542,0.2917254522563737,0.936978377231666
0.08872655715362542,0.05735817791362372,0.963601337283586
0.08872655715362542,0.34379853532074683,0.9404317609256962
0.08872655715362542,0.3104074278740619,0.9383784572666154
0.08872655715362542,0.16917892037775906,0.9364618332029854
0.08872655715362542,0.7979623597409975,1.1018296938143164
0.08872655715362542,0.7833881475065889,1.0869905649702862
0.08872655715362542,0.47623115358695184,0.9453353071977578
0.08872655715362542,0.20184644733842197,0.9338817735613484
0.08872655715362542,0.7798189394746833,1.0832302976731425
0.08872655715362542,0.6311591377889171,0.9752502229692286
0.08872655715362542,0.3491114214722757,0.9407159242517373
0.08872655715362542,0.010159142772408904,1.001108127685628
0.08872655715362542,0.5360751896915664,0.9505906670669829
0.08872655715362542,0.204980724780435,0.9337814938888593
0.08872655715362542,0.2392131742699184,0.9339204096829536
0.08872655715362542,0.18489217294795895,0.9349623312298007
0.08872655715362542,0.26405030562140386,0.9350316225326807
0.08872655715362542,0.2734333385159002,0.9355897280829388
0.08872655715362542,0.705585723014734,1.0155997138930393
0.08872655715362542,0.43683649759194654,0.9440207555100665
0.08872655715362542,0.23296887996026427,0.9337555853918035
0.08872655715362542,0.2986346067034053,0.937535443434279
0.08872655715362542,0.0928890809680259,0.9514862374360069
0.08872655715362542,0.5545809654364033,0.9535660298900623
0.08872655715362542,0.7333998746295061,1.0370116324372036
0.08872655715362542,0.010627793041910572,1.000233617736496
0.08872655715362542,0.43005887845081514,0.9438559230860573
0.08872655715362542,0.1861200681502262,0.9348594086163594
0.08872655715362542,0.12401718913614551,0.9430869071208899
0.08872655715362542,0.5616278705443086,0.954884624179509
0.08872655715362542,0.6361096212729209,0.977183537378162
0.08872655715362542,0.45922279389472237,0.9446814752658587
0.08872655715362542,0.6810365920590367,0.9999913037877112
0.08872655715362542,0.43826868672005875,0.9440561228522746
0.08872655715362542,0.6757034754318182,0.9967962820577988
0.08872655715362542,0.05807470931759511,0.9634426760653799
0.08872655715362542,0.3563608610389178,0.941106465103943
0.08872655715362542,0.312989591282358,0.9385576794996596
0.08872655715362542,0.2883214388285887,0.9367004372285607
0.08872655715362542,0.009753522171255469,1.0019554946917353
0.08872655715362542,0.495973254589594,0.946473360850274
0.08872655715362542,0.5209739218476458,0.9486605330714947
0.08872655715362542,0.6656709299670257,0.991093889953013
0.08872655715362542,0.3843932845545146,0.9425639000791106
0.08872655715362542,0.22881385026586118,0.9336659679633269
0.08872655715362542,0.02816043513494142,0.9838143698054136
0.08872655715362542,0.05606089840984172,0.963980685350616
0.08872655715362542,0.6381432823734979,0.9779942837798602
0.08872655715362542,0.5516204376577647,0.9529288216274338
0.08872655715362542,0.3888642255861042,0.9426952674198225
0.08872655715362542,0.1611811560000015,0.9375853982903248
0.08872655715362542,0.4815907996103265,0.9456416374704371
0.08872655715362542,0.589631957791317,0.9614592539405873
0.08872655715362542,0.5020303757625668,0.9469440735634626
0.08872655715362542,0.5335992981196036,0.9501480423512518
0.08872655715362542,0.12250751285460276,0.9433497222050266
0.08872655715362542,0.04125547140728694,0.9738395574830817
0.08872655715362542,0.7056918600980054,1.0156733573058603
0.08872655715362542,0.6467587450017753,0.9817189139054932
0.08872655715362542,0.24251421171707374,0.9340335599838022
0.08872655715362542,0.7299132063221907,1.034176378599021
0.08872655715362542,0.7336041862556859,1.0371725376634087
0.08872655715362542,0.49876493116365916,0.9466765897700036
0.08872655715362542,0.28127824292735387,0.9361424027442107
0.08872655715362542,0.21794069276765102,0.9335794242183434
0.08872655715362542,0.21366939114280276,0.9336085479052094
0.08872655715362542,0.19165485570293656,0.9344174256757678
0.08872655715362542,0.11135239612018362,0.9467425513701947
0.08872655715362542,0.5748427909742103,0.9577032490455498
0.08872655715362542,0.6409533458648139,0.9791455432238317
0.08872655715362542,0.2118647758918889,0.9336285888467644
0.08872655715362542,0.6034992579884375,0.9656240838051249
0.08872655715362542,0.11004504238961328,0.9470740996259704
0.08872655715362542,0.26046833419470766,0.9348252055836838
0.08872655715362542,0.5380303974729043,0.950974249425009
0.08872655715362542,0.44788339011614636,0.9443282179090203
0.08872655715362542,0.2539443570384154,0.9344884509824718
0.08872655715362542,0.3747562740203587,0.9421981703921544
0.08872655715362542,0.3147779105411891,0.9386802061202871
0.08872655715362542,0.12372701884435733,0.9431278270089907
0.08872655715362542,0.29677045501329763,0.9373894895032191
0.08872655715362542,0.47141283365885905,0.9450909353172996
0.08872655715362542,0.015523386156315766,0.9958562228878054
0.08872655715362542,0.35728274515322306,0.941161684142469
0.08872655715362542,0.6686372529356901,0.9926392681294635
0.08872655715362542,0.14818815396138182,0.9394303092478667
0.08872655715362542,0.03517018565207195,0.9789223020513116
0.08872655715362542,0.7020611236195621,1.0130747039115278
0.08872655715362542,0.7615732283139967,1.0630566319030088
0.08872655715362542,0.6128396438872573,0.9684990197715722
0.08872655715362542,0.4328984704335305,0.9439236923004896
0.08872655715362542,0.654555253879928,0.9856569387327414
0.08872655715362542,0.7892631344030524,1.0924089029493524
0.08872655715362542,0.5436829720130392,0.9520379779080734
0.08872655715362542,0.5830418819039362,0.9597583090208004
0.08872655715362542,0.2201380268498513,0.9335737891117852
0.08872655715362542,0.5059698214896721,0.9472758426338608
0.08872655715362542,0.22368102002371018,0.9335873118516007
0.08872655715362542,0.3551792800447968,0.9410369001086283
0.08872655715362542,0.36673372420199374,0.9417499033715127
0.08872655715362542,0.4978923496139399,0.9466100485355999
0.08872655715362542,0.6865195133658597,1.003077816336747
0.08872655715362542,0.657724584388176,0.9872116920121736
0.08872655715362542,0.7108062774158128,1.0191032374009688
0.08872655715362542,0.05517788247370623,0.964343597178998
0.08872655715362542,0.13259664421730255,0.9424003203223896
0.08872655715362542,0.0019177467611355859,1.0134703031693502
0.08872655715362542,0.7708422848947811,1.0719930454569044
0.08872655715362542,0.13278341307666147,0.9423752502435112
0.08872655715362542,0.08330807342913343,0.9538760442252532
0.08872655715362542,0.11275790034583429,0.9463308009720413
0.08872655715362542,0.777630366647002,1.08059203393923
0.08872655715362542,0.5676192342539154,0.9560555953505989
0.08872655715362542,0.2623165295914127,0.9349306031252735
0.08872655715362542,0.5667553033857843,0.955879362983581
0.08872655715362542,0.5596802423498033,0.9545149024234679
0.08872655715362542,0.288592472086079,0.9367222716700034
0.08872655715362542,0.49341540089490943,0.9463077696330384
0.08872655715362542,0.6355806246970179,0.976975266949633
0.08872655715362542,0.4321104945231225,0.9439048994868624
0.08872655715362542,0.36292009986243867,0.9415085079118284
0.08872655715362542,0.7504534751858785,1.0520103715100368
0.08872655715362542,0.5123687987012232,0.9478453252382205
0.08872655715362542,0.7518183064404874,1.0535436125206508
0.08872655715362542,0.5511094918528207,0.9528294553063505
0.08872655715362542,0.3562593968427882,0.941100414949452
0.08872655715362542,0.03598353453104277,0.9780807335522639
0.08872655715362542,0.43407601961310577,0.9439521903608895
0.08872655715362542,0.6117986926338508,0.9681751551912127
0.08872655715362542,0.17905268036285832,0.9354869248693423
0.08872655715362542,0.28094963318092264,0.9361168156790647
0.08872655715362542,0.2278369192913724,0.9336469929442754
0.08872655715362542,0.4566419720732364,0.9446135201583917
0.08872655715362542,0.7156164434181029,1.0223617682388437
0.08872655715362542,0.42656785720068263,0.943767038365013
0.08872655715362542,0.6693353872288264,0.9930158952518404
0.08872655715362542,0.1351352309707398,0.9419519367367574
0.08872655715362542,0.20352844473657364,0.9338267241652002
0.08872655715362542,0.7769551347976377,1.0797299090904442
0.08872655715362542,0.5750317108345263,0.9577511820312355
0.08872655715362542,0.44407357453590723,0.9442081801761213
0.08872655715362542,0.4348489876235244,0.9439713658158025
0.08872655715362542,0.48674644354357244,0.9459272823783796
0.08872655715362542,0.15995258424226508,0.937769996624736
0.08872655715362542,0.33301074990663554,0.9398133256143568
0.08872655715362542,0.24540252091565007,0.9341427950513905
0.08872655715362542,0.48096417209998976,0.945605461642931
0.08872655715362542,0.614836030522016,0.9691299338058035
0.08872655715362542,0.3590034747075703,0.9412659367525686
0.08872655715362542,0.4781390130535729,0.945441760424223
0.08872655715362542,0.10229176267647909,0.9484497727599267
0.08872655715362542,0.08533767781616214,0.9534204942915646
0.08872655715362542,0.5541918252158727,0.9534877848224131
0.08872655715362542,0.6551507544258022,0.9859520009965058
0.08872655715362542,0.5042318230896071,0.9471283238874844
0.08872655715362542,0.6389925311764021,0.9783381063324875
0.08872655715362542,0.40021540293558583,0.943001842130108
0.08872655715362542,0.5342598520102085,0.9502593244352447
0.08872655715362542,0.043157500685085816,0.9720351109555866
0.08872655715362542,0.4675933639401823,0.9449365734824113
0.08872655715362542,0.029969359722974168,0.9823131701748126
0.08872655715362542,0.21238759339817304,0.9336221071468707
0.08872655715362542,0.2769296119212338,0.9358198056160297
0.08872655715362542,0.39128638204959404,0.9427634379172288
0.08872655715362542,0.3496467221992635,0.9407427982171019
0.08872655715362542,0.3913474759463556,0.9427651727414971
0.08872655715362542,0.12599559587257678,0.9429048066525696
0.08872655715362542,0.6241679069383288,0.972432672277892
0.08872655715362542,0.028821330406464885,0.9832156033298283
0.08872655715362542,0.44441285680375153,0.9442179762065872
0.08872655715362542,0.1511638670582933,0.9390356431618102
0.08872655715362542,0.0018958859775162651,1.0134827238187323
0.08872655715362542,0.41671882298279395,0.9434516627217823
0.08872655715362542,0.49953756224429385,0.9467379241133894
0.08872655715362542,0.6698054111054317,0.9932724702165528
0.08872655715362542,0.14847210285292292,0.939388069563109
0.08872655715362542,0.7105949026336479,1.018962484041042
0.08872655715362542,0.4359206264783142,0.9439980986764054
0.08872655715362542,0.10135096739426147,0.948652418291752
0.08872655715362542,0.7045049643298859,1.0148420665724431
0.08872655715362542,0.05615208579229112,0.9639487582132523
0.08872655715362542,0.5270743014152521,0.9493204600019075
0.08872655715362542,0.6097069439372185,0.9675308544768444
0.08872655715362542,0.6095240944311403,0.9674748403699013
0.08872655715362542,0.4697041755923599,0.9450181096253268
0.08872655715362542,0.7277588612560063,1.0323073292485125
0.08872655715362542,0.23465610174052368,0.9337949347809731
0.08872655715362542,0.470238871198906,0.9450401933415691
0.08872655715362542,0.7968893781732436,1.1003404849889242
0.08872655715362542,0.3879308266266204,0.9426688700520572
0.08872655715362542,0.13284416527540774,0.942366859142982
0.08872655715362542,0.522601585458835,0.9488255595315231
0.08872655715362542,0.3723376074244902,0.9420806052337735
0.08872655715362542,0.74866652429938,1.0500050418585694
0.08872655715362542,0.7865936276686653,1.089991540221671
0.08872655715362542,0.568686199139475,0.9562786287575529
0.08872655715362542,0.47422206849546006,0.9452264545960226
0.08872655715362542,0.7953428069410141,1.0983978256383315
0.08872655715362542,0.5656130328690557,0.9556513967727851
0.08872655715362542,0.7976105138307668,1.101327769855111
0.08872655715362542,0.05788600740244068,0.9634821133378023
0.08872655715362542,0.09918003020471958,0.949227651189769
0.08872655715362542,0.5936132879537337,0.9625494445217787
0.08872655715362542,0.73703785295015,1.039854466901885
0.08872655715362542,0.3111959317756059,0.9384331215188
0.08872655715362542,0.5910560541167559,0.9618422738847091
0.08872655715362542,0.08123980243189957,0.9544793366200145
0.08872655715362542,0.4174222128859958,0.9434738882898177
0.08872655715362542,0.6191566442578087,0.9705662046473894
0.08872655715362542,0.645072581150253,0.9809362038260498
0.08872655715362542,0.23709120991947216,0.9338576181666105
0.08872655715362542,0.7471763320256399,1.0484558915144058
0.08872655715362542,0.5505168579845996,0.9527277589430351
0.08872655715362542,0.18155194208442432,0.9352583739868964
0.08872655715362542,0.5005540959669331,0.9468215845435303
0.08872655715362542,0.5893216476940961,0.9613766958028124
0.08872655715362542,0.10733353952845777,0.947603416747155
0.08872655715362542,0.5045087898084513,0.9471516914128857
0.08872655715362542,0.6978789514039687,1.0099484693034644
0.08872655715362542,0.5468854885306988,0.9524453310238918
0.08872655715362542,0.2593966080724731,0.9347656287069606
0.08872655715362542,0.0964830310251636,0.9501422634399196
0.08872655715362542,0.5311797623655056,0.9497988950615308
0.08872655715362542,0.740397502444107,1.0424753141427567
0.08872655715362542,0.7673346708030038,1.0683722886052243
0.08872655715362542,0.5313211869035106,0.9498163692721763
0.08872655715362542,0.4495634509091721,0.9443898494671151
0.08872655715362542,0.33594805715671977,0.9399844885795844
0.08872655715362542,0.6654557805976626,0.9909849955435974
0.08872655715362542,0.5387974355666233,0.9511277491214554
0.08872655715362542,0.5594450174230438,0.9544701557837072
0.08872655715362542,0.34752777103069177,0.9406351451901808
0.08872655715362542,0.6409713724870563,0.9791530612746098
0.08872655715362542,0.12770550315587315,0.9427997002969941
0.08872655715362542,0.4679657999476008,0.9449503493440946
0.08872655715362542,0.6647433675857513,0.9906272588938415
0.08872655715362542,0.425014672805074,0.9437229216586784
0.08872655715362542,0.5140401242047995,0.9480030579449307
0.08872655715362542,0.023194585246999647,0.988361797179046
0.08872655715362542,0.3557836343791938,0.9410721622039128
0.08872655715362542,0.6772383087929615,0.9977478834931074
0.08872655715362542,0.403508318077602,0.9430840237566642
0.08872655715362542,0.4865393707466454,0.9459159850142927
0.08872655715362542,0.08346194449304267,0.953837379648209
0.08872655715362542,0.1329901286897994,0.9423462124096114
0.08872655715362542,0.2550373906351375,0.9345397097854462
0.08872655715362542,0.2444206491026061,0.9341049313040339
0.08872655715362542,0.3991527381769593,0.942974882131183
0.08872655715362542,0.2223918121268172,0.9335785154698004
0.08872655715362542,0.20579592504603206,0.9337574714834759
0.08872655715362542,0.3496389529054807,0.9407424092822134
0.08872655715362542,0.5434432205340519,0.9519992668546593
0.08872655715362542,0.2818361307455491,0.9361862083592798
0.08872655715362542,0.02576858107597886,0.9855560277803171
0.08872655715362542,0.5477001056039289,0.9525079579659985
0.08872655715362542,0.3303819080021671,0.9396606234263618
0.08872655715362542,0.059759574447325915,0.9631186483152533
0.08872655715362542,0.006566307947339834,1.005613870212374
0.08872655715362542,0.28581723030002665,0.936500470834517
0.08872655715362542,0.14447629729921757,0.9400388299072279
0.08872655715362542,0.6786728686679344,0.9986076072147297
0.08872655715362542,0.503906654354442,0.9471009499321198
0.08872655715362542,0.19640352213508186,0.9341028262602648
0.08872655715362542,0.5304127415657208,0.9497068863474161
0.08872655715362542,0.26928717466906466,0.9353358755347304
0.08872655715362542,0.31395950559604097,0.9386243396271936
0.08872655715362542,0.7395651711570503,1.0418230517501654
0.08872655715362542,0.3270215051313408,0.9394670547080439
0.08872655715362542,0.14422318669706727,0.9400806749683317
0.08872655715362542,0.33194058693655876,0.9397507046299458
0.08872655715362542,0.29364263247799294,0.9371364601080272
0.08872655715362542,0.6228057469909944,0.9718948347664464
0.08872655715362542,0.3601000059921681,0.9413331489815402
0.08872655715362542,0.31585643154534193,0.9387533277034216
0.08872655715362542,0.6483516013225682,0.9824895303913075
0.08872655715362542,0.05304363414241991,0.9655621639898024
0.08872655715362542,0.16153969026414688,0.9375323569363131
0.08872655715362542,0.008436099118027762,1.0033226120469547
0.08872655715362542,0.28161470786385917,0.9361687702655964
0.08872655715362542,0.06821823999407597,0.9592566949638878
0.08872655715362542,0.560395323315764,0.9546509265769534
0.08872655715362542,0.2791769197535464,0.9359819092426375
0.08872655715362542,0.12749245979651205,0.9428119801083842
0.08872655715362542,0.039903614697586326,0.9749293042011989
0.08872655715362542,0.35505626852480376,0.9410298139617298
0.08872655715362542,0.2243937770972404,0.9335943901563324
0.08872655715362542,0.06274681756444282,0.9620977020695695
0.08872655715362542,0.10222245286100701,0.9484637941968499
0.08872655715362542,0.27478200253790724,0.9356761047302996
0.08872655715362542,0.42052236182075076,0.9435784986023303
0.08872655715362542,0.5383632743516552,0.951040818909207
0.08872655715362542,0.5900938924983135,0.9615827330522112
0.08872655715362542,0.3771357868067671,0.9423001617021479
0.08872655715362542,0.0791253909512255,0.9551824965107829
0.08872655715362542,0.6735492381647668,0.995437446254691
0.08872655715362542,0.5674669615140912,0.9560242652146267
0.08872655715362542,0.5845745942117038,0.9601461019634655
0.08872655715362542,0.4392364811440751,0.9440801819199535
0.08872655715362542,0.08932577584311599,0.9525874661167051
0.08872655715362542,0.7057934753281017,1.0157437374274008
0.08872655715362542,0.28367368439155893,0.936331022882656
0.08872655715362542,0.35325919413001705,0.9409295411734433
0.08872655715362542,0.44253734097314035,0.9441654730138159
0.08872655715362542,0.6377305003078866,0.9778283397409211
0.08872655715362542,0.1553879023020862,0.9384592252042722
0.08872655715362542,0.5000229418791844,0.9467776395249906
0.08872655715362542,0.606762501718132,0.9666319172680299
0.08872655715362542,0.407236211169748,0.9431817703415946
0.08872655715362542,0.49044773503542116,0.946132408576694
0.08872655715362542,0.3791911440898795,0.942381194738547
0.08872655715362542,0.6096844771516778,0.9675239699038167
0.08872655715362542,0.4501955847899874,0.9444137374619753
0.08872655715362542,0.11422836298519386,0.9458589786226428
0.08872655715362542,0.5270191733758745,0.9493141962201511
0.08872655715362542,0.578099741293471,0.9585244047381238
0.08872655715362542,0.6553825964287499,0.986066308324216
0.08872655715362542,0.746247486475655,1.047539032406595
0.08872655715362542,0.5727154644295881,0.9571820031105581
0.08872655715362542,0.6971788159405201,1.0094577273195156
0.08872655715362542,0.4004248359278205,0.943007164205078
0.08872655715362542,0.7118463465244251,1.019798249411225
0.08872655715362542,0.19959341690534096,0.9339584541667056
0.08872655715362542,0.7377789577157502,1.040430832045277
0.08872655715362542,0.376104669514361,0.942257264285339
0.08872655715362542,0.06429802033013603,0.9612942836629573
0.08872655715362542,0.05576907453160845,0.9640894084496103
0.08872655715362542,0.18275376002400068,0.935149238865384
0.08872655715362542,0.26084778164468336,0.9348465924104588
0.08872655715362542,0.5800436839307345,0.9590089413637083
0.08872655715362542,0.40514316120356314,0.9431254968013946
0.08872655715362542,0.24213763289893464,0.9340198948909296
0.08872655715362542,0.5017352562826237,0.9469195349161473
0.08872655715362542,0.38224557318848396,0.942493431485261
0.08872655715362542,0.5408091557918999,0.951525150287967
0.08872655715362542,0.3278107258997028,0.9395127560858085
0.08872655715362542,0.48008788261746516,0.9455540602361292
0.08872655715362542,0.37426146719105075,0.9421753996397423
0.08872655715362542,0.2505553290287703,0.9343441172199768
0.08872655715362542,0.45171768518732347,0.9444676675046038
0.08872655715362542,0.051373808208644345,0.9666713274776514
0.08872655715362542,0.36719375350127453,0.9417792124243949
0.08872655715362542,0.024030572642894654,0.9872713208812909
0.08872655715362542,0.7950540334754017,1.098059654995327
0.08872655715362542,0.42640422229546565,0.9437625569347374
0.08872655715362542,0.11027124164705562,0.9470209822513387
0.08872655715362542,0.5769957641279907,0.9582475768497297
0.08872655715362542,0.7319434024929963,1.0358544839555655
0.08872655715362542,0.35776900105193277,0.9411909895773977
0.08872655715362542,0.4341431767014161,0.9439538387445715
0.08872655715362542,0.40304313846684264,0.9430724396158207
0.08872655715362542,0.6313911915771291,0.9753412761277146
0.08872655715362542,0.10263976596915292,0.9483812866419952
0.08872655715362542,0.07021142813464279,0.9585052127682213
0.08872655715362542,0.44372598406176894,0.9441982903825987
0.08872655715362542,0.3696136798896391,0.9419294713839736
0.08872655715362542,0.0469647099095262,0.969113530598605
0.08872655715362542,0.34443269967919926,0.940467984228848
0.08872655715362542,0.301690843709306,0.9377657722749339
0.08872655715362542,0.12287914651583104,0.9432745589888177
0.08872655715362542,0.14797784877172848,0.9394622275520492
0.08872655715362542,0.05256184099382591,0.9658775983875489
0.08872655715362542,0.15770251940540608,0.9381130177882531
0.08872655715362542,0.6672386508718566,0.9919000259613359
0.08872655715362542,0.1110691808683872,0.9468192158386065
0.08872655715362542,0.25005332744313086,0.934324254970616
0.08872655715362542,0.01856001899682296,0.9930376210237931
0.08872655715362542,0.33185638291486763,0.9397458099302405
0.08872655715362542,0.06342374843239433,0.9617599335722696
0.08872655715362542,0.22093394266712396,0.9335740716619603
0.08872655715362542,0.39168796694185376,0.9427748716886576
0.08872655715362542,0.49840408866963765,0.9466487258075807
0.08872655715362542,0.3979445283288023,0.942944780571006
0.08872655715362542,0.22633358486397903,0.9336208330848931
0.08872655715362542,0.525930999186749,0.9491908386364861
0.08872655715362542,0.26520387138807466,0.93509861817822
0.08872655715362542,0.09674793042700394,0.9500453568306979
0.08872655715362542,0.021032666775264275,0.9903496591882158
0.08872655715362542,0.19100932117222974,0.9344665946089964
0.08872655715362542,0.6819199173527717,1.0004992456019461
0.08872655715362542,0.1822009580440317,0.9351992682870296
0.08872655715362542,0.4355451140971536,0.9439887668316107
0.08872655715362542,0.2691947081811568,0.9353304236898498
0.08872655715362542,0.4216459674941029,0.9436170910535675
0.08872655715362542,0.17441553707211038,0.9358916734035491
0.08872655715362542,0.10216223913836667,0.9484760836317848
0.08872655715362542,0.6021144701892035,0.9651852889482219
0.08872655715362542,0.052313436863809494,0.966042806421703
0.08872655715362542,0.6746234896090515,0.9961073692789919
0.08872655715362542,0.5852237007704355,0.9603114887258437
0.08872655715362542,0.04891190601658817,0.9681398060434284
0.08872655715362542,0.45744841040865264,0.9446349511067881
0.08872655715362542,0.27574952702678956,0.9357393812808665
0.08872655715362542,0.6027522233670674,0.9653883319392149
0.08872655715362542,0.7962585505544775,1.0995204061803854
0.08872655715362542,0.6497877828761145,0.9832180160003645
0.08872655715362542,0.031871353458937345,0.9813820660209436
0.08872655715362542,0.6925799026818527,1.0065305516515521
0.08872655715362542,0.11292313648440776,0.946279506280375
0.08872655715362542,0.18782931463034905,0.9347195839805967
0.08872655715362542,0.7968498399369925,1.1002879161791432
0.08872655715362542,0.4996102728737759,0.946743814960374
0.08872655715362542,0.27788308086369506,0.935887235904842
0.08872655715362542,0.5575969903177052,0.9541204997667294
0.08872655715362542,0.26102346936437276,0.9348565423080969
0.08872655715362542,0.761240642547276,1.0627516702182342
0.08872655715362542,0.19836353911168408,0.9340074337297252
0.08872655715362542,0.20966144135378484,0.9336634208432566
0.08872655715362542,0.7536002221507846,1.0554590571867548
0.08872655715362542,0.49654265335000103,0.9465126356812966
0.08872655715362542,0.06475770550141018,0.961041832688875
0.08872655715362542,0.07346547187855422,0.9574391255467353
0.08872655715362542,0.00995555738847882,1.0015594263485201
0.08872655715362542,0.39141244379554396,0.942767019290395
0.08872655715362542,0.4637751444255718,0.9448080429078374
0.08872655715362542,0.6940441966524511,1.007411864501002
0.08872655715362542,0.023122005673138626,0.9884545259757472
0.08872655715362542,0.5064318966471143,0.9473154555644177
0.08872655715362542,0.2118491821983799,0.9336287915642193
0.08872655715362542,0.10929486270526301,0.9472386670759041
0.08872655715362542,0.5006273119194131,0.9468276461237116
0.08872655715362542,0.6078885520667434,0.966975160812105
0.08872655715362542,0.7970541850366454,1.1005613287728218
0.08872655715362542,0.3427195395766175,0.9403702256004743
0.08872655715362542,0.794834078515314,1.0978069628405343
0.08872655715362542,0.5735020115915205,0.9573708599968542
0.08872655715362542,0.530653843136821,0.9497356246173597
0.08872655715362542,0.4812555658683225,0.945622344863692
0.08872655715362542,0.5197247423600063,0.9485383706508548
0.08872655715362542,0.7849643193973139,1.0884858293606672
0.08872655715362542,0.14715961523370044,0.9395908287914221
0.08872655715362542,0.12494929408473832,0.9429848827648973
0.08872655715362542,0.008141426021786025,1.0035478601148544
0.08872655715362542,0.1772105569316004,0.9356525153973083
0.08872655715362542,0.21793511720635222,0.933579448668984
0.08872655715362542,0.4884959195595644,0.9460231752772951
0.08872655715362542,0.10579268448863291,0.9478516798436342
0.08872655715362542,0.4204096518062958,0.9435745186878308
0.08872655715362542,0.14937209106520025,0.9392616382017753
0.08872655715362542,0.35097950755900337,0.9408098439884577
0.08872655715362542,0.13024403588787312,0.9426382578435638
0.08872655715362542,0.22517435012094353,0.9336038748026305
0.08872655715362542,0.3058487920858167,0.9380638373444721
0.08872655715362542,0.5818381718536718,0.9594561454129678
0.08872655715362542,0.25960826860717834,0.9347772915893008
0.08872655715362542,0.0010971338805513043,1.0155389634357468
0.08872655715362542,0.3276158243143254,0.9395014954451585
0.08872655715362542,0.7983886371298117,1.1024563183321043
0.08872655715362542,0.6890302205406548,1.0044832389567462
0.08872655715362542,0.09437609244467815,0.9509344033860728
0.08872655715362542,0.7513431159983694,1.053016266039085
0.08872655715362542,0.3454668516362178,0.9405255858430159
0.08872655715362542,0.7002362811949849,1.0117024615995829
0.08872655715362542,0.7616800006153757,1.063154509763671
0.08872655715362542,0.25038128060686543,0.9343371939508274
0.08872655715362542,0.4785787650669782,0.9454667418747622
0.08872655715362542,0.6991637127160573,1.0108846794982607
0.08872655715362542,0.5657521715240243,0.9556788939034951
0.08872655715362542,0.026022741142936835,0.9853891488597123
0.08872655715362542,0.4017278114675038,0.9430398127921793
0.08872655715362542,0.5914686506105888,0.9619545934943557
0.08872655715362542,0.11704410083228103,0.9449114860105038
0.08872655715362542,0.18591226636086838,0.9348766511891832
0.08872655715362542,0.02162980171032194,0.9899384580762657
0.08872655715362542,0.30458392416841484,0.9379750785761866
0.08872655715362542,0.5192176308052681,0.9484896276979368
0.08872655715362542,0.1574679103014229,0.9381486150201738
0.08872655715362542,0.4348813287242135,0.9439721777222835
0.08872655715362542,0.5977818164449569,0.9637876080179254
0.08872655715362542,0.7856592097408481,1.0891322082351076
0.08872655715362542,0.46391765770616483,0.9448124128848815
0.08872655715362542,0.07723733154839484,0.9559301829241386
0.08872655715362542,0.7542020199723077,1.0560837200939237
0.08872655715362542,0.45945336890811267,0.9446875270886629
0.08872655715362542,0.7333543535795191,1.0369757535478714
0.08872655715362542,0.1318926897060586,0.9424855703668139
0.08872655715362542,0.7686278143389007,1.0696483431816548
0.08872655715362542,0.40103602395653337,0.9430225609244677
0.08872655715362542,0.6770755702205482,0.9976486997601226
0.08872655715362542,0.5650476868369553,0.9555403526266727
0.08872655715362542,0.3048464378636051,0.9379936072449542
0.08872655715362542,0.1255410093264973,0.9429374468852784
0.08872655715362542,0.4058971753535807,0.9431452756638018
0.08872655715362542,0.24619362997648128,0.9341736703617571
0.08872655715362542,0.06904475059279412,0.9589225675710495
0.08872655715362542,0.49482475315447555,0.9463969718347472
0.08872655715362542,0.42490969303248244,0.9437198057628006
0.08872655715362542,0.26573094510102363,0.9351291054222304
0.08872655715362542,0.3276022206387257,0.9395007089134193
0.08872655715362542,0.49833843165154185,0.9466437086628346
0.08872655715362542,0.6614208197973459,0.9890040248925042
0.08872655715362542,0.7604847513428963,1.0620580006165088
0.08872655715362542,0.29031587019459854,0.9368622381302875
0.08872655715362542,0.3802588929514412,0.9424216679950403
0.08872655715362542,0.16919294510062566,0.9364600376135953
0.08872655715362542,0.47951944314257067,0.9455208598160362
0.08872655715362542,0.3761592043800477,0.9422595788964268
0.08872655715362542,0.3044609640904664,0.9379663780659981
0.08872655715362542,0.22849113657977638,0.93365955585532
0.08872655715362542,0.49912038305746037,0.9467045216552648
0.08872655715362542,0.6087098501319801,0.9672258210518925
0.08872655715362542,0.4564987018276703,0.9446096743491113
0.08872655715362542,0.7770504013870824,1.079852881983992
0.08872655715362542,0.32990245299941057,0.9396330605572139
0.08872655715362542,0.6180532574613588,0.9701884346370538
0.08872655715362542,0.47421763730985617,0.9452262236912632
0.08872655715362542,0.6714618569960081,0.9942001625050332
0.08872655715362542,0.3986284331509687,0.9429617832114446
0.08872655715362542,0.6820127175960432,1.0005523339384768
0.08872655715362542,0.5429750165934978,0.9519211282686757
0.08872655715362542,0.48303292152274263,0.9457232434734191
0.08872655715362542,0.37075790990956103,0.9419953677236613
0.08872655715362542,0.22528469660494732,0.9336053500429942
0.08872655715362542,0.31953884870394056,0.9389992830785213
0.08872655715362542,0.6822838367386638,1.0007071400026912
0.08872655715362542,0.05642229526245499,0.9638594350517791
0.08872655715362542,0.7640642681600716,1.0653388014938505
0.08872655715362542,0.5154147744851496,0.9481320933759699
0.08872655715362542,0.6384649213091793,0.9781241106938096
0.08872655715362542,0.6001910216683514,0.9645619120789567
0.08872655715362542,0.2545997338732387,0.9345188667713846
0.08872655715362542,0.6230091958549311,0.9719736016536533
0.08872655715362542,0.448614830211483,0.9443543028251724
0.08872655715362542,0.762662198021492,1.0640544624281285
0.08872655715362542,0.03695158676344601,0.9771309641401787
0.08872655715362542,0.3996830775846434,0.9429882582825003
0.08872655715362542,0.18449983143628917,0.9349958105953805
0.08872655715362542,0.15656680773256895,0.9382844782187004
0.08872655715362542,0.26076653875480205,0.9348420013156091
0.08872655715362542,0.4627166543347372,0.9447766108563794
0.08872655715362542,0.2529114494569999,0.934442313898758
0.08872655715362542,0.6531866935020982,0.9849708108119403
0.08872655715362542,0.32124949914597845,0.9391119987955545
0.08872655715362542,0.6019016300665788,0.965117142388665
0.08872655715362542,0.6242681388132545,0.9724732396316773
0.08872655715362542,0.5312182931683221,0.9498036158010239
0.08872655715362542,0.32456491906032436,0.9393221277838628
0.08872655715362542,0.11631046085251198,0.9451583091867413
0.08872655715362542,0.3016938359564888,0.937765994566946
0.08872655715362542,0.10763713732747703,0.9475516841421733
0.08872655715362542,0.5210992150457304,0.9486729783424839
0.08872655715362542,0.7751462236618002,1.0773136392883527
0.08872655715362542,0.002906656532675189,1.0103625422475435
0.08872655715362542,0.68295114810034,1.0010863387689277
0.08872655715362542,0.3726735379979922,0.9420978724412962
0.08872655715362542,0.1157033854918974,0.9453637982973911
0.08872655715362542,0.7799459187568878,1.0833758318007798
0.08872655715362542,0.7998637097243408,1.104791383654342
0.08872655715362542,0.3629019057319635,0.9415073662774052
0.08872655715362542,0.7895706500827153,1.0926861535332535
0.08872655715362542,0.5354783407760756,0.9504782217958497
0.08872655715362542,0.1787616301774346,0.9355133707173987
0.08872655715362542,0.12692275295033664,0.9428454922065018
0.08872655715362542,0.6093476762083804,0.9674208318073154
0.08872655715362542,0.0969661697154156,0.9499663574599087
0.08872655715362542,0.40766052921652396,0.9431934348151455
0.08872655715362542,0.20956962320443084,0.9336651719842375
0.08872655715362542,0.3597576407254386,0.9413121008244474
0.08872655715362542,0.19990080984289638,0.9339474598772123
0.08872655715362542,0.1582258604464374,0.9380333853616216
0.08872655715362542,0.11088841246298582,0.9468668669458895
0.08872655715362542,0.23441019121994977,0.9337890312622175
0.08872655715362542,0.40927971258951895,0.9432377789812066
0.08872655715362542,0.5954425919449118,0.9630777250235613
0.08872655715362542,0.26287945249828876,0.9349632423982319
0.08872655715362542,0.2492340337656984,0.934292255950018
0.08872655715362542,0.6621494265386879,0.9893568694400992
0.08872655715362542,0.7608406672382851,1.062384727056974
0.08872655715362542,0.7433882038607131,1.0449248754536016
0.08872655715362542,0.7041708291151021,1.0146049173262282
0.08872655715362542,0.5764756343009914,0.9581166413262246
0.08872655715362542,0.6756020576193195,0.996732118147336
0.08872655715362542,0.16940106732693705,0.9364335218679692
0.08872655715362542,0.046288995641571344,0.9694921866185221
0.08872655715362542,0.4793331098724899,0.9455100614804117
0.08872655715362542,0.45212549653333306,0.9444812285017371
0.08872655715362542,0.4390108523621886,0.9440745514473328
