x_1,x_2,reweight
0.42485499299116897,0.3799442041566457,0.970762646001224
0.03220028384698983,0.3799442041566457,0.9792538501134739
0.28606630955728746,0.3799442041566457,0.9104825723416622
0.5994029829928323,0.3799442041566457,0.9231548233073845
0.683913094629649,0.3799442041566457,0.9395825744281356
0.4361187660386874,0.3799442041566457,0.9709299247737573
0.15031340847561472,0.3799442041566457,0.9119271563998206
0.7665275110951972,0.3799442041566457,1.0320867400859999
0.15376375420097776,0.3799442041566457,0.9106334757696175
0.48378865742716237,0.3799442041566457,0.9622153574367982
0.08872655715362542,0.3799442041566457,0.9424098188718183
0.7099528223054503,0.3799442041566457,0.9580189803453292
0.46595345269755284,0.3799442041566457,0.9660685810955479
0.5607070259285444,0.3799442041566457,0.93515414298639
0.24382410219445536,0.3799442041566457,0.896038599230699
0.7709634110178132,0.3799442041566457,1.0400566256948733
0.3535772144566915,0.3799442041566457,0.9460669344337428
0.448751502330647,0.3799442041566457,0.9692245784229511
0.6421846637210546,0.3799442041566457,0.9249926144573731
0.2616981103372676,0.3799442041566457,0.9008187871980394
0.13353017463273062,0.3799442041566457,0.9201493085997422
0.6652934038254552,0.3799442041566457,0.930348629047499
0.46250228139724464,0.3799442041566457,0.9669628912149703
0.6042321476083268,0.3799442041566457,0.922867914804684
0.6058162826529306,0.3799442041566457,0.9228417355096122
0.5834595035946288,0.3799442041566457,0.9280522005832125
0.07742531544850265,0.3799442041566457,0.9476044904323296
0.1181927479991055,0.3799442041566457,0.9258893773250646
0.7166517328954041,0.3799442041566457,0.9635710192142526
0.5279997768065038,0.3799442041566457,0.9458589824764617
0.5529592283952068,0.3799442041566457,0.9374687871287305
0.5883815221984315,0.3799442041566457,0.9261967123496537
0.5699644972868075,0.3799442041566457,0.9321019589396656
0.4199551719133878,0.3799442041566457,0.9697190878871165
0.31565074916259567,0.3799442041566457,0.9256329029489809
0.21185760048154612,0.3799442041566457,0.8943779546622139
0.1981847917926773,0.3799442041566457,0.8958620800013718
0.4739887393426468,0.3799442041566457,0.9644246635773851
0.27334403891994363,0.3799442041566457,0.9051576781331381
0.24004093923494213,0.3799442041566457,0.8954607976901902
0.7794030874022906,0.3799442041566457,1.0591936301369906
0.03961477300598126,0.3799442041566457,0.9725904712581347
0.2959815013123938,0.3799442041566457,0.9146627866158012
0.5728666152131398,0.3799442041566457,0.931275877781243
0.07831584481385345,0.3799442041566457,0.9470424940175336
0.6208815116225703,0.3799442041566457,0.9239057477240873
0.13071523589221964,0.3799442041566457,0.921155298296052
0.45742726741153233,0.3799442041566457,0.9681184905250271
0.5355489150780123,0.3799442041566457,0.9431171708382607
0.182705102489044,0.3799442041566457,0.8997730818326211
0.6399134366357053,0.3799442041566457,0.9249608992524752
0.5125349819093177,0.3799442041566457,0.9524036164045578
0.5757127976771395,0.3799442041566457,0.9305596500084925
0.7637571560812206,0.3799442041566457,1.027610634028208
0.6258887365181068,0.3799442041566457,0.9246145517307646
0.16133948716972385,0.3799442041566457,0.9072997385271857
0.3193376501140474,0.3799442041566457,0.9278794456698902
0.4153983509724102,0.3799442041566457,0.9686256945077965
0.27796658489458625,0.3799442041566457,0.9071898042490525
0.33742261224433295,0.3799442041566457,0.9379284278859976
0.3223565724482074,0.3799442041566457,0.9297417757045228
0.40974940986878744,0.3799442041566457,0.9671325837424877
0.07254901009528884,0.3799442041566457,0.9504564768003725
0.36525769131403224,0.3799442041566457,0.9516084955379995
0.705417408986149,0.3799442041566457,0.9544501022758403
0.7240234649794102,0.3799442041566457,0.971106254701349
0.6249325398158598,0.3799442041566457,0.9244796278075615
0.1345026177978795,0.3799442041566457,0.9196470749137203
0.37230467030035674,0.3799442041566457,0.9548155189657559
0.10828624391904428,0.3799442041566457,0.9319204197119831
0.6075331282462526,0.3799442041566457,0.9228442995200624
0.2678078861252611,0.3799442041566457,0.9029679580947644
0.7389586441223002,0.3799442041566457,0.9893066225482933
0.5920221955401048,0.3799442041566457,0.9249010023636901
0.6211832605429852,0.3799442041566457,0.9239441114345784
0.33699694967810123,0.3799442041566457,0.9377236535181879
0.4462788141057743,0.3799442041566457,0.9694930846113599
0.5458971283923304,0.3799442041566457,0.9401999482100091
0.6584603877050045,0.3799442041566457,0.9283004330294616
0.0374617151639562,0.3799442041566457,0.9743723211441678
0.5501437675805534,0.3799442041566457,0.93822585046499
0.4847917449583289,0.3799442041566457,0.9618996878474041
0.5450602953619091,0.3799442041566457,0.9405153361368482
0.11224442625665239,0.3799442041566457,0.9299232414930214
0.05239004131345677,0.3799442041566457,0.9615875983739522
0.2764372468170011,0.3799442041566457,0.9065227130151373
0.09167126178062457,0.3799442041566457,0.9409818684780185
0.1703202300916,0.3799442041566457,0.9034957251028537
0.4857508215875472,0.3799442041566457,0.9615885735960567
0.21802204252587343,0.3799442041566457,0.8940202559582137
0.5510147130235705,0.3799442041566457,0.9379456619843064
0.4071184481635852,0.3799442041566457,0.9664209763986914
0.40099236188662646,0.3799442041566457,0.9645761627920749
0.16312549623135794,0.3799442041566457,0.9065048750135126
0.2599177937894212,0.3799442041566457,0.9002316236882664
0.7734265189542844,0.3799442041566457,1.0451803743112749
0.7004665814091502,0.3799442041566457,0.9503135479589898
0.42664719381499083,0.3799442041566457,0.9710793661750932
0.7956703108155067,0.3799442041566457,1.0962610941069184
0.30730693822154964,0.3799442041566457,0.9208303915304628
0.14140961563439244,0.3799442041566457,0.9157224712444922
0.30741328881284213,0.3799442041566457,0.9208899940154203
0.14763362134422914,0.3799442041566457,0.9129544931542796
0.32950862158051364,0.3799442041566457,0.9339898149445397
0.15737751471800082,0.3799442041566457,0.9090940328305646
0.19914743251563688,0.3799442041566457,0.8957375297696263
0.6165178105879763,0.3799442041566457,0.9234115457514679
0.3581161662913669,0.3799442041566457,0.9482695794357078
0.2746551135475153,0.3799442041566457,0.905728347448788
0.5603588309026308,0.3799442041566457,0.9352672499239585
0.3963208211909865,0.3799442041566457,0.9630594045805312
0.49341565265680737,0.3799442041566457,0.9589105429776653
0.618034316621773,0.3799442041566457,0.9235735847056743
0.4233635392897731,0.3799442041566457,0.9704507708078083
0.7340346925601561,0.3799442041566457,0.9833675748113848
0.2262397703194254,0.3799442041566457,0.8942289909802434
0.14440578627980633,0.3799442041566457,0.9143865180480524
0.6087728331499811,0.3799442041566457,0.9228736196278
0.3025110729977244,0.3799442041566457,0.9181556203579907
0.46170696969165254,0.3799442041566457,0.9671608532594089
0.4363544191625932,0.3799442041566457,0.9708994765447425
0.46367192036480614,0.3799442041566457,0.9666635513763612
0.6423648415276726,0.3799442041566457,0.9249983719284911
0.22515829815965988,0.3799442041566457,0.8941401769333238
0.7721891711994662,0.3799442041566457,1.0425315262702268
0.4678290669502352,0.3799442041566457,0.9656143113028226
0.6249239874886707,0.3799442041566457,0.9244783259331347
0.7064132502853218,0.3799442041566457,0.9552477641151973
0.7071315466948122,0.3799442041566457,0.9558166041707002
0.5806202241134563,0.3799442041566457,0.9290691846636668
0.006289693629815219,0.3799442041566457,1.0021335258852164
0.5832866522261958,0.3799442041566457,0.9281157493578627
0.6044464562035974,0.3799442041566457,0.922862776457323
0.6010448888631221,0.3799442041566457,0.9230146645147237
0.4800985457063403,0.3799442041566457,0.9632720284840357
0.6167273151384761,0.3799442041566457,0.9234330888150535
0.06926813763654893,0.3799442041566457,0.9520700467728576
0.7500258634928902,0.3799442041566457,1.005359059024269
0.2606053055548741,0.3799442041566457,0.9004559548806784
0.798923481135034,0.3799442041566457,1.1060575603587124
0.7523476451213196,0.3799442041566457,1.0094175719962726
0.7090089852267712,0.3799442041566457,0.9572804282166076
0.36038754746829577,0.3799442041566457,0.9493441599261747
0.7895152095278237,0.3799442041566457,1.081338637984447
0.5458812349244475,0.3799442041566457,0.9402062176366804
0.5092900179465284,0.3799442041566457,0.9537539057887306
0.6163107376127243,0.3799442041566457,0.9233905538629099
0.7715667037937277,0.3799442041566457,1.0412572873976345
0.3829830862808863,0.3799442041566457,0.9592199048935995
0.7965524175993602,0.3799442041566457,1.098756112220553
0.2708221554003717,0.3799442041566457,0.90412439318572
0.3285235043886246,0.3799442041566457,0.9334516603880864
0.6346855388058724,0.3799442041566457,0.9249960385645738
0.3799821729032294,0.3799442041566457,0.9581912816922286
0.4253114032623554,0.3799442041566457,0.9708554045321057
0.6701290312065424,0.3799442041566457,0.9322331644082323
0.6006895413685016,0.3799442041566457,0.9230401922364561
0.5741129227248923,0.3799442041566457,0.9309505819435427
0.7990205486561289,0.3799442041566457,1.1063765411265447
0.232399134017915,0.3799442041566457,0.89473211310253
0.11223362997973406,0.3799442041566457,0.929929800085188
0.47468981215499095,0.3799442041566457,0.9643209854041433
0.041342206137471575,0.3799442041566457,0.9709505355301927
0.4246427713840617,0.3799442041566457,0.9707185039927387
0.3071820236954985,0.3799442041566457,0.9207604086536622
0.1323851631531153,0.3799442041566457,0.9206281882522874
0.2635929911870837,0.3799442041566457,0.9014632654134369
0.5129847937374356,0.3799442041566457,0.9522030297190731
0.46169612681831407,0.3799442041566457,0.9671635170485611
0.6306519240571924,0.3799442041566457,0.9249725315224168
0.6048498165075091,0.3799442041566457,0.9228545147756908
0.5617043705519954,0.3799442041566457,0.9348229777442294
0.6017728212093646,0.3799442041566457,0.9229685147484236
0.36506821896636094,0.3799442041566457,0.9515215704981507
0.06281602202293106,0.3799442041566457,0.9565868278322095
0.5872046964921286,0.3799442041566457,0.9266403464217414
0.7336256795895656,0.3799442041566457,0.982882420101745
0.677014073471284,0.3799442041566457,0.9358391794261949
0.4513145925014608,0.3799442041566457,0.9690242331053948
0.5424782325121167,0.3799442041566457,0.9413344787722344
0.030101710280479213,0.3799442041566457,0.980148452636871
0.04263094842472884,0.3799442041566457,0.9694867218662269
0.5499548601565335,0.3799442041566457,0.9382957433881265
0.5163892775776274,0.3799442041566457,0.950635902469575
0.6685604065818445,0.3799442041566457,0.9315754199710288
0.6139564821286665,0.3799442041566457,0.9231768699454734
0.12364275837820538,0.3799442041566457,0.9227797767392478
0.5679009116569824,0.3799442041566457,0.9327461607564272
0.6909979337817237,0.3799442041566457,0.9434840072070073
0.4956493325935748,0.3799442041566457,0.9581212930070541
0.08844327315649192,0.3799442041566457,0.9425221203253742
0.793832182230214,0.3799442041566457,1.0914022959375325
0.5124152581104869,0.3799442041566457,0.9524564434217228
0.1501341973690984,0.3799442041566457,0.9119897530165629
0.6792010696240975,0.3799442041566457,0.9370335257858918
0.2608820588459141,0.3799442041566457,0.9005471451939111
0.1755554040814027,0.3799442041566457,0.9018678157233533
0.3906834026471704,0.3799442041566457,0.9615134954005977
0.1856270353527827,0.3799442041566457,0.8988962549533919
0.0961702147335089,0.3799442041566457,0.9379954648526163
0.3716290648531124,0.3799442041566457,0.9545029042804467
0.3831330608683457,0.3799442041566457,0.9592689307797363
0.4656441929997544,0.3799442041566457,0.9661472884376671
0.2613246510479577,0.3799442041566457,0.9006939783870218
0.5325786989972392,0.3799442041566457,0.9440506936591563
0.3639035524900738,0.3799442041566457,0.9509850138551079
0.7327399116622778,0.3799442041566457,0.9818346603266471
0.7115604444622411,0.3799442041566457,0.9593004275946814
0.4538552121277434,0.3799442041566457,0.968727832644382
0.778787501437583,0.3799442041566457,1.057775388349949
0.7234529672933538,0.3799442041566457,0.9704310908178635
0.32289859924735237,0.3799442041566457,0.9300768604212767
0.13880053466659606,0.3799442041566457,0.9170764550221733
0.3893560515324448,0.3799442041566457,0.9611448403162586
0.4889371470465159,0.3799442041566457,0.9605036748807076
0.3632000060606466,0.3799442041566457,0.9506591107269864
0.575648918840314,0.3799442041566457,0.9305757448442429
0.44847237663816286,0.3799442041566457,0.9692506591174608
0.18672686242524508,0.3799442041566457,0.8985778393900923
0.26034692320101155,0.3799442041566457,0.900371269704797
0.33553444865102916,0.3799442041566457,0.9370177779150877
0.7951893429488058,0.3799442041566457,1.0949467730536886
0.39529293502919105,0.3799442041566457,0.962765864084096
0.5247686249605531,0.3799442041566457,0.9470580963344855
0.3032580132749736,0.3799442041566457,0.9185712453135945
0.7277912530257358,0.3799442041566457,0.975818192819894
0.6543619440940014,0.3799442041566457,0.927205576370427
0.1431456691818574,0.3799442041566457,0.914940497482714
0.2019661621236228,0.3799442041566457,0.8954427919704268
0.16307631347624474,0.3799442041566457,0.9065265712230349
0.7419542295297001,0.3799442041566457,0.993073223707409
0.2394565015027908,0.3799442041566457,0.8953883443119355
0.24425673650733046,0.3799442041566457,0.8961164068346386
0.3615206491476377,0.3799442041566457,0.9498761567043125
0.2446849051896301,0.3799442041566457,0.8961957296440292
0.27882736513012196,0.3799442041566457,0.907558565465636
0.5275411838153119,0.3799442041566457,0.946035855571274
0.12632520928431346,0.3799442041566457,0.9220724742258729
0.539074766160337,0.3799442041566457,0.9422126110018773
0.6404600297186887,0.3799442041566457,0.9249640608033386
0.7185028911812099,0.3799442041566457,0.9652494428566434
0.008480896638389268,0.3799442041566457,0.9998181394268447
0.008999453679848292,0.3799442041566457,0.9995249545709209
0.5963144653432478,0.3799442041566457,0.9236762410183058
0.4752130531030207,0.3799442041566457,0.964247276616594
0.06417505602902533,0.3799442041566457,0.9556267786172391
0.726801483302555,0.3799442041566457,0.974580266698773
0.244604836969146,0.3799442041566457,0.896180721480053
0.6793210097058487,0.3799442041566457,0.9370987833598752
0.7898253583222371,0.3799442041566457,1.0820302516951645
0.4343479680169868,0.3799442041566457,0.9711415837724678
0.7284964458512377,0.3799442041566457,0.9766945126573878
0.5497570195131811,0.3799442041566457,0.9383737965427212
0.39581883796905465,0.3799442041566457,0.9629146841097658
0.5541664071604447,0.3799442041566457,0.937179714400846
0.6896794596132187,0.3799442041566457,0.9427197955074268
0.3745177253857135,0.3799442041566457,0.9558600070800475
0.789418623980902,0.3799442041566457,1.0811238081157262
0.4846678618555693,0.3799442041566457,0.9619392350320999
0.013483584064697497,0.3799442041566457,0.9946141423592627
0.05884047431936939,0.3799442041566457,0.9581953839143423
0.4397624685839991,0.3799442041566457,0.9704211632422876
0.3753038274793755,0.3799442041566457,0.9562386015082155
0.4989629855812341,0.3799442041566457,0.9570420249465066
0.5445119117391702,0.3799442041566457,0.940706977121049
0.43131669627242336,0.3799442041566457,0.9713405978755064
0.457070024228555,0.3799442041566457,0.968188294304806
0.7260305651599008,0.3799442041566457,0.9736104589994278
0.26865251396170475,0.3799442041566457,0.9032843430385968
0.40958424774454577,0.3799442041566457,0.9670879609483529
0.08966804401004023,0.3799442041566457,0.9420107582479151
0.041627722474608136,0.3799442041566457,0.9706375237356347
0.7073762390431221,0.3799442041566457,0.9560091767957984
0.6916228192026437,0.3799442041566457,0.9438544031702627
0.7221781518913305,0.3799442041566457,0.9689858725508748
0.6816169294757614,0.3799442041566457,0.938345846713188
0.5220454646944662,0.3799442041566457,0.9481176972716059
0.10916844049053864,0.3799442041566457,0.9315402298875753
0.30982284821927575,0.3799442041566457,0.9222461867174169
0.3857647019377146,0.3799442041566457,0.960097281762028
0.7522698221714731,0.3799442041566457,1.0092843598267331
0.6869826770794094,0.3799442041566457,0.9412201781085213
0.6044594094217268,0.3799442041566457,0.9228624827962035
0.6640312274794435,0.3799442041566457,0.9299280951410495
0.5330095401621971,0.3799442041566457,0.943899927344223
0.46315630454944756,0.3799442041566457,0.9667966021018941
0.66071980340797,0.3799442041566457,0.9289365191793775
0.6734674453335354,0.3799442041566457,0.9338377923304619
0.45059163773077054,0.3799442041566457,0.9690847880510813
0.42470106102121374,0.3799442041566457,0.9707306354239831
0.4150616351033238,0.3799442041566457,0.9685397004230725
0.546661639590085,0.3799442041566457,0.9398844428038219
0.7579557088708726,0.3799442041566457,1.0185083587359394
0.15176716056447673,0.3799442041566457,0.9114030300993144
0.4490199193870602,0.3799442041566457,0.9692006720500683
0.28995469871361185,0.3799442041566457,0.9120202237303224
0.49077883385322424,0.3799442041566457,0.9598526017748227
0.7370768736097127,0.3799442041566457,0.9870112031750327
0.6098594348965837,0.3799442041566457,0.9229163532230685
0.1373574864784728,0.3799442041566457,0.9178862963507197
0.09529668637122475,0.3799442041566457,0.93860607144279
0.008896123688878444,0.3799442041566457,0.9995925199782256
0.39379550545494874,0.3799442041566457,0.9623544930942332
0.47219581055931936,0.3799442041566457,0.9647203885244123
0.522184161719026,0.3799442041566457,0.9480603886615956
0.3390760483188695,0.3799442041566457,0.9387220171878946
0.1836016388451327,0.3799442041566457,0.8994988710241143
0.7765374154339668,0.3799442041566457,1.05249152473353
0.12253686794256567,0.3799442041566457,0.9232684067917263
0.02609078782187977,0.3799442041566457,0.983247097815801
0.04658570420492314,0.3799442041566457,0.9656032875436815
0.2642030310459984,0.3799442041566457,0.9016743610971274
0.765881283566669,0.3799442041566457,1.0310281352778161
0.6644888580839259,0.3799442041566457,0.9300770671816966
0.27659667618279976,0.3799442041566457,0.9065929474652752
0.5964107973974478,0.3799442041566457,0.9236549259740772
0.10244685764431516,0.3799442041566457,0.9342501625220717
0.324237572300999,0.3799442041566457,0.9309070735795568
0.08992773608248035,0.3799442041566457,0.9418924200689686
0.5137141526670073,0.3799442041566457,0.951871153029451
0.7172456273446781,0.3799442041566457,0.9640965109636028
0.06550561573549185,0.3799442041566457,0.9546110395717129
0.3996194528668025,0.3799442041566457,0.9640998884440618
0.09723397536846515,0.3799442041566457,0.9372596133176623
0.01502525925066447,0.3799442041566457,0.9938683504592833
0.547303636836727,0.3799442041566457,0.9395968333092002
0.034818720839142614,0.3799442041566457,0.9772551017830613
0.5536370305615063,0.3799442041566457,0.9373119230544591
0.7393361889596088,0.3799442041566457,0.9897720862896583
0.03661390104168669,0.3799442041566457,0.9752291456089905
0.4180133181950207,0.3799442041566457,0.9692716101613272
0.368894027108875,0.3799442041566457,0.9532570999438318
0.44556266531440497,0.3799442041566457,0.9695840926197997
0.2663735375368234,0.3799442041566457,0.9024429269734232
0.10333467656884904,0.3799442041566457,0.9338641434385356
0.6714074706597876,0.3799442041566457,0.932808009290634
0.742719405133879,0.3799442041566457,0.9940872866353979
0.19150626617518693,0.3799442041566457,0.8972595410600545
0.41854511842986186,0.3799442041566457,0.9693972862633883
0.4709562991171006,0.3799442041566457,0.9649497585296596
0.7938111215904525,0.3799442041566457,1.0913491183565593
0.3900508093448132,0.3799442041566457,0.9613388067106611
0.7575629300227155,0.3799442041566457,1.01790077230602
0.21460634467812778,0.3799442041566457,0.8941843568686388
0.1359705066428865,0.3799442041566457,0.9187243459285125
0.6553764406773013,0.3799442041566457,0.927474248381934
0.597254632083793,0.3799442041566457,0.9234815036093867
0.6421400568174827,0.3799442041566457,0.9249912835563313
0.19717125220547294,0.3799442041566457,0.8960163959901296
0.28229565159226316,0.3799442041566457,0.9089925251108923
0.2005262756632245,0.3799442041566457,0.8955927029967302
0.016163828174263716,0.3799442041566457,0.9925442730068593
0.310509035625129,0.3799442041566457,0.9226347961005872
0.24222215658167495,0.3799442041566457,0.8957712381905815
0.06157449629977574,0.3799442041566457,0.9573138934922634
0.10566275103602765,0.3799442041566457,0.9329465925828454
0.2590329394063206,0.3799442041566457,0.8999478608623844
0.06555450998032057,0.3799442041566457,0.9545734424949632
0.4727040629335851,0.3799442041566457,0.9646321643885902
0.30231716891790594,0.3799442041566457,0.9180477304295092
0.3115311596878265,0.3799442041566457,0.9232160118946157
0.6676975345461801,0.3799442041566457,0.9312323530638662
0.6296080166331216,0.3799442041566457,0.924929452981836
0.31219836793387173,0.3799442041566457,0.9235982510713004
0.527307616337434,0.3799442041566457,0.9461251495424798
0.0973697007399327,0.3799442041566457,0.9371671447014681
0.15378139810481947,0.3799442041566457,0.9106264074365502
0.4235610797500831,0.3799442041566457,0.9704923129040169
0.037547046515891226,0.3799442041566457,0.9742941262229222
0.7474695708628619,0.3799442041566457,1.001055185896378
0.2256086474040128,0.3799442041566457,0.8941769900037085
0.659247664266205,0.3799442041566457,0.9285189813204174
0.4841755278741146,0.3799442041566457,0.9620948620055559
0.4986217137521132,0.3799442041566457,0.9571416569079708
0.11403204491462625,0.3799442041566457,0.9287742532243721
0.3131522285751596,0.3799442041566457,0.9241514471562726
0.5062372166464543,0.3799442041566457,0.9548759772072674
0.02270886810050561,0.3799442041566457,0.9868910510353902
0.5281545122487253,0.3799442041566457,0.9457988551299268
0.23543052812510884,0.3799442041566457,0.894982954629082
0.627972730350085,0.3799442041566457,0.9248251157292935
0.1535665997395147,0.3799442041566457,0.9107121318068775
0.014999065634672704,0.3799442041566457,0.9938886350620318
0.28361003435319976,0.3799442041566457,0.9095167046935879
0.5381287698968714,0.3799442041566457,0.9424456127992721
0.18868082521574348,0.3799442041566457,0.8980251694070194
0.7063494920085722,0.3799442041566457,0.9551970123057774
0.043184068184607405,0.3799442041566457,0.9688418391910012
0.49522810131614636,0.3799442041566457,0.9582686465790451
0.07885939444415309,0.3799442041566457,0.9467123686105317
0.7409527784449144,0.3799442041566457,0.991787350630145
0.06814320698669914,0.3799442041566457,0.9527213181309663
0.7519538680242799,0.3799442041566457,1.008741515677823
0.025626757772173915,0.3799442041566457,0.983538454400243
0.6436936139595657,0.3799442041566457,0.9250609719780739
0.19623884659644253,0.3799442041566457,0.8961793711123118
0.16519921693672332,0.3799442041566457,0.9055989079296948
0.1800721250507162,0.3799442041566457,0.9005805154424255
0.342681893476652,0.3799442041566457,0.9404524365031802
0.4678545655978119,0.3799442041566457,0.9656084147443144
0.6335276285502329,0.3799442041566457,0.9250088630201744
0.05391501570348272,0.3799442041566457,0.9603702272723109
0.00760217107889023,0.3799442041566457,1.0003939054402533
0.7449664466238706,0.3799442041566457,0.9972325769224518
0.6256982734387702,0.3799442041566457,0.9245896574347947
0.7988690659029772,0.3799442041566457,1.1058794735448376
0.2937111937492369,0.3799442041566457,0.9136044514298757
0.4672257861550332,0.3799442041566457,0.9657560320160151
0.5561067360274574,0.3799442041566457,0.9365906584376528
0.4502715822326653,0.3799442041566457,0.9691080192148693
0.20227009245668714,0.3799442041566457,0.8954098158258444
0.13603490984503513,0.3799442041566457,0.9186837176419653
0.46115200544277224,0.3799442041566457,0.9672958876147447
0.34942891543844556,0.3799442041566457,0.9438557701946628
0.6593842882789177,0.3799442041566457,0.92855724034395
0.6579333066863167,0.3799442041566457,0.9281559111820612
0.5352126720570406,0.3799442041566457,0.9432120210799427
0.2595995488704606,0.3799442041566457,0.9001289000459958
0.6464118311950854,0.3799442041566457,0.925318766428272
0.34704745068388737,0.3799442041566457,0.9426000669335649
0.3205184435300383,0.3799442041566457,0.9286072040392037
0.5879045844555472,0.3799442041566457,0.9263755203732188
0.4363482447343386,0.3799442041566457,0.9709002798711504
0.4730286877217433,0.3799442041566457,0.9645776197147145
0.14571787992263624,0.3799442041566457,0.9137954187961358
0.7288909653691573,0.3799442041566457,0.9771824724768269
0.6969215340124968,0.3799442041566457,0.9473816377093157
0.1728080425926704,0.3799442041566457,0.9026349628498217
0.49962933769255075,0.3799442041566457,0.9568562364270264
0.2875163903294512,0.3799442041566457,0.9110513066349215
0.4458869838738997,0.3799442041566457,0.9695422767535832
0.3454422185596455,0.3799442041566457,0.9417940355477554
0.48560540507723327,0.3799442041566457,0.9616362865143965
0.0505757195912703,0.3799442041566457,0.9630658720849562
0.19978861164734846,0.3799442041566457,0.8956664647411903
0.13542957112699688,0.3799442041566457,0.9190733007219406
0.6445918089964598,0.3799442041566457,0.9251253421904923
0.08550147810776094,0.3799442041566457,0.9435860250135547
0.24003075431011905,0.3799442041566457,0.8954594958169872
0.18808199565226708,0.3799442041566457,0.8981929273003916
0.15771833336146585,0.3799442041566457,0.908941544581352
0.44065686556122075,0.3799442041566457,0.9702884638204683
0.39055293240931077,0.3799442041566457,0.9614776057270221
0.5634995759426965,0.3799442041566457,0.9342181334773347
0.6440645877838612,0.3799442041566457,0.9250852641223379
0.08505998862598885,0.3799442041566457,0.9437450409664971
0.037790265400189864,0.3799442041566457,0.9740780239144923
0.09271112393439288,0.3799442041566457,0.9403492577478747
0.7151662339590342,0.3799442041566457,0.962289652815005
0.41038663802461567,0.3799442041566457,0.9673045226807229
0.15528503290562626,0.3799442041566457,0.9100062789068366
0.7237587543190119,0.3799442041566457,0.9707907116593701
0.4680553038522172,0.3799442041566457,0.9655622610417811
0.09613881396587508,0.3799442041566457,0.9380173846704863
0.297372331692901,0.3799442041566457,0.9153540885987786
0.4170067236857947,0.3799442041566457,0.9690280635912654
0.0064001435068610675,0.3799442041566457,1.0020412930187845
0.5018392203696646,0.3799442041566457,0.9562574266009155
0.6513252445890051,0.3799442041566457,0.9263814186853311
0.24561888935416187,0.3799442041566457,0.896376695666174
0.5838127003790394,0.3799442041566457,0.9279217850836506
0.5398695427362336,0.3799442041566457,0.9420167256244854
0.631696094298275,0.3799442041566457,0.9249988703081669
0.7512455171752971,0.3799442041566457,1.0075127472772638
0.5107982220738722,0.3799442041566457,0.9531471402739222
0.10619049672630992,0.3799442041566457,0.9327459920626581
0.0356904007995718,0.3799442041566457,0.9762699556313974
0.09611168765761607,0.3799442041566457,0.9380363255259144
0.6280030909421964,0.3799442041566457,0.9248274871198751
0.10698114714934857,0.3799442041566457,0.9324427547747208
0.6922099018218126,0.3799442041566457,0.9442075721554121
0.44824263899132427,0.3799442041566457,0.9692730223443641
0.5717380812329577,0.3799442041566457,0.9315859133632635
0.1742386447019859,0.3799442041566457,0.902213275803675
0.42961353099308613,0.3799442041566457,0.9713329595220125
0.4924891689993091,0.3799442041566457,0.9592415266261738
0.5421118269624465,0.3799442041566457,0.9414365071746666
0.24816191184983644,0.3799442041566457,0.8969257687702755
0.6899065954530735,0.3799442041566457,0.9428498590406965
0.24442489398466005,0.3799442041566457,0.8961472855550978
0.5196542061335,0.3799442041566457,0.9491477899115723
0.38159704658333865,0.3799442041566457,0.9587567377930716
0.11424061351297406,0.3799442041566457,0.9286335927713733
0.7094910908374634,0.3799442041566457,0.9576564292473172
0.6689238360039155,0.3799442041566457,0.9317239268940681
0.4964149773724221,0.3799442041566457,0.9578559489505521
0.4129365193008634,0.3799442041566457,0.9679860134483439
0.37220281757550916,0.3799442041566457,0.9547682292301329
0.13270474761991916,0.3799442041566457,0.920505518311342
0.17028197885925841,0.3799442041566457,0.9035100845533949
0.3894973023306495,0.3799442041566457,0.9611844669626542
0.017511674240500954,0.3799442041566457,0.9914920777853766
0.7402384790764163,0.3799442041566457,0.990892166115723
0.5763723164071298,0.3799442041566457,0.9303881165312294
0.6422980605068803,0.3799442041566457,0.9249961661495667
0.6212193979205676,0.3799442041566457,0.9239487681068321
0.012493257371776513,0.3799442041566457,0.9957310540533343
0.5699226364109915,0.3799442041566457,0.9321145611532632
0.6295059296935862,0.3799442041566457,0.924924290482654
0.0442319032750742,0.3799442041566457,0.9676621628532998
0.33978876632686394,0.3799442041566457,0.9390636156921817
0.16322362160349382,0.3799442041566457,0.9064616193585286
0.7063873858538177,0.3799442041566457,0.9552271811060953
0.7311375969546487,0.3799442041566457,0.9799244605587881
0.4490730129575976,0.3799442041566457,0.9691960837776452
0.369677112367095,0.3799442041566457,0.9536113181217108
0.40136612746614003,0.3799442041566457,0.9647019922070295
0.13249898103137384,0.3799442041566457,0.9205854124559253
0.3332476073717768,0.3799442041566457,0.9359039854338285
0.3081522450473344,0.3799442041566457,0.921304670672717
0.5241268095146318,0.3799442041566457,0.9472941396360349
0.7324758222297324,0.3799442041566457,0.981522695478876
0.6999384328885128,0.3799442041566457,0.9498500872990234
0.23413833939040007,0.3799442041566457,0.8948729831210127
0.695923071739615,0.3799442041566457,0.9466436516291443
0.7001777802700125,0.3799442041566457,0.9500609806146115
0.7204976816277293,0.3799442041566457,0.9672039112435563
0.6001740889584096,0.3799442041566457,0.9230808631093994
0.5883258974374965,0.3799442041566457,0.926217488505736
0.6741756084894934,0.3799442041566457,0.9342229126196937
0.42302087722330983,0.3799442041566457,0.9703785234196916
0.1326277847189444,0.3799442041566457,0.9205357935911731
0.07180539465011045,0.3799442041566457,0.9508133431755
0.5261229926302768,0.3799442041566457,0.9465692236499188
0.2093158614712315,0.3799442041566457,0.8946120657366203
0.7554540616702682,0.3799442041566457,1.0145750847573045
0.2687009222134466,0.3799442041566457,0.9033026478777396
0.1233038684231759,0.3799442041566457,0.9229158512227839
0.43256462580817967,0.3799442041566457,0.9712893140162315
0.08319574859795509,0.3799442041566457,0.9444793114967972
0.6903820729953164,0.3799442041566457,0.9431242295155112
0.6081940427873805,0.3799442041566457,0.9228571504003878
0.21919916124295807,0.3799442041566457,0.893988272634658
0.5853086550823619,0.3799442041566457,0.9273619778494284
0.009108667064947706,0.3799442041566457,0.999444419985784
0.6532288475206143,0.3799442041566457,0.9269007389267244
0.19686621372683552,0.3799442041566457,0.8960674968326221
0.13333138630154054,0.3799442041566457,0.9202405945754745
0.4078288634563034,0.3799442041566457,0.9666130687925347
0.7147649187913181,0.3799442041566457,0.9619486747468775
0.5697919668288333,0.3799442041566457,0.9321540238973093
0.058075755672494546,0.3799442041566457,0.958382794841542
0.47927147793563524,0.3799442041566457,0.9634774541984437
0.5110262229049051,0.3799442041566457,0.9530522980911237
0.5193529609872584,0.3799442041566457,0.9492821722976298
0.23242374918383782,0.3799442041566457,0.8947340756571767
0.1735438526997875,0.3799442041566457,0.9024112449649341
0.649522411563764,0.3799442041566457,0.9258923115409678
0.4630518668268037,0.3799442041566457,0.9668233500219556
0.14333417065987356,0.3799442041566457,0.9148580024648819
0.3705268984659809,0.3799442041566457,0.953997667486359
0.7737120741727764,0.3799442041566457,1.0458151511375258
0.2643014380746892,0.3799442041566457,0.9017086011945435
0.609668284500721,0.3799442041566457,0.9229077997100006
0.7384232307996146,0.3799442041566457,0.988649525301475
0.7570809267025004,0.3799442041566457,1.0171529214692219
0.7535179993609944,0.3799442041566457,1.0113972536909892
0.4807723703683551,0.3799442041566457,0.9630930256290836
0.5298933611522417,0.3799442041566457,0.9451091687707556
0.30754673821137957,0.3799442041566457,0.9209648102266909
0.5965573049472118,0.3799442041566457,0.9236230959964411
0.10070141918838837,0.3799442041566457,0.9351145739787193
0.0562234962805162,0.3799442041566457,0.9589887923861528
0.39267927285352217,0.3799442041566457,0.96205508728592
0.4275560831906008,0.3799442041566457,0.9711916240523892
0.2961782070472713,0.3799442041566457,0.914758515558692
0.4444234756707747,0.3799442041566457,0.9697377624197782
0.20121341004356907,0.3799442041566457,0.8955224404358134
0.7643208856156911,0.3799442041566457,1.0285120077965637
0.7164605498698796,0.3799442041566457,0.9634042768564366
0.526256678923422,0.3799442041566457,0.9465198805273779
0.6375629778479677,0.3799442041566457,0.9249655518083387
0.695918616049521,0.3799442041566457,0.9466404422063756
0.22113906792521007,0.3799442041566457,0.8939728935208779
0.5604804556161104,0.3799442041566457,0.9352279021636047
0.1843116644315358,0.3799442041566457,0.8992850568502097
0.7658513674157443,0.3799442041566457,1.030979579501361
0.10923682921559284,0.3799442041566457,0.9315095449837046
0.019783085607573272,0.3799442041566457,0.9893398136735716
0.566204449130502,0.3799442041566457,0.933306044583802
0.42507321241809204,0.3799442041566457,0.9708078543087946
0.6992503107424326,0.3799442041566457,0.9492542109806891
0.14473583859313496,0.3799442041566457,0.9142383949173397
0.4623527681038535,0.3799442041566457,0.9670004804479145
0.33437469685158105,0.3799442041566457,0.9364547275428211
0.21237289661826486,0.3799442041566457,0.8943372277767112
0.1727326087587323,0.3799442041566457,0.9026587108016028
0.3524494444503504,0.3799442041566457,0.9454880207818032
0.6595391022798285,0.3799442041566457,0.9286007131616547
0.26748780141347045,0.3799442041566457,0.9028494971446145
0.10743632127601269,0.3799442041566457,0.9322646497985884
0.7959106908149498,0.3799442041566457,1.0969299684763567
0.4074910878196252,0.3799442041566457,0.9665217056571622
0.37320197424466495,0.3799442041566457,0.9552348719712194
0.6524311948022362,0.3799442041566457,0.9266839413720727
0.4623880230993225,0.3799442041566457,0.9669916319356453
0.09216358902152422,0.3799442041566457,0.9406893321334696
0.3669206865181973,0.3799442041566457,0.9523667585737188
0.2969882749198677,0.3799442041566457,0.9151598002043314
0.3694308657326857,0.3799442041566457,0.9534997720068251
0.33043584199283027,0.3799442041566457,0.9344822557525764
0.3897336367906272,0.3799442041566457,0.9612505462024001
0.2151682584529418,0.3799442041566457,0.8941515269530098
0.7558692827452491,0.3799442041566457,1.015240980906614
0.1471763100589823,0.3799442041566457,0.9131500573175739
0.5491896057553367,0.3799442041566457,0.9386293720415393
0.18843723537095525,0.3799442041566457,0.8980932484088145
0.5649228119801615,0.3799442041566457,0.9337368262358396
0.5804207061141016,0.3799442041566457,0.9291382194092286
0.14216147853838254,0.3799442041566457,0.9153764306319607
0.3792073797291542,0.3799442041566457,0.9579033806254912
0.1447536000417327,0.3799442041566457,0.9142303835936954
0.5797566695140932,0.3799442041566457,0.9293645406615855
0.1304101847916165,0.3799442041566457,0.9212345563796484
0.7768129804262003,0.3799442041566457,1.0531464055683162
0.2178460517087717,0.3799442041566457,0.8940263087874515
0.7521215379515322,0.3799442041566457,1.0090299937468914
0.6253019330516572,0.3799442041566457,0.924534671715309
0.7806711751659076,0.3799442041566457,1.0620734358009989
0.1600119690960763,0.3799442041566457,0.9079006784596383
0.3759011149318572,0.3799442041566457,0.9565182605758566
0.6235833691056847,0.3799442041566457,0.9242773042388682
0.6473524468538079,0.3799442041566457,0.9254559608493356
0.3473875406639825,0.3799442041566457,0.9427745178130542
0.6693117566430322,0.3799442041566457,0.9318850396731566
0.28149538455733397,0.3799442041566457,0.9086691175532916
0.5167873039873447,0.3799442041566457,0.950451956955094
0.3535678538152013,0.3799442041566457,0.9460621955783465
0.5926255086639893,0.3799442041566457,0.9247024426616011
0.02067812038589194,0.3799442041566457,0.988443484180299
0.6109640797900705,0.3799442041566457,0.9229734120464888
0.5300144932442722,0.3799442041566457,0.9450602576610783
0.23956531483698884,0.3799442041566457,0.8954014860059881
0.04382716214056437,0.3799442041566457,0.968107008999638
0.6598329169297243,0.3799442041566457,0.9286835710240122
0.36602973130086486,0.3799442041566457,0.95196158345534
0.6030699426344115,0.3799442041566457,0.9229054608247543
0.5129803688470685,0.3799442041566457,0.9522050192362518
0.03347685508804617,0.3799442041566457,0.9785368892471465
0.6950560847134436,0.3799442041566457,0.9460329002127567
0.5008718579722137,0.3799442041566457,0.9565261451278482
0.059135999533029976,0.3799442041566457,0.9581255254572277
0.3007498535574957,0.3799442041566457,0.9171751606948395
0.6813615304825651,0.3799442041566457,0.9382074651183958
0.49772751530938364,0.3799442041566457,0.9574169394022781
0.7291979286214667,0.3799442041566457,0.9775609187732244
0.48215943830358576,0.3799442041566457,0.9627038789285802
0.284195068843265,0.3799442041566457,0.9097479035196222
0.41635508942722343,0.3799442041566457,0.9688668389038971
0.4626002888851649,0.3799442041566457,0.9669381621149192
0.4679940043460012,0.3799442041566457,0.9655763046821294
0.062164497522659005,0.3799442041566457,0.956991309017296
0.5085906699283973,0.3799442041566457,0.9540233093337755
0.2947832286584821,0.3799442041566457,0.9140937062436542
0.7596413013694273,0.3799442041566457,1.0211261266990002
0.18639181637604274,0.3799442041566457,0.8986742356882191
0.036127999966856277,0.3799442041566457,0.9757695757164919
0.6024606369987651,0.3799442041566457,0.9229321427547346
0.5694460660294591,0.3799442041566457,0.9322593977797757
0.7149672337528526,0.3799442041566457,0.9621203029495013
0.1804684368396055,0.3799442041566457,0.9004601829464098
0.0049520114617310545,0.3799442041566457,1.0040519672961454
0.7187837723182954,0.3799442041566457,0.9655149765924068
0.3769119343285554,0.3799442041566457,0.9569702383759329
0.11097756602751643,0.3799442041566457,0.9306525463315852
0.09311732895697178,0.3799442041566457,0.9400883245255843
0.6967015990698417,0.3799442041566457,0.9472158354231641
0.7147223154173524,0.3799442041566457,0.9619126027613076
0.3443005981004492,0.3799442041566457,0.9412348475153642
0.09260617243586111,0.3799442041566457,0.9404155376388049
0.5974473167911997,0.3799442041566457,0.9234453297838469
0.4306132647893808,0.3799442041566457,0.9713487685549629
0.14472072421574111,0.3799442041566457,0.9142452115409991
0.02639963502341738,0.3799442041566457,0.9830671857794956
0.6296805397879259,0.3799442041566457,0.9249330152547934
0.07273654809455073,0.3799442041566457,0.9503648569476437
0.4432145481944921,0.3799442041566457,0.9699097723697672
0.7833738787105121,0.3799442041566457,1.0680006328432865
0.0877972030857789,0.3799442041566457,0.9427679041199268
0.2671252336280827,0.3799442041566457,0.9027162314923182
0.49463921229325386,0.3799442041566457,0.9584759972602201
0.6329085972426741,0.3799442041566457,0.9250102855836523
0.7724187912544062,0.3799442041566457,1.0430111059505505
0.37058796445943715,0.3799442041566457,0.9540255269148922
0.01951143552799124,0.3799442041566457,0.9896738912544519
0.7818426463899771,0.3799442041566457,1.064679608256661
0.29235750612608735,0.3799442041566457,0.9130122971678775
0.5321393882679937,0.3799442041566457,0.9442108303344514
0.5268404413692379,0.3799442041566457,0.9463020801175981
0.6690525537507185,0.3799442041566457,0.9317770899924961
0.173253111061635,0.3799442041566457,0.9024979208052557
0.04950467087897419,0.3799442041566457,0.9638322081353984
0.06732808033656933,0.3799442041566457,0.9532587423466912
0.6541649188102778,0.3799442041566457,0.9271528905675143
0.18870675614184,0.3799442041566457,0.89801793483269
0.5507182189143862,0.3799442041566457,0.9380340873539293
0.2795681611769138,0.3799442041566457,0.907871914272605
0.6750586314838127,0.3799442041566457,0.9347263565334613
0.7415825144396407,0.3799442041566457,0.9925905572172843
0.6856234172483194,0.3799442041566457,0.9404914908643026
0.7705893570682796,0.3799442041566457,1.0393282704128457
0.526088243204837,0.3799442041566457,0.9465820160712748
0.7292341479924255,0.3799442041566457,0.9776054997345394
0.7841730764280062,0.3799442041566457,1.0697154725828006
0.22174534162400505,0.3799442041566457,0.893979102037436
0.04950024990501056,0.3799442041566457,0.9638350997297178
0.7251118925968413,0.3799442041566457,0.9724493901570317
0.007581413195841602,0.3799442041566457,1.000416588378723
0.6888931647999986,0.3799442041566457,0.9422743280436799
0.45354421450366145,0.3799442041566457,0.9687707374225952
0.462063182730021,0.3799442041566457,0.9670728034069829
0.7261700811229602,0.3799442041566457,0.9737862970675921
0.3168140422321007,0.3799442041566457,0.9263356760211127
0.377852764109932,0.3799442041566457,0.9573678227888511
0.31747221210749893,0.3799442041566457,0.9267361356253752
0.5652717671570172,0.3799442041566457,0.9336191362453673
0.3544340103138007,0.3799442041566457,0.9464962318026054
0.33298141700910383,0.3799442041566457,0.935773311875754
0.4742306252211508,0.3799442041566457,0.9643881202503151
0.3064022605261594,0.3799442041566457,0.9203240833667544
0.5822677393061164,0.3799442041566457,0.9284863647708753
0.6023872767196068,0.3799442041566457,0.9229356997256343
0.1469527103311566,0.3799442041566457,0.9132471349228727
0.6776683377625609,0.3799442041566457,0.9361996145680089
0.3470476065021611,0.3799442041566457,0.9426001465360588
0.44001022005077045,0.3799442041566457,0.9703845426684449
0.7265609059574974,0.3799442041566457,0.9742781104224079
0.384890206010594,0.3799442041566457,0.9598284422517016
0.26565924768307986,0.3799442041566457,0.9021867728228736
0.028777078889426023,0.3799442041566457,0.9811802554207523
0.2856140591381719,0.3799442041566457,0.9103053872102991
0.31258632074182774,0.3799442041566457,0.9238223216024801
0.16170965238971358,0.3799442041566457,0.9071337689007206
0.4744507232264882,0.3799442041566457,0.9643555739861258
0.16818394648342921,0.3799442041566457,0.9043356436546099
0.17932734065803518,0.3799442041566457,0.9008045122022595
0.7705148145921302,0.3799442041566457,1.0391845407373024
0.3191601090840641,0.3799442041566457,0.9277702234180736
0.679394662976767,0.3799442041566457,0.9371388555496838
0.14147239423039776,0.3799442041566457,0.9156929418027869
0.3777757532280663,0.3799442041566457,0.9573360891208675
0.41625936907680433,0.3799442041566457,0.968842940578785
0.3292166947737375,0.3799442041566457,0.9338320039403539
0.6385666099409033,0.3799442041566457,0.924960410073447
0.7634627037148524,0.3799442041566457,1.0271412851215411
0.166682935707839,0.3799442041566457,0.9049619652473545
0.14109079425632345,0.3799442041566457,0.9158745927548587
0.00790156122616228,0.3799442041566457,1.000135460257007
0.4548554846842812,0.3799442041566457,0.9685781685835722
0.6608408093672667,0.3799442041566457,0.9289713662163289
0.4833819495368027,0.3799442041566457,0.962340247933725
0.15509292102404093,0.3799442041566457,0.9100874144457721
0.13230818032907177,0.3799442041566457,0.9206565635789588
0.691525693110377,0.3799442041566457,0.9437964667630245
0.011098828936526674,0.3799442041566457,0.9964106814866923
0.1929079345697331,0.3799442041566457,0.8969057742248763
0.2966291098264193,0.3799442041566457,0.9149804674259938
0.4923435819388667,0.3799442041566457,0.9592935992764423
0.604026926496319,0.3799442041566457,0.9228733381184041
0.07950218620614297,0.3799442041566457,0.9463409867566405
0.5719264368410942,0.3799442041566457,0.9315331722738421
0.050766042570990426,0.3799442041566457,0.9629178804634773
0.39265567775540877,0.3799442041566457,0.9620487516384892
0.7905361106227483,0.3799442041566457,1.0836261441877422
0.5178954900957149,0.3799442041566457,0.949942322395917
0.21730025424828128,0.3799442041566457,0.8940469961851066
0.6680353993391561,0.3799442041566457,0.9313650786110553
0.6551625964647377,0.3799442041566457,0.9274180107554477
0.37394813032143626,0.3799442041566457,0.9555877527608382
0.3755233392167465,0.3799442041566457,0.9563424901033502
0.41757888366607815,0.3799442041566457,0.9691673672705242
0.62921666400757,0.3799442041566457,0.924908711909383
0.3141034785701929,0.3799442041566457,0.9247103603496272
0.24459081395166393,0.3799442041566457,0.8961781012307442
0.6738950019003805,0.3799442041566457,0.9340683480277352
0.2900176211932452,0.3799442041566457,0.9120456008542005
0.7519205243057429,0.3799442041566457,1.0086840389015146
0.0867702941079175,0.3799442041566457,0.9431383797615774
0.7542449903583859,0.3799442041566457,1.0126046722015731
0.42568107434032165,0.3799442041566457,0.9709245838237379
0.6142487926290544,0.3799442041566457,0.9232005878827697
0.32989753745493716,0.3799442041566457,0.9341979622945255
0.05455635759809594,0.3799442041566457,0.9599122826345672
0.617296200615599,0.3799442041566457,0.9234930279664864
0.1991316900232529,0.3799442041566457,0.8957393941630978
0.5307755774669504,0.3799442041566457,0.9447507283012545
0.4020466843245471,0.3799442041566457,0.9649262878496734
0.3067816359230823,0.3799442041566457,0.9205362565534134
0.3426133965146099,0.3799442041566457,0.9404194475396719
0.5772720155297532,0.3799442041566457,0.9301387623951979
0.5373500224899769,0.3799442041566457,0.9426405265887715
0.01636591624803474,0.3799442041566457,0.9923026025733085
0.5353900149923551,0.3799442041566457,0.943161716486518
0.4805599466828313,0.3799442041566457,0.9631502480390064
0.7825647077450876,0.3799442041566457,1.0662578695121372
0.7750140938955106,0.3799442041566457,1.0488369025149284
0.08209102038136225,0.3799442041566457,0.944992968957818
0.6268598791277924,0.3799442041566457,0.9247260060074552
0.6248367231750782,0.3799442041566457,0.9244650526019567
0.6370014432046928,0.3799442041566457,0.9249700217547668
0.015613225035794721,0.3799442041566457,0.9932458122175475
0.1305782395389743,0.3799442041566457,0.9211914345940798
0.30103775962194024,0.3799442041566457,0.9173356394406962
0.6103831999421407,0.3799442041566457,0.9229418587137314
0.49475422353692394,0.3799442041566457,0.9584353906830652
0.006246617006688205,0.3799442041566457,1.0021615866861127
0.2514808445024112,0.3799442041566457,0.8977770583485488
0.4751509382464849,0.3799442041566457,0.9642561343460102
0.5372020729088569,0.3799442041566457,0.9426781139880217
0.7303086366671971,0.3799442041566457,0.9789205873737189
0.225195728251257,0.3799442041566457,0.8941432255835485
0.11155249848932708,0.3799442041566457,0.9303321517425566
0.3467599306709941,0.3799442041566457,0.9424536714728795
0.44103677246362605,0.3799442041566457,0.9702318256234085
0.3166544119324436,0.3799442041566457,0.9262388382679463
0.2738544621608342,0.3799442041566457,0.9053768376129768
0.32528943410297667,0.3799442041566457,0.9315609490104242
0.20641451530541988,0.3799442041566457,0.894935518482198
0.14582258545379254,0.3799442041566457,0.9137483629743756
0.700340496999613,0.3799442041566457,0.9502035616651904
0.5139041610098423,0.3799442041566457,0.9517839906892505
0.2722369140301599,0.3799442041566457,0.9046955237320832
0.5647800839394422,0.3799442041566457,0.9337850228535955
0.19339867876867461,0.3799442041566457,0.8967875870884248
0.2596395140854675,0.3799442041566457,0.9001417598599113
0.5108042639180045,0.3799442041566457,0.9531446376916695
0.10222112642533761,0.3799442041566457,0.9343532846123177
0.29260592274074737,0.3799442041566457,0.9131188766207586
0.5003952826421013,0.3799442041566457,0.956654058136169
0.32785581514244244,0.3799442041566457,0.9330774990534886
0.3991429851058141,0.3799442041566457,0.9639378973916487
0.13300024929329385,0.3799442041566457,0.9203847729636158
0.642793479284581,0.3799442041566457,0.9250145955898718
0.547318544719527,0.3799442041566457,0.9395898915919111
0.1962471871086259,0.3799442041566457,0.8961778239853688
0.6670855773404023,0.3799442041566457,0.9309972576320599
0.3815247267053211,0.3799442041566457,0.9587320576238452
0.11782209717002035,0.3799442041566457,0.9261437746971795
0.12390560152068027,0.3799442041566457,0.9226834137359711
0.5799987156375052,0.3799442041566457,0.9292828725960541
0.3742102171807127,0.3799442041566457,0.9557126993333095
0.1404152283710939,0.3799442041566457,0.916210836556013
0.43056253302755243,0.3799442041566457,0.9713487536349449
0.7871531956026182,0.3799442041566457,1.0761469866749471
0.37220145865035115,0.3799442041566457,0.9547675986888013
0.3223747507457289,0.3799442041566457,0.929753004935168
0.7008064766646314,0.3799442041566457,0.9506078683974865
0.07705852842777583,0.3799442041566457,0.9478402095192549
0.19429795382054513,0.3799442041566457,0.896579927131562
0.5700227581536723,0.3799442041566457,0.932084451787449
0.5226636382116799,0.3799442041566457,0.9478647392029266
0.2112710723755046,0.3799442041566457,0.8944269741622963
0.567295177826851,0.3799442041566457,0.9329440311524579
0.5358722031048824,0.3799442041566457,0.9430279915961323
0.6298622101934739,0.3799442041566457,0.9249415583047191
0.7330859276541668,0.3799442041566457,0.9822435144477323
0.055525319717154,0.3799442041566457,0.9593214347478912
0.4314568405095365,0.3799442041566457,0.9713371387577084
0.6909464840306355,0.3799442041566457,0.9434537547663749
0.7000862619614558,0.3799442041566457,0.949980473063561
0.35726224433317066,0.3799442041566457,0.9478629933773847
0.6280255496562236,0.3799442041566457,0.9248292303962369
0.08896138246946217,0.3799442041566457,0.9423142400928954
0.6180235689368773,0.3799442041566457,0.9235723916032328
0.7137579195306558,0.3799442041566457,0.961102429432369
0.40599613144690444,0.3799442041566457,0.9661146517642268
0.3823213426087697,0.3799442041566457,0.9590010744312193
0.6433078399050118,0.3799442041566457,0.9250389786890892
0.6039633610229403,0.3799442041566457,0.9228751195602755
0.46233177897620037,0.3799442041566457,0.9670057439937488
0.265854588750342,0.3799442041566457,0.9022564937629766
0.6345051977082045,0.3799442041566457,0.9249983428152295
0.052155134953303865,0.3799442041566457,0.9617828582044674
0.016232978902547046,0.3799442041566457,0.992459452764642
0.7668613765259983,0.3799442041566457,1.03264228948672
0.5453153189466289,0.3799442041566457,0.9404222997599424
0.1472716812032382,0.3799442041566457,0.9131089262077031
0.1971493964272659,0.3799442041566457,0.8960199856455174
0.4125906434936078,0.3799442041566457,0.9678944333821408
0.2073240483782507,0.3799442041566457,0.8948310532901489
0.5427488508910444,0.3799442041566457,0.9412572955397013
0.08835800143953981,0.3799442041566457,0.9425553343373971
0.5629185527231478,0.3799442041566457,0.934414520605715
0.6804160851031716,0.3799442041566457,0.9376942934528025
0.3554961483130228,0.3799442041566457,0.9470168080171297
0.2724882632120817,0.3799442041566457,0.9047990759079578
0.6076910420788405,0.3799442041566457,0.9228467658353018
0.2712056270098824,0.3799442041566457,0.9042772799703375
0.6977880065418591,0.3799442041566457,0.9480530720961853
0.39598457894513833,0.3799442041566457,0.9629621615549571
0.33019574863758133,0.3799442041566457,0.9343559903496648
0.5966884016096599,0.3799442041566457,0.9235952196258902
0.24844027222049753,0.3799442041566457,0.8969914655508292
0.1086560634025454,0.3799442041566457,0.9317643522989267
0.09077975870129018,0.3799442041566457,0.9414737353814545
0.3637318921354596,0.3799442041566457,0.9509056160135426
0.004246672709205868,0.3799442041566457,1.005184886371518
0.5896618506154501,0.3799442041566457,0.9257252274103418
0.054658991254389826,0.3799442041566457,0.9598433911324743
0.7690767949797904,0.3799442041566457,1.0364983203670077
0.20138705988455463,0.3799442041566457,0.8955043271078446
0.7333928296353698,0.3799442041566457,0.9826066179413275
0.4903607449240959,0.3799442041566457,0.9600013326184633
0.03827843230005366,0.3799442041566457,0.9736677160256719
0.3010890766979366,0.3799442041566457,0.9173642246543365
0.44679716524834234,0.3799442041566457,0.9694304542828283
0.5662349798587387,0.3799442041566457,0.9332958422481791
0.052107433726857715,0.3799442041566457,0.9618225515054566
0.3741607762160456,0.3799442041566457,0.9556890872907334
0.6108922207015328,0.3799442041566457,0.9229693351953706
0.7232267296921832,0.3799442041566457,0.970168332453234
0.14274906389225003,0.3799442041566457,0.9151147282466637
0.3574348971131951,0.3799442041566457,0.9479453088927529
0.5725885743656501,0.3799442041566457,0.9313509314257897
0.022012374548527627,0.3799442041566457,0.9875645551900892
0.5293760831355122,0.3799442041566457,0.9453168502899753
0.37837730440633577,0.3799442041566457,0.9575802267470781
0.5436196822719079,0.3799442041566457,0.9409967510751651
0.006723880091150303,0.3799442041566457,1.0016378323336494
0.7849286530542915,0.3799442041566457,1.0713390129805884
0.5760693875229399,0.3799442041566457,0.9304681108326843
0.6101915577707748,0.3799442041566457,0.9229321859152935
0.05264714119777976,0.3799442041566457,0.9613748868523537
0.2964167189115841,0.3799442041566457,0.9148754816531042
0.4911780902704981,0.3799442041566457,0.959710231680943
0.7238846618950587,0.3799442041566457,0.9709403027349138
0.025848403730710335,0.3799442041566457,0.9833941485679016
0.45812276380455796,0.3799442041566457,0.9679775666296739
0.7063823887762447,0.3799442041566457,0.9552232036007421
0.7495981020788438,0.3799442041566457,1.0046028203865174
0.5271514608581825,0.3799442041566457,0.9461845412185961
0.23965381036055178,0.3799442041566457,0.8954122915019941
0.03247062181498235,0.3799442041566457,0.9791372191964447
0.08740603953008358,0.3799442041566457,0.9429112232413294
0.47015188937187136,0.3799442041566457,0.9651091654388356
0.08051195812385617,0.3799442041566457,0.9458028133625981
0.3525536033237801,0.3799442041566457,0.9455421795430996
0.32282131165282446,0.3799442041566457,0.9300290473201227
0.7560588929468496,0.3799442041566457,1.015543238849763
0.2589226698088396,0.3799442041566457,0.8999129133177436
0.2289738326472823,0.3799442041566457,0.8944560773727802
0.5973404295290237,0.3799442041566457,0.9234652359805915
0.030187154941984585,0.3799442041566457,0.9800983572478147
0.5866553019526821,0.3799442041566457,0.9268498610105882
0.5338187882100599,0.3799442041566457,0.9436322356366089
0.07557665055516401,0.3799442041566457,0.9487868192663872
0.4229453024961231,0.3799442041566457,0.9703625562653125
0.08125136014693464,0.3799442041566457,0.94541736111639
0.5668132308829215,0.3799442041566457,0.9331033154734892
0.6025933322323863,0.3799442041566457,0.9229258996795712
0.0909119672488819,0.3799442041566457,0.9414041866759333
0.7660394768565397,0.3799442041566457,1.031285330754007
0.40946328934839793,0.3799442041566457,0.9670552689760038
0.6590005953910405,0.3799442041566457,0.9284500450742719
0.7156707716435244,0.3799442041566457,0.962721411518834
0.2716264985942692,0.3799442041566457,0.9044467003610557
0.03466120536011648,0.3799442041566457,0.9774254356753511
0.6499522586482089,0.3799442041566457,0.9260045775940188
0.32504821816568125,0.3799442041566457,0.9314115198959104
0.474590372941264,0.3799442041566457,0.9643352739500266
0.47438705648465035,0.3799442041566457,0.9643649191813607
0.6777783478947219,0.3799442041566457,0.9362596184164543
0.4665464605491786,0.3799442041566457,0.9659206328544401
0.7093587251675859,0.3799442041566457,0.9575529378107673
0.39596048051336946,0.3799442041566457,0.9629552402699888
0.6766223244674721,0.3799442041566457,0.9356204663432601
0.057680149232772496,0.3799442041566457,0.9584887648591424
0.33185491509145193,0.3799442041566457,0.9352120719349134
0.06038794272442294,0.3799442041566457,0.9578036357350402
0.3879068524605902,0.3799442041566457,0.9607319971171169
0.4321909326142094,0.3799442041566457,0.97130942675109
0.5582357882675085,0.3799442041566457,0.9359341943334536
0.3836000760449039,0.3799442041566457,0.9594202812506847
0.507622387259353,0.3799442041566457,0.9543840777898916
0.23016674752613211,0.3799442041566457,0.8945538132845995
0.352701131451878,0.3799442041566457,0.945618642850267
0.31539659586807955,0.3799442041566457,0.9254803376841291
0.03218898446097036,0.3799442041566457,0.9792584611836531
0.7338317779248369,0.3799442041566457,0.9831267718512631
0.5311441798731051,0.3799442041566457,0.9445995754251251
0.6595768247380869,0.3799442041566457,0.9286113252679709
0.013667573093746554,0.3799442041566457,0.9944550239184788
0.4316719957261908,0.3799442041566457,0.9713306717124064
0.42897212390415423,0.3799442041566457,0.9713050672896991
0.35525996037288615,0.3799442041566457,0.9469021046940432
0.7311200278500429,0.3799442041566457,0.9799032886347936
0.7293599671904785,0.3799442041566457,0.9777602433961982
0.7256906438249136,0.3799442041566457,0.9731814779194202
0.3040889249543368,0.3799442041566457,0.919033770277221
0.08621316130165715,0.3799442041566457,0.9433345350385767
0.4940989450044091,0.3799442041566457,0.9586673607780328
0.2853784375381156,0.3799442041566457,0.9102130253854707
0.3563791448768944,0.3799442041566457,0.9474411215830578
0.44407361600956446,0.3799442041566457,0.9697867479403461
0.6373018111098245,0.3799442041566457,0.9249675060715299
0.5422679610435446,0.3799442041566457,0.9413933614361778
0.4160847363343503,0.3799442041566457,0.9687992048700113
0.5419930550413009,0.3799442041566457,0.9414690161754387
0.19164844211365414,0.3799442041566457,0.8972226779936714
0.4717611521635921,0.3799442041566457,0.9647985449094064
0.6718885161829773,0.3799442041566457,0.9330367651256377
0.342337270874571,0.3799442041566457,0.9402865395422678
0.05619218038080716,0.3799442041566457,0.9590021608601333
0.5143761000826479,0.3799442041566457,0.9515668845488525
0.21754894166504385,0.3799442041566457,0.8940372195060756
0.6888277922140317,0.3799442041566457,0.9422376149758253
0.6554211954934189,0.3799442041566457,0.9274859891573972
0.4521228042214766,0.3799442041566457,0.9689436773545328
0.35280807448094553,0.3799442041566457,0.9456738923732447
0.06592021169108575,0.3799442041566457,0.9542932525785962
0.5818435776354598,0.3799442041566457,0.9286384764634421
0.3414984582404695,0.3799442041566457,0.9398834399997578
0.26899932218082895,0.3799442041566457,0.9034159065331998
0.45399291979339895,0.3799442041566457,0.9687082750106387
0.6888279843511542,0.3799442041566457,0.9422377228087786
0.06691881781694163,0.3799442041566457,0.953548909151165
0.6781714207105463,0.3799442041566457,0.9364733686749485
0.6602760234713445,0.3799442041566457,0.9288094118969423
0.40651984902564353,0.3799442041566457,0.9662589493824005
0.05334735003485518,0.3799442041566457,0.9608077157875842
0.10501756661247397,0.3799442041566457,0.9331929212910288
0.32988736663880786,0.3799442041566457,0.9341925487565764
0.7331176412018229,0.3799442041566457,0.9822810146729443
0.7759851195476472,0.3799442041566457,1.051173046561565
0.29787324390478526,0.3799442041566457,0.9156114784395061
0.49586682567531626,0.3799442041566457,0.9580455706146961
0.03022888926487646,0.3799442041566457,0.9800743823316703
0.03082575976600115,0.3799442041566457,0.9797776452635897
0.7615149913078639,0.3799442041566457,1.0240593666007547
0.22091115842796205,0.3799442041566457,0.8939720013867978
0.7960491275061515,0.3799442041566457,1.097318883642086
0.28491034070753923,0.3799442041566457,0.9100293450978936
0.21999704346197088,0.3799442041566457,0.8939758605529152
0.6738711118332682,0.3799442041566457,0.9340553083957862
0.40015974726568504,0.3799442041566457,0.9642889195934984
0.4582053569739003,0.3799442041566457,0.9679604050201246
0.21568328931946656,0.3799442041566457,0.8941232749706023
0.6632066476163017,0.3799442041566457,0.9296698044470616
0.34954546867526526,0.3799442041566457,0.9439195054727477
0.37787567566766794,0.3799442041566457,0.9573772364884596
0.1997464233173666,0.3799442041566457,0.8956708485378291
0.43471866332915693,0.3799442041566457,0.9711008987019492
0.49765742405541663,0.3799442041566457,0.9574393807304591
0.6307001684449849,0.3799442041566457,0.9249741070607027
0.5239246539911352,0.3799442041566457,0.9473703914246011
0.06634866137733253,0.3799442041566457,0.9539690048786287
0.4772258939186467,0.3799442041566457,0.9639135163502864
0.3808841075412166,0.3799442041566457,0.9585111382116903
0.33798773427996065,0.3799442041566457,0.9381999405456531
0.45531999104267834,0.3799442041566457,0.9685028438006523
0.19256979382056072,0.3799442041566457,0.8969890301693327
0.19702935713752529,0.3799442041566457,0.8960398985065909
0.3071056302916535,0.3799442041566457,0.9207176217810245
0.29529214217877425,0.3799442041566457,0.9143324771254976
0.2441531599713784,0.3799442041566457,0.8960975640758845
0.38750145006660736,0.3799442041566457,0.9606142705237393
0.664638169438184,0.3799442041566457,0.9301265365094837
0.5290969475917924,0.3799442041566457,0.9454280792334963
0.2008878777289975,0.3799442041566457,0.8955560001921852
0.7343004139222055,0.3799442041566457,0.9836832658046409
0.7247846937527465,0.3799442041566457,0.9720367304535839
0.18041956875789175,0.3799442041566457,0.9004750572378901
0.42819950034517573,0.3799442041566457,0.9712522291446846
0.349441153783918,0.3799442041566457,0.9438624513843916
0.6646902901038445,0.3799442041566457,0.9301439048139138
0.6108439788986326,0.3799442041566457,0.9229666248178467
0.7530225892935376,0.3799442041566457,1.0105646685744307
0.40002461133593165,0.3799442041566457,0.9642413769712309
0.5798482866039038,0.3799442041566457,0.9293337516180251
0.19265559946333646,0.3799442041566457,0.8969677686236079
0.5244844011681654,0.3799442041566457,0.9471614641644814
0.5174724707297188,0.3799442041566457,0.9501363002798354
0.5777640077285658,0.3799442041566457,0.9299951726408375
0.2536873716240141,0.3799442041566457,0.8983742764229672
0.25199869345544784,0.3799442041566457,0.8979158497308013
0.21130684474604663,0.3799442041566457,0.8944239016089468
0.45147347605093247,0.3799442041566457,0.9690094530015668
0.4776617940491826,0.3799442041566457,0.963828985561726
0.21544145530952408,0.3799442041566457,0.8941363262525843
0.29884300381896667,0.3799442041566457,0.9161229076048242
0.6128120198040282,0.3799442041566457,0.9230921085084364
0.4370430127788547,0.3799442041566457,0.9708081226085822
0.22905264576821216,0.3799442041566457,0.8944625860705276
0.6348231817140753,0.3799442041566457,0.9249942909929639
0.782370758609984,0.3799442041566457,1.0658361355331933
0.3772012633879467,0.3799442041566457,0.957094825114535
0.3142166520542629,0.3799442041566457,0.9247773009613999
0.17569067147298345,0.3799442041566457,0.9018323511640206
0.47857966483218395,0.3799442041566457,0.9636362336451513
0.013408210046844893,0.3799442041566457,0.9946896177101561
0.3028411872231674,0.3799442041566457,0.9183392996745097
0.4060716537964151,0.3799442041566457,0.9661356384356188
0.258586875258272,0.3799442041566457,0.8998070813580783
0.3108844941675849,0.3799442041566457,0.9228479538649497
0.38409947936372985,0.3799442041566457,0.9595799752641228
0.2047119122772615,0.3799442041566457,0.8951332760938328
0.33754592418307044,0.3799442041566457,0.937987704708825
0.47515107643705606,0.3799442041566457,0.9642561147334837
0.38356248953208383,0.3799442041566457,0.9594081729842351
0.7176629212707654,0.3799442041566457,0.964472910926594
0.2134303733584636,0.3799442041566457,0.8942602142892857
0.07406406973226672,0.3799442041566457,0.9496797753380571
0.52741778764529,0.3799442041566457,0.9460830984737303
0.16045699467417596,0.3799442041566457,0.907698195779061
0.7155785941167043,0.3799442041566457,0.9626422722769228
0.4041579069112727,0.3799442041566457,0.9655844742109415
0.4066816729959847,0.3799442041566457,0.9663029582351672
0.5887524979958041,0.3799442041566457,0.9260587234830675
0.5989738702124707,0.3799442041566457,0.9232062002914749
0.5178496148013605,0.3799442041566457,0.9499633178430709
0.18207436719914477,0.3799442041566457,0.899967511860979
0.5630832719074665,0.3799442041566457,0.9343588829591893
0.4670027203965962,0.3799442041566457,0.9658094998474572
0.5131543420332214,0.3799442041566457,0.9521265524201669
0.4172361182577749,0.3799442041566457,0.9690841790010815
0.22852641987719402,0.3799442041566457,0.8944190312960052
0.09975392107123726,0.3799442041566457,0.9356463436704878
0.6733532775462742,0.3799442041566457,0.9337772299470789
0.30715040305694985,0.3799442041566457,0.920742697263922
0.22600365973907577,0.3799442041566457,0.8942094890068278
0.5135907329791757,0.3799442041566457,0.951927682137205
0.08510395553939168,0.3799442041566457,0.9437290461395359
0.2981912166328044,0.3799442041566457,0.9157772430618307
0.7034499223368367,0.3799442041566457,0.9528416373300481
0.010980408984602086,0.3799442041566457,0.9965419286557815
0.268532261008402,0.3799442041566457,0.903238953265607
0.6094448914145665,0.3799442041566457,0.9228983436232433
0.5623303492290147,0.3799442041566457,0.9346128278444233
0.48544646047277107,0.3799442041566457,0.9616882232449162
0.604255401047164,0.3799442041566457,0.9228673315485052
0.1241940565926389,0.3799442041566457,0.9225864996763997
0.3338512465539427,0.3799442041566457,0.9361994235663069
0.522923422102382,0.3799442041566457,0.9477604119740615
0.25170031734494025,0.3799442041566457,0.8978357962829746
0.25194850923676126,0.3799442041566457,0.8979023686228018
0.24857832217637751,0.3799442041566457,0.8970245008269617
0.33281518378624836,0.3799442041566457,0.935691405067167
0.5923082629318354,0.3799442041566457,0.9248061485498063
0.4295901505750863,0.3799442041566457,0.9713321911209956
0.3480219465432479,0.3799442041566457,0.9431039557951442
0.3944412468346256,0.3799442041566457,0.9625299657849281
0.7371579243208282,0.3799442041566457,0.9871093092987909
0.42039076695447597,0.3799442041566457,0.9698148024131362
0.6776270395544972,0.3799442041566457,0.9361770439976879
0.28276500446994207,0.3799442041566457,0.9091805834348842
0.5986231755903523,0.3799442041566457,0.9232534709865466
0.5014663601809278,0.3799442041566457,0.9563624529646811
0.23039853182347986,0.3799442041566457,0.8945725623152421
0.46206989539614274,0.3799442041566457,0.9670711343234492
0.15273528054447896,0.3799442041566457,0.9110372905271508
0.07222769077187285,0.3799442041566457,0.9506116642063677
0.59170188464054,0.3799442041566457,0.9250086506313252
0.28584283002626315,0.3799442041566457,0.9103950259583594
0.34122062613002946,0.3799442041566457,0.9397500960798201
0.3228555206555461,0.3799442041566457,0.9300502089430601
0.5869874770818818,0.3799442041566457,0.9267230343554765
0.14177070988575596,0.3799442041566457,0.9155543241897892
0.0790444670984746,0.3799442041566457,0.9466030795563761
0.45140010378818163,0.3799442041566457,0.9690163434654737
0.36352696508271887,0.3799442041566457,0.9508107290370673
0.0613859927709699,0.3799442041566457,0.9574067978415582
0.3035071330893754,0.3799442041566457,0.9187098894571334
0.45880501615065583,0.3799442041566457,0.9678332075448616
0.41029564979706756,0.3799442041566457,0.9672799974367
0.029326987095365277,0.3799442041566457,0.9806983924145866
0.18180066446030685,0.3799442041566457,0.9000518346106685
0.42723960468841593,0.3799442041566457,0.9711561266455002
0.4109123092188227,0.3799442041566457,0.9674460075108321
0.522188213800794,0.3799442041566457,0.9480587190568008
0.437593829483069,0.3799442041566457,0.9707327392157302
0.1502051595731068,0.3799442041566457,0.911965018441058
0.6539284245503587,0.3799442041566457,0.927089459851506
0.04980465849870273,0.3799442041566457,0.9636307935823791
0.20083968838553778,0.3799442041566457,0.8955609256090483
0.21609132955107083,0.3799442041566457,0.894102125499619
0.4431495208675494,0.3799442041566457,0.9699192179816074
0.1274543581516494,0.3799442041566457,0.9218541269454736
0.6248741909197747,0.3799442041566457,0.924470749261571
0.4293543845167487,0.3799442041566457,0.9713233999157246
0.5776177824583655,0.3799442041566457,0.93003837120708
0.31753724996810595,0.3799442041566457,0.9267758045992159
0.6152933067699556,0.3799442041566457,0.9232921846267519
0.40585917266404625,0.3799442041566457,0.9660764374990775
0.5384391853691184,0.3799442041566457,0.9423689030763622
0.08425201641513205,0.3799442041566457,0.9440477115712157
0.4474740409604569,0.3799442041566457,0.969353341191346
0.3213424107757509,0.3799442041566457,0.9291157792229631
0.2646263704409204,0.3799442041566457,0.9018220439110654
0.744100637722381,0.3799442041566457,0.9959901730338369
0.3984557206471501,0.3799442041566457,0.9637120183609361
0.06011777337228326,0.3799442041566457,0.95788325469804
0.5156226857868879,0.3799442041566457,0.9509907177692432
0.5920065698375464,0.3799442041566457,0.9249062190045837
0.7303257884043952,0.3799442041566457,0.9789414569150086
0.4179705279514841,0.3799442041566457,0.9692614039020291
0.6865514695152579,0.3799442041566457,0.9409872420955468
0.38539174270531273,0.3799442041566457,0.9599833657983794
0.38176537463545696,0.3799442041566457,0.9588139809461896
0.42869975910131974,0.3799442041566457,0.9712888779565977
0.03346544974067838,0.3799442041566457,0.9785456255409382
0.5780562143992974,0.3799442041566457,0.9299075437232174
0.7475147858889931,0.3799442041566457,1.001127554585054
0.7109807670530544,0.3799442041566457,0.9588348786116171
0.0057704480710655485,0.3799442041566457,1.00231566634209
0.5556389614273133,0.3799442041566457,0.9367367627013965
0.17028448797522017,0.3799442041566457,0.9035091417784833
0.25468586820740063,0.3799442041566457,0.8986507531259422
0.44177498944716753,0.3799442041566457,0.9701217940479668
0.08039616040937868,0.3799442041566457,0.9458635766043129
0.7331718331226593,0.3799442041566457,0.9823451057958221
0.5225820633380246,0.3799442041566457,0.9478977474190728
0.30960820542069184,0.3799442041566457,0.9221248687192591
0.540495839485393,0.3799442041566457,0.9418602171960679
0.43501403213992884,0.3799442041566457,0.971066406833951
0.6748280670823927,0.3799442041566457,0.9345924261018658
0.3578699764747314,0.3799442041566457,0.9481524979912465
0.21673898560396074,0.3799442041566457,0.8940710948269031
0.5930204830809072,0.3799442041566457,0.9245756190756289
0.4525502690704462,0.3799442041566457,0.9688957655338798
0.05388254758400049,0.3799442041566457,0.9603945317845428
0.08197674466949884,0.3799442041566457,0.9450494642614771
0.04276399047434341,0.3799442041566457,0.9693313596264082
0.14940228582920678,0.3799442041566457,0.912250073122756
0.1339931520826074,0.3799442041566457,0.919922138171211
0.758268859739479,0.3799442041566457,1.0189933832779827
0.7363843383012062,0.3799442041566457,0.986175397199204
0.5261231402789597,0.3799442041566457,0.9465691692659322
0.6838048222558561,0.3799442041566457,0.9395246357161813
0.5697134666633555,0.3799442041566457,0.9321778220136716
0.1768426894089796,0.3799442041566457,0.9015216126180716
0.39215660830624915,0.3799442041566457,0.9619144260292056
0.11610193239882882,0.3799442041566457,0.9273448707389098
0.3054713597831379,0.3799442041566457,0.9198042315820435
0.3511500104085748,0.3799442041566457,0.9447998480674257
0.15734000959489558,0.3799442041566457,0.909110760510932
0.5158387500694548,0.3799442041566457,0.9508906849134517
0.7541011517998627,0.3799442041566457,1.0123671323122774
0.3568342153562822,0.3799442041566457,0.9476586898050529
0.3279761627618083,0.3799442041566457,0.9331455240311528
0.5840130611234079,0.3799442041566457,0.9278474807679848
0.5481953190862661,0.3799442041566457,0.9391591068041
0.2902389847432274,0.3799442041566457,0.9121350747087402
0.7345705027024017,0.3799442041566457,0.984004576624496
0.28629333226926773,0.3799442041566457,0.9105715043268527
0.3075277082409663,0.3799442041566457,0.9209541395482188
0.4114353672078681,0.3799442041566457,0.967586371814924
0.4504127925240459,0.3799442041566457,0.9690980440241154
0.4579394891568323,0.3799442041566457,0.9680153302327404
0.7406561361054114,0.3799442041566457,0.9914145739288511
0.28730583194525544,0.3799442041566457,0.9109685558518416
0.6945828977257782,0.3799442041566457,0.9457110359695432
0.7640049660314796,0.3799442041566457,1.0280064055131717
0.21247813144481587,0.3799442041566457,0.8943291732084208
0.03780982374219342,0.3799442041566457,0.9740610396169421
0.3134163017679626,0.3799442041566457,0.9243059134403925
0.6504977101462721,0.3799442041566457,0.9261542926429621
0.5166910247319455,0.3799442041566457,0.9504964221281693
0.5896276211978323,0.3799442041566457,0.9257376455668066
0.3854421778772527,0.3799442041566457,0.9599988340531991
0.20698405234230244,0.3799442041566457,0.8948699020370087
0.23506027620038542,0.3799442041566457,0.8949507927502984
0.621558990843661,0.3799442041566457,0.9239931506923954
0.6095072294727921,0.3799442041566457,0.9229009226271718
0.3666213445193302,0.3799442041566457,0.9522309115507078
0.3593520876863834,0.3799442041566457,0.9488555826200261
0.034275580476137345,0.3799442041566457,0.9778247219535702
0.7329231299022431,0.3799442041566457,0.9820510847208394
0.3398315104705157,0.3799442041566457,0.9390841004344408
0.1325546958318097,0.3799442041566457,0.9205641091340607
0.5937726590711829,0.3799442041566457,0.9243428822879495
0.7383656593784657,0.3799442041566457,0.9885790699393175
0.12598013489564794,0.3799442041566457,0.9221430309130592
0.6729369743017694,0.3799442041566457,0.9335599286233525
0.1910466799985276,0.3799442041566457,0.897380027297107
0.32852592800353286,0.3799442041566457,0.9334530043302012
0.3691771700475129,0.3799442041566457,0.9533850114892971
0.102590471749921,0.3799442041566457,0.93418568664345
0.4381112407274224,0.3799442041566457,0.9706603033683378
0.31836237552942387,0.3799442041566457,0.9272804054229551
0.5845802078365099,0.3799442041566457,0.9276359694748185
0.29654309450508454,0.3799442041566457,0.9149378551018748
0.5996865516913013,0.3799442041566457,0.9231248573638381
0.6203363787039552,0.3799442041566457,0.9238389245483495
0.3817110240807002,0.3799442041566457,0.9587955286770022
0.34297355227063087,0.3799442041566457,0.9405929953341639
0.41814321935889914,0.3799442041566457,0.9693025097792768
0.43185619449674956,0.3799442041566457,0.9713240360822682
0.6284079380847782,0.3799442041566457,0.9248574993310051
0.009536545413825604,0.3799442041566457,0.9990007488931681
0.7187088409042788,0.3799442041566457,0.9654438438198703
0.5375807468088792,0.3799442041566457,0.9425823088669733
0.4800769795881699,0.3799442041566457,0.963277604049018
0.00879903228283281,0.3799442041566457,0.9996500279193359
0.2760405884026775,0.3799442041566457,0.9063472902912066
0.7981873410110185,0.3799442041566457,1.1036919589473357
0.01665964527699684,0.3799442041566457,0.9919971504903919
0.28594872679198247,0.3799442041566457,0.9104365115392886
0.08308383232741275,0.3799442041566457,0.9445281820559955
0.2985779513474663,0.3799442041566457,0.9159813799627181
0.4746990801968669,0.3799442041566457,0.9643196607300066
0.44924214812452495,0.3799442041566457,0.9691817841525813
0.747737641211871,0.3799442041566457,1.0014860400426389
0.5300800045114799,0.3799442041566457,0.9450337631610957
0.3064192415740237,0.3799442041566457,0.9203335761309774
0.7948482142091178,0.3799442041566457,1.0940334947353598
0.6830649567656835,0.3799442041566457,0.939127594535202
0.33849907918085426,0.3799442041566457,0.938445342077404
0.05145676720561161,0.3799442041566457,0.9623617016220097
0.26411540233282704,0.3799442041566457,0.9016439159937851
0.6482470427702297,0.3799442041566457,0.9256127121789899
0.3123595813972303,0.3799442041566457,0.9236912052898438
0.7518912147888313,0.3799442041566457,1.0086334864174658
0.6141039291983152,0.3799442041566457,0.923188723241679
0.4368427313266418,0.3799442041566457,0.970835042269694
0.2908033515199961,0.3799442041566457,0.9123646768805275
0.14785279741733506,0.3799442041566457,0.9128623810282565
0.007997900216526776,0.3799442041566457,1.0000835181972478
0.36021485250644797,0.3799442041566457,0.9492628312641339
0.1962177383698104,0.3799442041566457,0.8961832937947695
0.3581635998786089,0.3799442041566457,0.9482921244442362
0.1694949282420013,0.3799442041566457,0.9038114825940482
0.042669033150068536,0.3799442041566457,0.9694422583579588
0.7234891036482459,0.3799442041566457,0.970473319476589
0.5181557676627716,0.3799442041566457,0.9498234135883085
0.6646632926988619,0.3799442041566457,0.9301349019514614
0.45140494811436166,0.3799442041566457,0.9690158919652262
0.6574661948957531,0.3799442041566457,0.9280290144388565
0.38202659115172194,0.3799442041566457,0.9589022598897058
0.19553348059930206,0.3799442041566457,0.8963160472613831
0.7365032595351456,0.3799442041566457,0.9863186179042963
0.1771750649085334,0.3799442041566457,0.9014290781431414
0.474703387229034,0.3799442041566457,0.964319045539414
0.3614926398877004,0.3799442041566457,0.9498630410778546
0.4953223141658216,0.3799442041566457,0.9582356139910023
0.24895482719889214,0.3799442041566457,0.8971161663206724
0.36288906990490766,0.3799442041566457,0.9505146682278296
0.3560957714328167,0.3799442041566457,0.9473054586167204
0.2033791459723392,0.3799442041566457,0.8952862932644177
0.39759936657149614,0.3799442041566457,0.9634421255103565
0.30969367304440304,0.3799442041566457,0.9221731624968846
0.5341282276315641,0.3799442041566457,0.9435347904450401
0.5289809205195571,0.3799442041566457,0.9454741312811563
0.755833488474508,0.3799442041566457,1.015183793156343
0.05513891441395735,0.3799442041566457,0.9595400810354245
0.15458325884545465,0.3799442041566457,0.9103000514696435
0.7385513177204257,0.3799442041566457,0.9888064138536221
0.003775792127554034,0.3799442041566457,1.004390066711333
0.26554953031641554,0.3799442041566457,0.9021477192012847
0.24426407120451296,0.3799442041566457,0.8961177462900871
0.2742010203639879,0.3799442041566457,0.9055278449343156
0.4914028352456319,0.3799442041566457,0.9596299793006565
0.4762227139313224,0.3799442041566457,0.9640913151842103
0.24301307168289343,0.3799442041566457,0.8958991334626346
0.1940636222085108,0.3799442041566457,0.8966328610970119
0.3485386668642716,0.3799442041566457,0.9433764723888224
0.790335150447576,0.3799442041566457,1.0831732860704386
0.4984548220334147,0.3799442041566457,0.9571914768669284
0.22495744616298846,0.3799442041566457,0.8941238744452542
0.4499799125284743,0.3799442041566457,0.9691272475778863
0.5137955196524685,0.3799442041566457,0.9518338468766736
0.10901849323580502,0.3799442041566457,0.9316068494987851
0.07400201333130073,0.3799442041566457,0.9497136716963999
0.3192453973417296,0.3799442041566457,0.9278226839425066
0.562137480487593,0.3799442041566457,0.934677690475815
0.1872453056696707,0.3799442041566457,0.8984296671428548
0.08167534652587492,0.3799442041566457,0.9452005657754255
0.2767320948109833,0.3799442041566457,0.9066524799331721
0.5586220076869046,0.3799442041566457,0.9358148480694929
0.12736298857038628,0.3799442041566457,0.9218714216965398
0.42625621217082144,0.3799442041566457,0.9710212055006698
0.44260060084921904,0.3799442041566457,0.9699995373851087
0.686769976216861,0.3799442041566457,0.9411050645435953
0.04009323675208912,0.3799442041566457,0.9721780041170529
0.5302235695489662,0.3799442041566457,0.9449756002476651
0.27758644280713796,0.3799442041566457,0.9070253902475802
0.506849611029373,0.3799442041566457,0.9546619759849998
0.5459083718373157,0.3799442041566457,0.9401955062120951
0.7082359193206761,0.3799442041566457,0.9566810399213677
0.4100210523538024,0.3799442041566457,0.967205927276873
0.21091321875785943,0.3799442041566457,0.8944583137963211
0.43341581918132754,0.3799442041566457,0.9712291129487376
0.007718369727762653,0.3799442041566457,1.0002776003419085
0.36515065526678614,0.3799442041566457,0.951559403020495
0.6916855783691375,0.3799442041566457,0.9438919125116384
0.3269840652900431,0.3799442041566457,0.9325767926238212
0.12415774727216498,0.3799442041566457,0.922598202801852
0.6623879832909344,0.3799442041566457,0.9294241867826727
0.15099808976341428,0.3799442041566457,0.9116839728976703
0.553786591089651,0.3799442041566457,0.9372757448994731
0.26636166564376645,0.3799442041566457,0.9024386419018156
0.5716545186390253,0.3799442041566457,0.9316094389229495
0.27323402196320945,0.3799442041566457,0.9051109559527935
0.2762311844387348,0.3799442041566457,0.9064317021107033
0.670062261403791,0.3799442041566457,0.9322042845102664
0.736514881925905,0.3799442041566457,0.9863326216673208
0.740134928598033,0.3799442041566457,0.9907630432282233
0.7370157244211429,0.3799442041566457,0.9869372276172536
0.02845902128323008,0.3799442041566457,0.9814748180976565
0.7216782699107289,0.3799442041566457,0.9684417987733803
0.307526263731698,0.3799442041566457,0.9209533295934503
0.1532871677253163,0.3799442041566457,0.9108225935627834
0.6084114262783418,0.3799442041566457,0.9228627866164404
0.39320029004495133,0.3799442041566457,0.9621946888754601
0.4367871175532031,0.3799442041566457,0.9708424680205903
0.0037069059597773625,0.3799442041566457,1.0043337195070299
0.38529761001921736,0.3799442041566457,0.9599544419770121
0.3899767783041146,0.3799442041566457,0.961318247903623
0.5130241484191033,0.3799442041566457,0.9521853207830387
0.3566705776579393,0.3799442041566457,0.9475804969872076
0.3438663131942485,0.3799442041566457,0.9410243128063295
0.09478549244696054,0.3799442041566457,0.9389618876353498
0.6618001466590819,0.3799442041566457,0.929250536382169
0.437453877805105,0.3799442041566457,0.9707520712626696
0.496651865087994,0.3799442041566457,0.9577745952577184
0.31678536451313344,0.3799442041566457,0.9263182703188819
0.20144210274765664,0.3799442041566457,0.8954985539106807
0.6825173959109327,0.3799442041566457,0.9388326242576731
0.25501617069124,0.3799442041566457,0.8987432828080695
0.25703900371069105,0.3799442041566457,0.8993314394623645
0.1625578210948424,0.3799442041566457,0.906755936576469
0.7059144629392442,0.3799442041566457,0.9548495749335622
0.593023957450741,0.3799442041566457,0.9245745151367891
0.7942267148466021,0.3799442041566457,1.0924085576839508
0.21752437985099882,0.3799442041566457,0.8940381594198759
0.30609773543125246,0.3799442041566457,0.920153910886013
0.02991460991071504,0.3799442041566457,0.9802631991505332
0.08688022086686341,0.3799442041566457,0.9430994643531176
0.38351474035984223,0.3799442041566457,0.9593927726442528
0.28972743475971496,0.3799442041566457,0.9119287626458512
0.35009404713959935,0.3799442041566457,0.9442226155178918
0.35694957902054636,0.3799442041566457,0.9477137866925349
0.10730759772053577,0.3799442041566457,0.9323153758588338
0.2963265233418299,0.3799442041566457,0.9148311343760593
0.6585555912019835,0.3799442041566457,0.9283266896473028
0.295198571805654,0.3799442041566457,0.9142882555556086
0.49982268055069784,0.3799442041566457,0.9568045113490383
0.16578318537201264,0.3799442041566457,0.9053467360541633
0.31040447433348056,0.3799442041566457,0.9225755014053292
0.5347221307164539,0.3799442041566457,0.9433546322457783
0.7734823566286059,0.3799442041566457,1.045303777629619
0.540904328218263,0.3799442041566457,0.94175634282546
0.771146539541957,0.3799442041566457,1.040417636290673
0.04740907868589588,0.3799442041566457,0.9650848263188938
0.20552719348411985,0.3799442041566457,0.8950385336038476
0.5954753549102733,0.3799442041566457,0.9238745667162389
0.3231140182853667,0.3799442041566457,0.9302101870431377
0.6613583419615029,0.3799442041566457,0.9291213255789725
0.436485877904775,0.3799442041566457,0.9708823038828379
0.690383417337665,0.3799442041566457,0.9431250093755558
0.7427935691449894,0.3799442041566457,0.9941870654391671
0.40276039322823814,0.3799442041566457,0.9651550138945595
0.26715816662201347,0.3799442041566457,0.9027282967891511
0.12975688878327649,0.3799442041566457,0.9213908975691535
0.1542437455765686,0.3799442041566457,0.9104394633414044
0.7398751521075928,0.3799442041566457,0.9904397880494649
0.32294081261486407,0.3799442041566457,0.9301029800240983
0.5992213221032898,0.3799442041566457,0.9231756947834835
0.2418986644227216,0.3799442041566457,0.8957212572191446
0.2990839872064468,0.3799442041566457,0.9162527399216971
0.5299304410771096,0.3799442041566457,0.9450942073587554
0.7588684304174064,0.3799442041566457,1.0199236381278325
0.7278562345305625,0.3799442041566457,0.9758991521483951
0.733957251873908,0.3799442041566457,0.983275647344014
0.3400519325701403,0.3799442041566457,0.939189737261267
0.05514275464081564,0.3799442041566457,0.959537787813009
0.688610003039052,0.3799442041566457,0.9421156510783556
0.6203624646370313,0.3799442041566457,0.9238420458147077
0.38807510408584167,0.3799442041566457,0.9607805541916318
0.2255382398561328,0.3799442041566457,0.8941712165626601
0.7223584207006342,0.3799442041566457,0.9691851223155332
0.5329268038923297,0.3799442041566457,0.9439284146670072
0.3947317822816082,0.3799442041566457,0.9626098029458128
0.7259202780517034,0.3799442041566457,0.9734713625729162
0.3183838031279921,0.3799442041566457,0.9272935393273964
0.13894654642843393,0.3799442041566457,0.9169968078303836
0.7850458902175825,0.3799442041566457,1.0715912226707058
0.699684545730254,0.3799442041566457,0.9496278972057378
0.04720154152465428,0.3799442041566457,0.9652101842937205
0.08202871983481758,0.3799442041566457,0.9450237106900621
0.34861353524077154,0.3799442041566457,0.9434162900333917
0.3965111469471886,0.3799442041566457,0.9631150275852288
0.02886139444869338,0.3799442041566457,0.9811034295740167
0.11142719234566467,0.3799442041566457,0.9304035666265174
0.528569801383269,0.3799442041566457,0.9456364119246818
0.7433317462638817,0.3799442041566457,0.9949191703944922
0.7466880930139737,0.3799442041566457,0.999823497731819
0.3292455110380987,0.3799442041566457,0.9338476426632906
0.6009451008474497,0.3799442041566457,0.9230216301993495
0.7391280223243272,0.3799442041566457,0.9895152207769168
0.7980343676825759,0.3799442041566457,1.1032119463993961
