x_1,x_2,eta,WQ
1e-09,0.05701804056138027,0.5125628140703518,0.16251584080322923
0.013959479790029095,0.05701804056138027,0.5125628140703518,0.021278413315362364
0.028113826656066543,0.05701804056138027,0.5125628140703518,0.02134955982794495
0.042465760841121414,0.05701804056138027,0.5125628140703518,0.02056085176857434
0.05701804056138027,0.05701804056138027,0.5125628140703518,0.018931007864853966
0.07177346253629313,0.05701804056138027,0.5125628140703518,0.016861495144902636
0.086734862526058,0.05701804056138027,0.5125628140703518,0.014639566362929894
0.10190511587661066,0.05701804056138027,0.5125628140703518,0.01244162375880329
0.11728713807222002,0.05701804056138027,0.5125628140703518,0.010365093691292194
0.13288388529579853,0.05701804056138027,0.5125628140703518,0.008464494192879016
0.1486983549970351,0.05701804056138027,0.5125628140703518,0.006768797294798834
0.16473358646845582,0.05701804056138027,0.5125628140703518,0.0054283401240312135
0.1809926614295303,0.05701804056138027,0.5125628140703518,0.004429586792633648
0.19747870461892858,0.05701804056138027,0.5125628140703518,0.003663819048887809
0.21419488439504697,0.05701804056138027,0.5125628140703518,0.0030615730014304544
0.2311444133449163,0.05701804056138027,0.5125628140703518,0.002577477765046003
0.24833054890161188,0.05701804056138027,0.5125628140703518,0.0021812096736453118
0.26575659397027995,0.05701804056138027,0.5125628140703518,0.0018523375139734063
0.28342589756290426,0.05701804056138027,0.5125628140703518,0.0015764037055383754
0.3013418554419336,0.05701804056138027,0.5125628140703518,0.0013428538658773485
0.3195079107728942,0.05701804056138027,0.5125628140703518,0.0011438293012911137
0.337927554786112,0.05701804056138027,0.5125628140703518,0.0009733769374037679
0.3566043274476718,0.05701804056138027,0.5125628140703518,0.0008268874280956645
0.37554181813974363,0.05701804056138027,0.5125628140703518,0.0007007237337844842
0.39474366635040536,0.05701804056138027,0.5125628140703518,0.0005919617851180755
0.41421356237309515,0.05701804056138027,0.5125628140703518,0.0004981774402155482
0.4339552480158273,0.05701804056138027,0.5125628140703518,0.0004173975460245279
0.45397251732031063,0.05701804056138027,0.5125628140703518,0.00034794478795042066
0.47426921729110116,0.05701804056138027,0.5125628140703518,0.000288370005629508
0.4948492486349383,0.05701804056138027,0.5125628140703518,0.00023744736993921176
0.515716566510398,0.05701804056138027,0.5125628140703518,0.00019409087194660455
0.5368751812880124,0.05701804056138027,0.5125628140703518,0.0001573583700281735
0.5583291593209996,0.05701804056138027,0.5125628140703518,0.00012639449838559635
0.5800826237267542,0.05701804056138027,0.5125628140703518,0.00010048551303629652
0.602139755179244,0.05701804056138027,0.5125628140703518,7.89630305701438e-05
0.624504792712471,0.05701804056138027,0.5125628140703518,6.123617807989509e-05
0.6471820345351462,0.05701804056138027,0.5125628140703518,4.677984950188545e-05
0.6701758388567387,0.05701804056138027,0.5125628140703518,3.5123541081793224e-05
0.6934906247250543,0.05701804056138027,0.5125628140703518,2.5848040790553858e-05
0.7171308728755075,0.05701804056138027,0.5125628140703518,1.857916549764786e-05
0.7411011265922482,0.05701804056138027,0.5125628140703518,1.2985604558755076e-05
0.7654059925813097,0.05701804056138027,0.5125628140703518,8.774054442204135e-06
0.7900501418559447,0.05701804056138027,0.5125628140703518,5.686022190685689e-06
0.8150383106343217,0.05701804056138027,0.5125628140703518,3.496330413915836e-06
0.8403753012497501,0.05701804056138027,0.5125628140703518,2.0048523878517164e-06
0.8660659830736148,0.05701804056138027,0.5125628140703518,1.0464889917289178e-06
0.8921152934511916,0.05701804056138027,0.5125628140703518,4.76452183513199e-07
0.9185282386505287,0.05701804056138027,0.5125628140703518,1.74781381792139e-07
0.9453098948245711,0.05701804056138027,0.5125628140703518,4.3228142897506477e-08
0.9724654089867184,0.05701804056138027,0.5125628140703518,4.085958517498606e-09
