x_1,x_2,eta,WQ
0.10812290430501088,0.39326960651041987,1.1930739992194652,9.979428827529937e-11
0.10812290430501088,0.03360399684168917,1.1930739992194652,1.6721467032885167e-07
0.10812290430501088,0.027741474028988623,1.1930739992194652,2.623645226881205e-07
0.10812290430501088,0.04340818164164227,1.1930739992194652,9.062088171516995e-08
0.10812290430501088,0.03563334474939039,1.1930739992194652,1.4552130212512223e-07
0.10812290430501088,0.43587739501972583,1.1930739992194652,5.8662264901826e-11
0.10812290430501088,0.03130442208291931,1.1930739992194652,1.976550433210323e-07
0.10812290430501088,0.03087515975540638,1.1930739992194652,2.0418427489690854e-07
0.10812290430501088,0.04039083639288494,1.1930739992194652,1.0786333969611256e-07
0.10812290430501088,0.042509358734383704,1.1930739992194652,9.534000076391266e-08
0.10812290430501088,0.16308908194110114,1.1930739992194652,2.6018377633581756e-09
0.10812290430501088,0.008679214763070531,1.1930739992194652,4.194150778141116e-06
0.10812290430501088,0.22566408826532525,1.1930739992194652,9.289373152376506e-10
0.10812290430501088,0.014195567538451487,1.1930739992194652,1.2465686200278879e-06
0.10812290430501088,0.8195125771283918,1.1930739992194652,9.678499805279717e-14
0.10812290430501088,0.005104500801497652,1.1930739992194652,1.7137479342243214e-05
0.10812290430501088,0.3557289327200108,1.1930739992194652,1.5988173927866065e-10
0.10812290430501088,0.02785444431130937,1.1930739992194652,2.5989165695207626e-07
0.10812290430501088,0.0028326480814607853,1.1930739992194652,8.519777810752754e-05
0.10812290430501088,0.2365433280632195,1.1930739992194652,7.906935164118593e-10
0.10812290430501088,0.9820454783850217,1.1930739992194652,5.2287345572796896e-20
0.10812290430501088,0.00026094832704276916,1.1930739992194652,0.030895578028317543
0.10812290430501088,0.012625769804613121,1.1930739992194652,1.6509130684512173e-06
0.10812290430501088,0.05292597338741809,1.1930739992194652,5.557782395752762e-08
0.10812290430501088,0.2844084070061261,1.1930739992194652,4.042370236108798e-10
0.10812290430501088,0.863631958357971,1.1930739992194652,2.5090319831315606e-14
0.10812290430501088,0.6385399597628554,1.1930739992194652,3.712697888332496e-12
0.10812290430501088,0.10771328682305505,1.1930739992194652,8.556115447005557e-09
0.10812290430501088,0.04777807039192877,1.1930739992194652,7.16641214194054e-08
0.10812290430501088,0.04686261020601753,1.1930739992194652,7.515834504804167e-08
0.10812290430501088,0.19332076766877104,1.1930739992194652,1.541101529426134e-09
0.10812290430501088,0.2308123955304802,1.1930739992194652,8.603103963052165e-10
0.10812290430501088,0.24115212798143962,1.1930739992194652,7.393710448991187e-10
0.10812290430501088,0.03336235088723329,1.1930739992194652,1.7009204340624993e-07
0.10812290430501088,0.7473191907312325,1.1930739992194652,5.331137412423835e-13
0.10812290430501088,0.33146967288821133,1.1930739992194652,2.1777280403375833e-10
0.10812290430501088,0.014623104895162716,1.1930739992194652,1.1617949680046544e-06
0.10812290430501088,0.14119220605692287,1.1930739992194652,3.9798553336840114e-09
0.10812290430501088,0.4370733408826949,1.1930739992194652,5.779330146010934e-11
0.10812290430501088,0.0002104795543898981,1.1930739992194652,0.05021494092670624
0.10812290430501088,0.002523148727960031,1.1930739992194652,0.0001162632885634672
0.10812290430501088,0.9451891862044635,1.1930739992194652,4.2876342997219917e-16
0.10812290430501088,0.3266786385317001,1.1930739992194652,2.3161609219693766e-10
0.10812290430501088,0.24398094640823703,1.1930739992194652,7.097551244798198e-10
0.10812290430501088,0.4898068249105534,1.1930739992194652,2.9697802661998056e-11
0.10812290430501088,0.011999728647840307,1.1930739992194652,1.8677215759239441e-06
0.10812290430501088,0.003749079633411356,1.1930739992194652,3.978624131649927e-05
0.10812290430501088,0.2520961586624029,1.1930739992194652,6.319866317624585e-10
0.10812290430501088,0.057136705160378144,1.1930739992194652,4.582398996559854e-08
0.10812290430501088,0.27593083972903076,1.1930739992194652,4.5359411632317363e-10
0.10812290430501088,0.060812360915946904,1.1930739992194652,3.9086268256700934e-08
0.10812290430501088,0.016602281634299155,1.1930739992194652,8.618474739734909e-07
0.10812290430501088,0.03286970747449683,1.1930739992194652,1.7617588465682056e-07
0.10812290430501088,0.17546558738749038,1.1930739992194652,2.0842619278033298e-09
0.10812290430501088,0.24343179576945623,1.1930739992194652,7.153972336401441e-10
0.10812290430501088,0.8549296265146784,1.1930739992194652,3.356534362941294e-14
0.10812290430501088,0.18047352756662022,1.1930739992194652,1.911103601419215e-09
0.10812290430501088,0.062387153927766635,1.1930739992194652,3.660617100447237e-08
0.10812290430501088,0.004878883076436263,1.1930739992194652,1.93723727396739e-05
0.10812290430501088,0.06734215140418838,1.1930739992194652,3.006516988417281e-08
0.10812290430501088,0.03890543351256517,1.1930739992194652,1.1801424327267746e-07
0.10812290430501088,0.014393708900295996,1.1930739992194652,1.2061847558828532e-06
0.10812290430501088,0.12758586893458532,1.1930739992194652,5.322030118929963e-09
0.10812290430501088,0.5709221126195514,1.1930739992194652,1.0072712978176466e-11
0.10812290430501088,0.16732920297186865,1.1930739992194652,2.40845715261247e-09
0.10812290430501088,0.10099202348715085,1.1930739992194652,1.0216107267068446e-08
0.10812290430501088,0.1509913301046668,1.1930739992194652,3.271418478390681e-09
0.10812290430501088,0.8125573401269063,1.1930739992194652,1.1661567550417887e-13
0.10812290430501088,0.48453285732077794,1.1930739992194652,3.1769677673865056e-11
0.10812290430501088,0.31250300261510494,1.1930739992194652,2.7837279832580526e-10
0.10812290430501088,0.02103166492422607,1.1930739992194652,4.978144028520405e-07
0.10812290430501088,0.01614661875637145,1.1930739992194652,9.198632216225451e-07
0.10812290430501088,0.7966874676057425,1.1930739992194652,1.7530725006948394e-13
0.10812290430501088,0.07234615851121265,1.1930739992194652,2.4957508936611293e-08
0.10812290430501088,0.04074912927356188,1.1930739992194652,1.0559437892068124e-07
0.10812290430501088,0.1430460778342502,1.1930739992194652,3.8321337604316405e-09
0.10812290430501088,0.18868085948602772,1.1930739992194652,1.663799842850851e-09
0.10812290430501088,0.2894049240972626,1.1930739992194652,3.7792251281646813e-10
0.10812290430501088,0.04735412972012258,1.1930739992194652,7.325448401395948e-08
0.10812290430501088,0.7713075096354126,1.1930739992194652,3.181710992225818e-13
0.10812290430501088,0.07935149644877267,1.1930739992194652,1.9567805005404247e-08
0.10812290430501088,0.021373230866949124,1.1930739992194652,4.796395396299685e-07
0.10812290430501088,0.009713677017741746,1.1930739992194652,3.150561866117997e-06
0.10812290430501088,0.9248625447705522,1.1930739992194652,1.6574393681555394e-15
0.10812290430501088,0.05477167572401803,1.1930739992194652,5.099260521586496e-08
0.10812290430501088,0.20294755272643147,1.1930739992194652,1.3191311249631701e-09
0.10812290430501088,0.006351507237717547,1.1930739992194652,9.508815509743275e-06
0.10812290430501088,0.23632644162860472,1.1930739992194652,7.932073466122271e-10
0.10812290430501088,0.1611227743826997,1.1930739992194652,2.6980420967615107e-09
0.10812290430501088,0.24337600066675708,1.1930739992194652,7.159733331968476e-10
0.10812290430501088,0.6077075110845422,1.1930739992194652,5.93467033531943e-12
0.10812290430501088,0.33084045546355934,1.1930739992194652,2.1953944638494132e-10
0.10812290430501088,0.03561278126024868,1.1930739992194652,1.4572096276731408e-07
0.10812290430501088,0.6600823816282232,1.1930739992194652,2.6286747900360896e-12
0.10812290430501088,0.001212624381995384,1.1930739992194652,0.0007867206105859703
0.10812290430501088,0.3326724417388676,1.1930739992194652,2.144377270636171e-10
0.10812290430501088,0.42058175728917946,1.1930739992194652,7.099465987988798e-11
0.10812290430501088,0.08353875810326931,1.1930739992194652,1.706173577270887e-08
0.10812290430501088,0.13652747871207485,1.1930739992194652,4.38483466934779e-09
0.10812290430501088,0.8635426138696001,1.1930739992194652,2.5166729203774662e-14
