x_1,x_2,eta,WQ
0.09931058478318572,0.0004275671161234817,1.377507318714927,0.011749829529298195
0.09931058478318572,0.11134846291901325,1.377507318714927,9.96697818432077e-09
0.09931058478318572,0.3269417306262742,1.377507318714927,2.926468184291781e-10
0.09931058478318572,0.01659090509831445,1.377507318714927,1.2018138156042973e-06
0.09931058478318572,0.9979798468229385,1.377507318714927,1.6508614320066797e-19
0.09931058478318572,0.05481943139019843,1.377507318714927,6.783480059943798e-08
0.09931058478318572,0.004318182951413298,1.377507318714927,3.001757400100798e-05
0.09931058478318572,0.0327864117845977,1.377507318714927,2.4579847530409554e-07
0.09931058478318572,0.002600361837738004,1.377507318714927,0.0001162255619220649
0.09931058478318572,0.008781684184403636,1.377507318714927,5.149531332963591e-06
0.09931058478318572,0.011360029870131568,1.377507318714927,2.8382371840282778e-06
0.09931058478318572,0.018658049506955803,1.377507318714927,9.204596595484038e-07
0.09931058478318572,0.23497770347606156,1.377507318714927,1.0147562895876942e-09
0.09931058478318572,0.019014597846533338,1.377507318714927,8.814474820905654e-07
0.09931058478318572,0.3611653013719379,1.377507318714927,1.8991208603915655e-10
0.09931058478318572,0.023248812634725165,1.377507318714927,5.548204998600283e-07
0.09931058478318572,0.1550972887665974,1.377507318714927,3.808422601829846e-09
0.09931058478318572,0.5868752082560532,1.377507318714927,1.0456480280642556e-11
0.09931058478318572,0.6150042637599997,1.377507318714927,6.987011842851342e-12
0.09931058478318572,0.23524871997362723,1.377507318714927,1.010744687908719e-09
