x_1,x_2,eta,WQ
0.09931058478318572,0.11134846291901325,1.377507318714927,9.96697818432077e-09
0.21851534207001266,0.11134846291901325,1.377507318714927,7.587954834923894e-10
0.7112933860403555,0.11134846291901325,1.377507318714927,5.886612495709602e-13
0.0014687022863699092,0.11134846291901325,1.377507318714927,0.0005879588665466171
0.0071058581914089985,0.11134846291901325,1.377507318714927,1.275071117890293e-05
0.1428962227187092,0.11134846291901325,1.377507318714927,3.2036378072659066e-09
0.0016609805721626266,0.11134846291901325,1.377507318714927,0.00043928931428379456
0.05498229249925323,0.11134846291901325,1.377507318714927,5.697093805241746e-08
0.10822227215415037,0.11134846291901325,1.377507318714927,7.666690899559633e-09
0.15144051347381632,0.11134846291901325,1.377507318714927,2.65541505513739e-09
0.14004304134015383,0.11134846291901325,1.377507318714927,3.4174856093773063e-09
0.41730726582513156,0.11134846291901325,1.377507318714927,4.488340557870795e-11
0.031199149542051868,0.11134846291901325,1.377507318714927,2.759787970155199e-07
0.01259871235031124,0.11134846291901325,1.377507318714927,2.9960081230400385e-06
0.8676554941939767,0.11134846291901325,1.377507318714927,1.313278101871804e-14
0.4135378400886271,0.11134846291901325,1.377507318714927,4.7179015893035136e-11
0.06381054420950814,0.11134846291901325,1.377507318714927,3.710725929675356e-08
0.23998930605356983,0.11134846291901325,1.377507318714927,5.365459262199989e-10
0.17447886141239918,0.11134846291901325,1.377507318714927,1.662710778080437e-09
0.05882528295857108,0.11134846291901325,1.377507318714927,4.694722883504161e-08
