x_1,x_2,eta,WQ
0.10812290430501088,0.060812360915946904,1.9778736349480852,4.632006640814744e-08
0.5792257881704496,0.060812360915946904,1.9778736349480852,4.5910532241706695e-11
0.5603795105485339,0.060812360915946904,1.9778736349480852,5.983711877499542e-11
0.3734457788918861,0.060812360915946904,1.9778736349480852,6.831469815940881e-10
0.0010482642374908388,0.060812360915946904,1.9778736349480852,0.005260580043760644
0.19098522837624252,0.060812360915946904,1.9778736349480852,8.639299252059687e-09
0.03225173089626425,0.060812360915946904,1.9778736349480852,1.2168721691414438e-06
0.07319921071261466,0.060812360915946904,1.9778736349480852,1.364152392395453e-07
0.15881785149994015,0.060812360915946904,1.9778736349480852,1.523595549522875e-08
0.008978000828981026,0.060812360915946904,1.9778736349480852,3.114064855726275e-05
0.016191810800555404,0.060812360915946904,1.9778736349480852,7.129500797569601e-06
0.22097498042538252,0.060812360915946904,1.9778736349480852,5.373844989245543e-09
0.31296610768906796,0.060812360915946904,1.9778736349480852,1.4886618645386967e-09
0.44940308561557646,0.060812360915946904,1.9778736349480852,2.602412492683533e-10
0.3001483231173638,0.060812360915946904,1.9778736349480852,1.7632085423196246e-09
0.0010731651375132933,0.060812360915946904,1.9778736349480852,0.004983510000162613
0.004284073179486768,0.060812360915946904,1.9778736349480852,0.00018993441557858264
0.2637303695817371,0.060812360915946904,1.9778736349480852,2.8913816918985494e-09
0.01278019242361315,0.060812360915946904,1.9778736349480852,1.2929841272541474e-05
0.01431248729466756,0.060812360915946904,1.9778736349480852,9.730909599805317e-06
0.46733458508487835,0.060812360915946904,1.9778736349480852,2.0671907631726377e-10
0.7650116797180205,0.060812360915946904,1.9778736349480852,1.971048062057754e-12
0.09332069985006897,0.060812360915946904,1.9778736349480852,6.98971714373732e-08
0.007904363639803999,0.060812360915946904,1.9778736349480852,4.2639123457757516e-05
0.2921742805468173,0.060812360915946904,1.9778736349480852,1.9611394072493442e-09
0.06308008252608492,0.060812360915946904,1.9778736349480852,2.0445764002163074e-07
0.13719017089205066,0.060812360915946904,1.9778736349480852,2.346509352415336e-08
0.42404052027699585,0.060812360915946904,1.9778736349480852,3.5953437908125465e-10
0.05265462134495447,0.060812360915946904,1.9778736349480852,3.32668120143022e-07
0.06511704710359609,0.060812360915946904,1.9778736349480852,1.875345996888847e-07
0.1785637882067376,0.060812360915946904,1.9778736349480852,1.0663355216883623e-08
0.1527093914614631,0.060812360915946904,1.9778736349480852,1.7127834749230847e-08
0.015799751121640542,0.060812360915946904,1.9778736349480852,7.585863896929285e-06
0.0021454882892891127,0.060812360915946904,1.9778736349480852,0.0009900549638014674
0.2940607413209196,0.060812360915946904,1.9778736349480852,1.9122345283699643e-09
0.0590871209137872,0.060812360915946904,1.9778736349480852,2.439969494971619e-07
0.02365476853526505,0.060812360915946904,1.9778736349480852,2.7151890670779034e-06
0.07000262642358195,0.060812360915946904,1.9778736349480852,1.5403694356185037e-07
0.015237594193013682,0.060812360915946904,1.9778736349480852,8.313160986959982e-06
0.020950096798656784,0.060812360915946904,1.9778736349480852,3.705303784130755e-06
0.13391091457250773,0.060812360915946904,1.9778736349480852,2.517176002438973e-08
0.0911360358808161,0.060812360915946904,1.9778736349480852,7.465101210465545e-08
0.022084522908727998,0.060812360915946904,1.9778736349480852,3.2388627327832924e-06
0.03558554235369462,0.060812360915946904,1.9778736349480852,9.405687689152205e-07
0.014639754440280421,0.060812360915946904,1.9778736349480852,9.19424748742513e-06
0.10464414971042428,0.060812360915946904,1.9778736349480852,5.0761750347397806e-08
0.006782368814353492,0.060812360915946904,1.9778736349480852,6.211081222153696e-05
0.1142859956422198,0.060812360915946904,1.9778736349480852,3.9608516798434576e-08
0.39402822067073445,0.060812360915946904,1.9778736349480852,5.260870952599879e-10
0.006459635228348884,0.060812360915946904,1.9778736349480852,6.998866925306702e-05
0.24058852196693103,0.060812360915946904,1.9778736349480852,4.017066126422231e-09
0.03866726040160062,0.060812360915946904,1.9778736349480852,7.559955546544752e-07
0.30577130795669377,0.060812360915946904,1.9778736349480852,1.6366230368722123e-09
0.3503627040989272,0.060812360915946904,1.9778736349480852,9.171127743785137e-10
0.3181816202447013,0.060812360915946904,1.9778736349480852,1.3903607010989123e-09
0.11064400679917348,0.060812360915946904,1.9778736349480852,4.3412047836892855e-08
0.16459729316720043,0.060812360915946904,1.9778736349480852,1.3681193690960892e-08
0.14922018866928752,0.060812360915946904,1.9778736349480852,1.8341949680143756e-08
0.04278529424444972,0.060812360915946904,1.9778736349480852,5.786102344103538e-07
0.07117607046459215,0.060812360915946904,1.9778736349480852,1.4723163721593155e-07
0.06636168461148183,0.060812360915946904,1.9778736349480852,1.7811617714683182e-07
0.0010866915148681124,0.060812360915946904,1.9778736349480852,0.0048416161518228615
0.2087470861091064,0.060812360915946904,1.9778736349480852,6.4892849125532575e-09
0.12925897172867004,0.060812360915946904,1.9778736349480852,2.786608917883829e-08
0.3043253796966465,0.060812360915946904,1.9778736349480852,1.6682177250186338e-09
0.0521584014487323,0.060812360915946904,1.9778736349480852,3.4124464372220185e-07
0.03247457019447469,0.060812360915946904,1.9778736349480852,1.1952498725953876e-06
0.018510127086299247,0.060812360915946904,1.9778736349480852,5.081232467942871e-06
0.09102345396592548,0.060812360915946904,1.9778736349480852,7.49072325966293e-08
0.0028129542267512605,0.060812360915946904,1.9778736349480852,0.000520900317930079
0.13721174185404433,0.060812360915946904,1.9778736349480852,2.3454355200920755e-08
0.7440331316337894,0.060812360915946904,1.9778736349480852,3.0309002290066453e-12
0.55950108504725,0.060812360915946904,1.9778736349480852,6.0571624234846e-11
0.5228590091001672,0.060812360915946904,1.9778736349480852,9.979008177533042e-11
0.026117205819926666,0.060812360915946904,1.9778736349480852,2.103962088779392e-06
0.20313656252583281,0.060812360915946904,1.9778736349480852,7.091299388137846e-09
0.07694678062789483,0.060812360915946904,1.9778736349480852,1.1898862870864925e-07
0.16000846224702747,0.060812360915946904,1.9778736349480852,1.4898256448650262e-08
0.01574416384823447,0.060812360915946904,1.9778736349480852,7.653808848932356e-06
0.1205384451691657,0.060812360915946904,1.9778736349480852,3.402776786813383e-08
0.0014548457589287104,0.060812360915946904,1.9778736349480852,0.002461835728223847
0.19491451837364263,0.060812360915946904,1.9778736349480852,8.098003156334802e-09
0.019448477157311548,0.060812360915946904,1.9778736349480852,4.4796718718664095e-06
0.007035417531272975,0.060812360915946904,1.9778736349480852,5.67739768654075e-05
0.02412134053725392,0.060812360915946904,1.9778736349480852,2.581930441871399e-06
0.007022798474062315,0.060812360915946904,1.9778736349480852,5.702463768963184e-05
0.6340879016477537,0.060812360915946904,1.9778736349480852,2.039952599543343e-11
0.017549414934164818,0.060812360915946904,1.9778736349480852,5.815980038911372e-06
0.003847297527005223,0.060812360915946904,1.9778736349480852,0.00024613771861578337
0.00429925207387117,0.060812360915946904,1.9778736349480852,0.00018831903805592869
0.26984572000738566,0.060812360915946904,1.9778736349480852,2.65637324511918e-09
0.42266963210916236,0.060812360915946904,1.9778736349480852,3.6584922134378817e-10
0.0010369661964241559,0.060812360915946904,1.9778736349480852,0.005393534477788714
0.004520917810970083,0.060812360915946904,1.9778736349480852,0.0001667696123503422
0.55881450410694,0.060812360915946904,1.9778736349480852,6.11514366172057e-11
0.07179419769065756,0.060812360915946904,1.9778736349480852,1.438093032260058e-07
0.668113385999321,0.060812360915946904,1.9778736349480852,1.1870183032078427e-11
0.10406508382530502,0.060812360915946904,1.9778736349480852,5.155523958950314e-08
0.2969472419017353,0.060812360915946904,1.9778736349480852,1.839941202912e-09
0.042041131661783575,0.060812360915946904,1.9778736349480852,6.062105051942963e-07
0.39326960651041987,0.060812360915946904,1.9778736349480852,5.311696737388768e-10
0.03360399684168917,0.060812360915946904,1.9778736349480852,1.0932150379347068e-06
0.027741474028988623,0.060812360915946904,1.9778736349480852,1.800467534165709e-06
0.04340818164164227,0.060812360915946904,1.9778736349480852,5.56795450517836e-07
0.03563334474939039,0.060812360915946904,1.9778736349480852,9.372529238279386e-07
0.43587739501972583,0.060812360915946904,1.9778736349480852,3.0927507138115324e-10
0.03130442208291931,0.060812360915946904,1.9778736349480852,1.3149850803020026e-06
0.03087515975540638,0.060812360915946904,1.9778736349480852,1.363049928628324e-06
0.04039083639288494,0.060812360915946904,1.9778736349480852,6.73991385979933e-07
0.042509358734383704,0.060812360915946904,1.9778736349480852,5.886435526354457e-07
0.16308908194110114,0.060812360915946904,1.9778736349480852,1.4067041521541902e-08
0.008679214763070531,0.060812360915946904,1.9778736349480852,3.385585285432973e-05
0.22566408826532525,0.060812360915946904,1.9778736349480852,5.006691338232192e-09
0.014195567538451487,0.060812360915946904,1.9778736349480852,9.93313245650473e-06
0.8195125771283918,0.060812360915946904,1.9778736349480852,5.459422217085518e-13
0.005104500801497652,0.060812360915946904,1.9778736349480852,0.00012425527193429752
0.3557289327200108,0.060812360915946904,1.9778736349480852,8.562283897646826e-10
0.02785444431130937,0.060812360915946904,1.9778736349480852,1.7815967905639222e-06
0.0028326480814607853,0.060812360915946904,1.9778736349480852,0.0005123157643756397
0.2365433280632195,0.060812360915946904,1.9778736349480852,4.26113922129885e-09
0.9820454783850217,0.060812360915946904,1.9778736349480852,2.255768263781327e-17
0.00026094832704276916,0.060812360915946904,1.9778736349480852,0.12021851376484351
0.012625769804613121,0.060812360915946904,1.9778736349480852,1.3330158996808894e-05
0.05292597338741809,0.060812360915946904,1.9778736349480852,3.281008396488711e-07
0.2844084070061261,0.060812360915946904,1.9778736349480852,2.1772939498538145e-09
0.863631958357971,0.060812360915946904,1.9778736349480852,1.4767475875918316e-13
0.6385399597628554,0.060812360915946904,1.9778736349480852,1.9040358739395268e-11
0.10771328682305505,0.060812360915946904,1.9778736349480852,4.681591744906369e-08
0.04777807039192877,0.060812360915946904,1.9778736349480852,4.314269376601335e-07
0.04686261020601753,0.060812360915946904,1.9778736349480852,4.541970853068035e-07
0.19332076766877104,0.060812360915946904,1.9778736349480852,8.312491562248982e-09
0.2308123955304802,0.060812360915946904,1.9778736349480852,4.636630871303031e-09
0.24115212798143962,0.060812360915946904,1.9778736349480852,3.984346304940322e-09
0.03336235088723329,0.060812360915946904,1.9778736349480852,1.1140437640316993e-06
0.7473191907312325,0.060812360915946904,1.9778736349480852,2.8386779255057977e-12
0.33146967288821133,0.060812360915946904,1.9778736349480852,1.1696849281725013e-09
0.014623104895162716,0.060812360915946904,1.9778736349480852,9.220556430045237e-06
0.14119220605692287,0.060812360915946904,1.9778736349480852,2.157739742909312e-08
0.4370733408826949,0.060812360915946904,1.9778736349480852,3.045985813787037e-10
0.0002104795543898981,0.060812360915946904,1.9778736349480852,0.19241969770565626
0.002523148727960031,0.060812360915946904,1.9778736349480852,0.0006745445059823638
0.9451891862044635,0.060812360915946904,1.9778736349480852,2.6315182247547176e-15
0.3266786385317001,0.060812360915946904,1.9778736349480852,1.2446661618880251e-09
0.24398094640823703,0.060812360915946904,1.9778736349480852,3.82463977418364e-09
0.4898068249105534,0.060812360915946904,1.9778736349480852,1.5445563533939872e-10
0.011999728647840307,0.060812360915946904,1.9778736349480852,1.5137509438625065e-05
0.003749079633411356,0.060812360915946904,1.9778736349480852,0.00026193546676186796
0.2520961586624029,0.060812360915946904,1.9778736349480852,3.4052698712590014e-09
0.057136705160378144,0.060812360915946904,1.9778736349480852,2.6704382514803065e-07
0.27593083972903076,0.060812360915946904,1.9778736349480852,2.4433593731253535e-09
