x_1,x_2,eta,WQ
0.10812290430501088,0.060812360915946904,1.9778736349480852,4.632006640814744e-08
0.10812290430501088,0.016602281634299155,1.9778736349480852,1.295360679871073e-06
0.10812290430501088,0.03286970747449683,1.9778736349480852,2.38499985251953e-07
0.10812290430501088,0.17546558738749038,1.9778736349480852,2.097068627182425e-09
0.10812290430501088,0.24343179576945623,1.9778736349480852,7.017010218111777e-10
0.10812290430501088,0.8549296265146784,1.9778736349480852,3.98323743701849e-14
0.10812290430501088,0.18047352756662022,1.9778736349480852,1.9173939385881027e-09
0.10812290430501088,0.062387153927766635,1.9778736349480852,4.316618275968701e-08
0.10812290430501088,0.004878883076436263,1.9778736349480852,2.037061049947682e-05
0.10812290430501088,0.06734215140418838,1.9778736349480852,3.4910466532828507e-08
0.10812290430501088,0.03890543351256517,1.9778736349480852,1.538581440867507e-07
0.10812290430501088,0.014393708900295996,1.9778736349480852,1.816372147834794e-06
0.10812290430501088,0.12758586893458532,1.9778736349480852,5.565194500600586e-09
0.10812290430501088,0.5709221126195514,1.9778736349480852,9.768101444220688e-12
0.10812290430501088,0.16732920297186865,1.9778736349480852,2.435637598061832e-09
0.10812290430501088,0.10099202348715085,1.9778736349480852,1.1053860525757643e-08
0.10812290430501088,0.1509913301046668,1.9778736349480852,3.348545323422266e-09
0.10812290430501088,0.8125573401269063,1.9778736349480852,1.3160053742111358e-13
0.10812290430501088,0.48453285732077794,1.9778736349480852,3.064670531022879e-11
0.10812290430501088,0.31250300261510494,1.9778736349480852,2.710036510651451e-10
0.10812290430501088,0.02103166492422607,1.9778736349480852,7.315395674599481e-07
0.10812290430501088,0.01614661875637145,1.9778736349480852,1.3842715630968577e-06
0.10812290430501088,0.7966874676057425,1.9778736349480852,1.9395342777839474e-13
0.10812290430501088,0.07234615851121265,1.9778736349480852,2.859437466425793e-08
0.10812290430501088,0.04074912927356188,1.9778736349480852,1.3625644367697495e-07
0.10812290430501088,0.1430460778342502,1.9778736349480852,3.948572170568783e-09
0.10812290430501088,0.18868085948602772,1.9778736349480852,1.6619580054526668e-09
0.10812290430501088,0.2894049240972626,1.9778736349480852,3.684809230206754e-10
0.10812290430501088,0.04735412972012258,1.9778736349480852,9.136027425158434e-08
0.10812290430501088,0.7713075096354126,1.9778736349480852,3.4324686558441285e-13
0.10812290430501088,0.07935149644877267,1.9778736349480852,2.204123699691464e-08
0.10812290430501088,0.021373230866949124,1.9778736349480852,7.033009954534952e-07
0.10812290430501088,0.009713677017741746,1.9778736349480852,4.488358705796533e-06
0.10812290430501088,0.9248625447705522,1.9778736349480852,2.1123682637677665e-15
0.10812290430501088,0.05477167572401803,1.9778736349480852,6.16476706497903e-08
0.10812290430501088,0.20294755272643147,1.9778736349480852,1.3092296283176315e-09
0.10812290430501088,0.006351507237717547,1.9778736349480852,1.1490275221842214e-05
0.10812290430501088,0.23632644162860472,1.9778736349480852,7.792284923645227e-10
0.10812290430501088,0.1611227743826997,1.9778736349480852,2.740476915036638e-09
0.10812290430501088,0.24337600066675708,1.9778736349480852,7.022740386023642e-10
0.10812290430501088,0.6077075110845422,1.9778736349480852,5.803539334908713e-12
0.10812290430501088,0.33084045546355934,1.9778736349480852,2.1347172253707114e-10
0.10812290430501088,0.03561278126024868,1.9778736349480852,1.9380140785431142e-07
0.10812290430501088,0.6600823816282232,1.9778736349480852,2.6212013986075753e-12
0.10812290430501088,0.001212624381995384,1.9778736349480852,0.0005293284375499761
0.10812290430501088,0.3326724417388676,1.9778736349480852,2.0848567344497493e-10
0.10812290430501088,0.42058175728917946,1.9778736349480852,6.870474611785816e-11
0.10812290430501088,0.08353875810326931,1.9778736349480852,1.9048059159193273e-08
0.10812290430501088,0.13652747871207485,1.9778736349480852,4.5464068193708465e-09
0.10812290430501088,0.8635426138696001,1.9778736349480852,3.009957664358397e-14
0.10812290430501088,0.03614993066251627,1.9778736349480852,1.863847496288055e-07
0.10812290430501088,0.06723049807308579,1.9778736349480852,3.5072079494248165e-08
0.10812290430501088,0.0587710226996706,1.9778736349480852,5.086547107852761e-08
0.10812290430501088,0.21080032778666066,1.9778736349480852,1.1535676059647115e-09
0.10812290430501088,0.0004905667942297935,1.9778736349480852,0.005546635529401945
0.10812290430501088,0.002005922509875314,1.9778736349480852,0.0001506656334950054
0.10812290430501088,0.004297855074225203,1.9778736349480852,2.6820969839075084e-05
0.10812290430501088,0.40488452941998193,1.9778736349480852,8.362590063233356e-11
0.10812290430501088,0.020368558110819893,1.9778736349480852,7.910331166044369e-07
0.10812290430501088,0.12427240328419187,1.9778736349480852,6.016368886553945e-09
0.10812290430501088,0.08916893543172166,1.9778736349480852,1.5826321293758026e-08
0.10812290430501088,0.3200235914840532,1.9778736349480852,2.4561994155833984e-10
0.10812290430501088,0.3915929775469468,1.9778736349480852,9.87819835035695e-11
0.10812290430501088,0.38028061543598846,1.9778736349480852,1.1385731793056736e-10
0.10812290430501088,0.0017462758294978708,1.9778736349480852,0.00021101061717569708
0.10812290430501088,0.5568055322647796,1.9778736349480852,1.1852111016449262e-11
0.10812290430501088,0.7732328326697032,1.9778736349480852,3.2931546646497193e-13
0.10812290430501088,0.011152910393421606,1.9778736349480852,3.278538351244456e-06
0.10812290430501088,0.2997087123875553,1.9778736349480852,3.2094896882980147e-10
0.10812290430501088,0.04020365472411045,1.9778736349480852,1.4117540767787667e-07
0.10812290430501088,0.05346621428364508,1.9778736349480852,6.583695849031957e-08
0.10812290430501088,0.1805072721853344,1.9778736349480852,1.916248797116101e-09
0.10812290430501088,0.698625590236206,1.9778736349480852,1.3832941901908133e-12
0.10812290430501088,0.4671847436673511,1.9778736349480852,3.8219951806021374e-11
0.10812290430501088,0.8001897507237586,1.9778736349480852,1.7844958115409034e-13
0.10812290430501088,0.13897370386356672,1.9778736349480852,4.309055460254555e-09
0.10812290430501088,0.002118490660531839,1.9778736349480852,0.000132233954677431
0.10812290430501088,0.5031530094644764,1.9778736349480852,2.411714180580458e-11
0.10812290430501088,0.02889427113414531,1.9778736349480852,3.3149763453232364e-07
0.10812290430501088,0.14351903579081993,1.9778736349480852,3.909266653335168e-09
0.10812290430501088,0.6100200739655316,1.9778736349480852,5.611506775155184e-12
0.10812290430501088,0.0685875158248784,1.9778736349480852,3.3175038845944976e-08
0.10812290430501088,0.47141327672543476,1.9778736349480852,3.622298163373774e-11
0.10812290430501088,0.983104497110237,1.9778736349480852,3.554419620724059e-18
0.10812290430501088,0.9918632697322355,1.9778736349480852,2.1158822087247427e-19
0.10812290430501088,0.019081926699678203,1.9778736349480852,9.273104530194341e-07
0.10812290430501088,0.014124311324655879,1.9778736349480852,1.8984333596745214e-06
0.10812290430501088,0.010869124020829391,1.9778736349480852,3.4772857683993385e-06
0.10812290430501088,0.05436798525528001,1.9778736349480852,6.290366688735834e-08
0.10812290430501088,0.517515233747791,1.9778736349480852,2.0006275162966283e-11
0.10812290430501088,0.04616182753615562,1.9778736349480852,9.779759677256196e-08
0.10812290430501088,0.010698941247969003,1.9778736349480852,3.6046738983152656e-06
0.10812290430501088,0.06344123670757834,1.9778736349480852,4.120942366470254e-08
0.10812290430501088,0.6703161058853234,1.9778736349480852,2.2235191174462174e-12
0.10812290430501088,0.00410136109242325,1.9778736349480852,2.96956957699081e-05
0.10812290430501088,0.03382964016469123,1.9778736349480852,2.214478643361286e-07
0.10812290430501088,0.03643454497902074,1.9778736349480852,1.8261057800433413e-07
0.10812290430501088,0.020600784519328567,1.9778736349480852,7.694509722792787e-07
0.10812290430501088,0.0016920761636977366,1.9778736349480852,0.00022806108516200193
0.10812290430501088,0.010351176002520661,1.9778736349480852,3.886212118312686e-06
0.10812290430501088,0.71437752293224,1.9778736349480852,1.0473309974457021e-12
0.10812290430501088,0.012881293368222885,1.9778736349480852,2.353632131844831e-06
0.10812290430501088,0.00040987855692843113,1.9778736349480852,0.008753848334653688
0.10812290430501088,0.04290185206874219,1.9778736349480852,1.1888797944538902e-07
0.10812290430501088,0.12992932842371213,1.9778736349480852,5.272770368882011e-09
0.10812290430501088,0.028931752137132425,1.9778736349480852,3.3040596446869454e-07
0.10812290430501088,0.803406313922382,1.9778736349480852,1.6510370784546602e-13
0.10812290430501088,0.006194089260095748,1.9778736349480852,1.2136046121230165e-05
0.10812290430501088,0.771832279938585,1.9778736349480852,3.394027345246982e-13
0.10812290430501088,0.058276154513050356,1.9778736349480852,5.2054492636969566e-08
0.10812290430501088,0.35694664738581744,1.9778736349480852,1.5286753089325202e-10
0.10812290430501088,0.1384633722854661,1.9778736349480852,4.3572232132603394e-09
0.10812290430501088,0.007941573005243067,1.9778736349480852,7.03588653324534e-06
0.10812290430501088,0.0010891345387103986,1.9778736349480852,0.0006987119757488291
0.10812290430501088,0.7522054875231843,1.9778736349480852,5.102526811324089e-13
0.10812290430501088,0.5563408263895482,1.9778736349480852,1.192715378910848e-11
0.10812290430501088,0.23637114666215356,1.9778736349480852,7.787105820058044e-10
0.10812290430501088,0.051957668990466936,1.9778736349480852,7.116657179117374e-08
0.10812290430501088,0.041377007411186925,1.9778736349480852,1.3086583253114805e-07
0.10812290430501088,0.42339153938793705,1.9778736349480852,6.632921322221536e-11
0.10812290430501088,0.060050301745180966,1.9778736349480852,4.7952770408100506e-08
0.10812290430501088,0.03725974266698584,1.9778736349480852,1.7224278650636776e-07
0.10812290430501088,0.032588187201387356,1.9778736349480852,2.438249989256156e-07
0.10812290430501088,0.7515836366296008,1.9778736349480852,5.166648883965593e-13
0.10812290430501088,0.15445755499177727,1.9778736349480852,3.1230361501915895e-09
0.10812290430501088,0.007274150108998684,1.9778736349480852,8.538778219244402e-06
0.10812290430501088,0.24709519873997526,1.9778736349480852,6.652257461082096e-10
0.10812290430501088,0.03255425756946335,1.9778736349480852,2.4447735905757005e-07
0.10812290430501088,0.35568199110235404,1.9778736349480852,1.5534157712260797e-10
0.10812290430501088,0.03106943989040149,1.9778736349480852,2.7548048561779697e-07
0.10812290430501088,0.009978470125273687,1.9778736349480852,4.223569587688964e-06
0.10812290430501088,0.06243285513896179,1.9778736349480852,4.307886442503524e-08
0.10812290430501088,0.008865018870741821,1.9778736349480852,5.509890221147317e-06
0.10812290430501088,0.008284718242908804,1.9778736349480852,6.405995671048532e-06
0.10812290430501088,0.019641010729201172,1.9778736349480852,8.64407134878546e-07
0.10812290430501088,0.11057059883658535,1.9778736349480852,8.497634115516611e-09
0.10812290430501088,0.06444208782783302,1.9778736349480852,3.945771879746703e-08
0.10812290430501088,0.6409504395659631,1.9778736349480852,3.534316541707799e-12
0.10812290430501088,0.14946473083412715,1.9778736349480852,3.4543897749029457e-09
0.10812290430501088,0.004987453874619457,1.9778736349480852,1.9422040379663075e-05
0.10812290430501088,0.37115752440094363,1.9778736349480852,1.277204125814211e-10
0.10812290430501088,0.010458214375880716,1.9778736349480852,3.7963544787889303e-06
0.10812290430501088,0.0012381137744600498,1.9778736349480852,0.0005017527651608114
0.10812290430501088,0.026929220831488635,1.9778736349480852,3.9615736172949313e-07
0.10812290430501088,0.19686766577093526,1.9778736349480852,1.447227963206731e-09
0.10812290430501088,0.015196972808635908,1.9778736349480852,1.5986267542851887e-06
0.10812290430501088,0.02226566975623174,1.9778736349480852,6.361637955753489e-07
0.10812290430501088,0.7989277520933875,1.9778736349480852,1.8391763915761995e-13
0.10812290430501088,0.9184062537567835,1.9778736349480852,3.0296339926598417e-15
0.10812290430501088,0.14117128486470992,1.9778736349480852,4.109420116973878e-09
