x_1,x_2,eta,WQ
0.10812290430501088,0.060812360915946904,1.9778736349480852,4.632006640814744e-08
0.10812290430501088,0.060812360915946904,1.81235464880646,4.5195245036848267e-08
0.10812290430501088,0.060812360915946904,1.4518503344722922,4.1463087898748455e-08
0.10812290430501088,0.060812360915946904,0.8581551945385786,3.131213682795336e-08
0.10812290430501088,0.060812360915946904,1.7461253253208509,4.4651796572777916e-08
0.10812290430501088,0.060812360915946904,0.8452737270807362,3.107155381100968e-08
0.10812290430501088,0.060812360915946904,0.44604032264558624,2.5344498381284584e-08
0.10812290430501088,0.060812360915946904,2.307077338422113,4.778618845782983e-08
0.10812290430501088,0.060812360915946904,2.75536812019633,4.8768602495364995e-08
0.10812290430501088,0.060812360915946904,2.561660859820076,4.844379743569743e-08
0.10812290430501088,0.060812360915946904,2.713065845427497,4.870766381018361e-08
0.10812290430501088,0.060812360915946904,0.13031047560052444,2.533788519706283e-08
0.10812290430501088,0.060812360915946904,0.8892712112335821,3.1897939719731634e-08
0.10812290430501088,0.060812360915946904,0.7694141395663485,2.9690056398569257e-08
0.10812290430501088,0.060812360915946904,2.6111623454458806,4.8538662562595016e-08
0.10812290430501088,0.060812360915946904,1.3156259269478556,3.951695031180981e-08
0.10812290430501088,0.060812360915946904,0.7036506398718485,2.8564505305547928e-08
0.10812290430501088,0.060812360915946904,1.3369121136216773,3.984091099066098e-08
0.10812290430501088,0.060812360915946904,1.6545067943995138,4.3800560403231545e-08
0.10812290430501088,0.060812360915946904,1.6597670845299828,4.3852718500842904e-08
0.10812290430501088,0.060812360915946904,0.7022546233799938,2.854156041001611e-08
0.10812290430501088,0.060812360915946904,2.4641851824871184,4.822857095386902e-08
0.10812290430501088,0.060812360915946904,1.09687477845573,3.5808989999425947e-08
0.10812290430501088,0.060812360915946904,1.0280398072053023,3.4531182380221296e-08
0.10812290430501088,0.060812360915946904,1.1520436913960492,3.680200251392903e-08
0.10812290430501088,0.060812360915946904,2.4064493049514306,4.8080973763282796e-08
0.10812290430501088,0.060812360915946904,0.6212642056584858,2.7294468483972864e-08
0.10812290430501088,0.060812360915946904,2.333398143635315,4.786967982652415e-08
0.10812290430501088,0.060812360915946904,1.1432760232821422,3.664640246399308e-08
0.10812290430501088,0.060812360915946904,1.555523173347216,4.274045187527213e-08
0.10812290430501088,0.060812360915946904,1.6167516205810644,4.341401102480257e-08
0.10812290430501088,0.060812360915946904,2.2089233856201815,4.7436330317381156e-08
0.10812290430501088,0.060812360915946904,2.256184258170557,4.761270061516021e-08
0.10812290430501088,0.060812360915946904,0.9211653069827928,3.250301510921329e-08
0.10812290430501088,0.060812360915946904,2.016318820033246,4.6538905344591284e-08
0.10812290430501088,0.060812360915946904,0.9925828218448256,3.386143581028434e-08
0.10812290430501088,0.060812360915946904,2.468852498078541,4.823981235097336e-08
0.10812290430501088,0.060812360915946904,0.9188137960011553,3.245830308369365e-08
0.10812290430501088,0.060812360915946904,2.6713974248668997,4.864255149072903e-08
0.10812290430501088,0.060812360915946904,2.2118749502608925,4.744779871236592e-08
0.10812290430501088,0.060812360915946904,2.5366403419006147,4.839231196228631e-08
0.10812290430501088,0.060812360915946904,2.5047482164345776,4.832301499123747e-08
0.10812290430501088,0.060812360915946904,2.2267353809790578,4.750460635378578e-08
0.10812290430501088,0.060812360915946904,2.954196396835307,4.8996430424894823e-08
0.10812290430501088,0.060812360915946904,1.5749117729435549,4.296010267542026e-08
0.10812290430501088,0.060812360915946904,2.3529568140175474,4.792911793016722e-08
0.10812290430501088,0.060812360915946904,1.0826268272670847,3.554759265894293e-08
0.10812290430501088,0.060812360915946904,2.332670626157667,4.7867426739826486e-08
0.10812290430501088,0.060812360915946904,0.6738677850089649,2.8084903262682726e-08
0.10812290430501088,0.060812360915946904,1.480449244356235,4.183297492901256e-08
0.10812290430501088,0.060812360915946904,1.1804866281284787,3.73004379396398e-08
0.10812290430501088,0.060812360915946904,0.10695681091637788,2.5525946866646395e-08
0.10812290430501088,0.060812360915946904,2.2462830597951795,4.757700961997527e-08
0.10812290430501088,0.060812360915946904,2.7430514935163948,4.875137294387449e-08
0.10812290430501088,0.060812360915946904,2.0449346276807248,4.669249835936129e-08
0.10812290430501088,0.060812360915946904,2.7555950406045993,4.876891608027552e-08
0.10812290430501088,0.060812360915946904,2.5846899848299323,4.848905307119665e-08
0.10812290430501088,0.060812360915946904,2.7014682118057145,4.8690065164107974e-08
0.10812290430501088,0.060812360915946904,0.9582699426219952,3.3209296429233593e-08
0.10812290430501088,0.060812360915946904,0.7184018067070883,2.8809568127817532e-08
0.10812290430501088,0.060812360915946904,2.74048999562164,4.8747737652188714e-08
0.10812290430501088,0.060812360915946904,2.167945145587958,4.727055436840074e-08
0.10812290430501088,0.060812360915946904,2.138198594574542,4.714224342772699e-08
0.10812290430501088,0.060812360915946904,0.050027282981627064,2.608152115959053e-08
0.10812290430501088,0.060812360915946904,0.0864444215563327,2.571062819685876e-08
0.10812290430501088,0.060812360915946904,0.905823409438117,3.221154490356237e-08
0.10812290430501088,0.060812360915946904,0.9918390446970218,3.384733138183254e-08
0.10812290430501088,0.060812360915946904,1.203385005580864,3.769425469376022e-08
0.10812290430501088,0.060812360915946904,1.5295956443820853,4.2437353124526034e-08
0.10812290430501088,0.060812360915946904,0.5864249159263717,2.6816651010503426e-08
0.10812290430501088,0.060812360915946904,0.8087363843445043,3.039750884376386e-08
0.10812290430501088,0.060812360915946904,1.841110134388531,4.541364939852578e-08
0.10812290430501088,0.060812360915946904,2.2571981074652703,4.761631859874508e-08
0.10812290430501088,0.060812360915946904,2.120829185545067,4.706407030730299e-08
0.10812290430501088,0.060812360915946904,0.8183103742371309,3.057277705867943e-08
0.10812290430501088,0.060812360915946904,2.9261477328581735,4.896939883948472e-08
0.10812290430501088,0.060812360915946904,0.7623264932243168,2.9564963681524326e-08
0.10812290430501088,0.060812360915946904,2.3830717704429736,4.8016482542335555e-08
0.10812290430501088,0.060812360915946904,1.391410493853661,4.063705889706653e-08
0.10812290430501088,0.060812360915946904,0.19721681348888875,2.493643685163352e-08
0.10812290430501088,0.060812360915946904,2.3064707172621506,4.778421554753755e-08
0.10812290430501088,0.060812360915946904,1.1531890819847679,3.682226366782895e-08
0.10812290430501088,0.060812360915946904,2.7694916326604218,4.878785884761703e-08
0.10812290430501088,0.060812360915946904,2.306705848787031,4.778498052858918e-08
0.10812290430501088,0.060812360915946904,1.512933800180532,4.22368566995903e-08
0.10812290430501088,0.060812360915946904,1.1519228481783579,3.6799863982829214e-08
0.10812290430501088,0.060812360915946904,1.684705840709892,4.4094450160259946e-08
0.10812290430501088,0.060812360915946904,2.5460728120684433,4.84120114521215e-08
0.10812290430501088,0.060812360915946904,1.4929372724931238,4.199027856676231e-08
0.10812290430501088,0.060812360915946904,2.821013305314763,4.885378464161704e-08
0.10812290430501088,0.060812360915946904,1.6905124461041248,4.4149432583269024e-08
0.10812290430501088,0.060812360915946904,2.658336405321892,4.862103825860566e-08
0.10812290430501088,0.060812360915946904,0.17101766339877056,2.5068800693264247e-08
0.10812290430501088,0.060812360915946904,0.4970083048611893,2.578724382696734e-08
0.10812290430501088,0.060812360915946904,2.2170692427714886,4.7467831356752736e-08
0.10812290430501088,0.060812360915946904,2.806477836180484,4.883585027629347e-08
0.10812290430501088,0.060812360915946904,0.8250321963269038,3.069644074794472e-08
0.10812290430501088,0.060812360915946904,0.7069364159389546,2.8618681974805036e-08
0.10812290430501088,0.060812360915946904,1.9458876023096563,4.612654813912448e-08
0.10812290430501088,0.060812360915946904,2.7842215531440555,4.880738654330999e-08
0.10812290430501088,0.060812360915946904,1.866720792082338,4.5599640463776806e-08
0.10812290430501088,0.060812360915946904,1.4472123417035077,4.1401833312102205e-08
0.10812290430501088,0.060812360915946904,2.4692169420785093,4.824068594231589e-08
0.10812290430501088,0.060812360915946904,2.6132629685827586,4.8542492099494254e-08
0.10812290430501088,0.060812360915946904,2.287374610513384,4.772095862533254e-08
0.10812290430501088,0.060812360915946904,0.9024977135743795,3.2148451886708294e-08
0.10812290430501088,0.060812360915946904,0.8810875592592593,3.174333152083723e-08
0.10812290430501088,0.060812360915946904,0.3383391562497806,2.4798086146687484e-08
0.10812290430501088,0.060812360915946904,0.9609913322735424,3.3261095633739076e-08
0.10812290430501088,0.060812360915946904,2.295135538834756,4.774693803285782e-08
0.10812290430501088,0.060812360915946904,1.1963680732685995,3.757430783879354e-08
0.10812290430501088,0.060812360915946904,1.7345972633982685,4.455120769282296e-08
0.10812290430501088,0.060812360915946904,2.2809466377036913,4.769915628214457e-08
0.10812290430501088,0.060812360915946904,1.7251836671564995,4.446770891531423e-08
0.10812290430501088,0.060812360915946904,0.22467472370995045,2.483296942870253e-08
0.10812290430501088,0.060812360915946904,1.034861775787252,3.46593182104077e-08
0.10812290430501088,0.060812360915946904,0.2527272804099989,2.4765154031178035e-08
0.10812290430501088,0.060812360915946904,0.3329149338492994,2.478527512830506e-08
0.10812290430501088,0.060812360915946904,2.613885097379189,4.854362330284428e-08
0.10812290430501088,0.060812360915946904,1.3103325302759221,3.943527379379141e-08
0.10812290430501088,0.060812360915946904,0.39032355353948134,2.4993350861775953e-08
0.10812290430501088,0.060812360915946904,1.701543653748762,4.425254991987998e-08
0.10812290430501088,0.060812360915946904,1.1151409919228603,3.614130581497678e-08
0.10812290430501088,0.060812360915946904,1.2403549279243156,3.831504168129371e-08
0.10812290430501088,0.060812360915946904,2.7615399319632314,4.8777082355714716e-08
0.10812290430501088,0.060812360915946904,1.110776917379409,3.606221019240683e-08
0.10812290430501088,0.060812360915946904,1.045068937180379,3.4850507376231366e-08
0.10812290430501088,0.060812360915946904,1.1565272722489945,3.6881225481616376e-08
0.10812290430501088,0.060812360915946904,1.2490001131132555,3.8457408681265796e-08
0.10812290430501088,0.060812360915946904,0.3150871920806977,2.475335269426592e-08
0.10812290430501088,0.060812360915946904,0.31884532067094984,2.475878045864082e-08
0.10812290430501088,0.060812360915946904,2.3774883176795125,4.800065541278312e-08
0.10812290430501088,0.060812360915946904,2.9704419307572896,4.901142016227589e-08
0.10812290430501088,0.060812360915946904,0.7471077878326056,2.929920718809101e-08
0.10812290430501088,0.060812360915946904,0.16562109884369125,2.510008219189271e-08
0.10812290430501088,0.060812360915946904,0.9990535948809747,3.398406174762602e-08
0.10812290430501088,0.060812360915946904,0.433955802886806,2.525623767567734e-08
0.10812290430501088,0.060812360915946904,1.2909535381616115,3.9132517551721116e-08
0.10812290430501088,0.060812360915946904,2.5496638022052194,4.84194182332952e-08
0.10812290430501088,0.060812360915946904,0.8151089826653464,3.051405344300726e-08
0.10812290430501088,0.060812360915946904,0.3524922919999125,2.4838288180849597e-08
0.10812290430501088,0.060812360915946904,1.297958924610458,3.924263656654171e-08
0.10812290430501088,0.060812360915946904,2.234579594681259,4.753397381692285e-08
0.10812290430501088,0.060812360915946904,1.777407588088313,4.491568193738265e-08
0.10812290430501088,0.060812360915946904,2.331371942767971,4.786339716406043e-08
0.10812290430501088,0.060812360915946904,1.1511488816423026,3.678616323510631e-08
0.10812290430501088,0.060812360915946904,2.0852544470336927,4.689614697982709e-08
0.10812290430501088,0.060812360915946904,1.0917316693250088,3.571484504595815e-08
0.10812290430501088,0.060812360915946904,1.358897202037294,4.0167886929388706e-08
0.10812290430501088,0.060812360915946904,2.3896884026152083,4.8035024556415216e-08
0.10812290430501088,0.060812360915946904,-2.630397460408613,4.918252575689836e-08
0.10812290430501088,0.060812360915946904,-2.68835275474682,4.921379481347986e-08
0.10812290430501088,0.060812360915946904,-1.888777200788877,4.8228734309365174e-08
0.10812290430501088,0.060812360915946904,-2.969262720210783,4.93234735344843e-08
0.10812290430501088,0.060812360915946904,-2.998711434679654,4.933181502394627e-08
0.10812290430501088,0.060812360915946904,-2.8664808085874993,4.92902186540945e-08
0.10812290430501088,0.060812360915946904,-1.132056329986633,4.430779806013822e-08
0.10812290430501088,0.060812360915946904,-2.0581577834959273,4.857883597698037e-08
0.10812290430501088,0.060812360915946904,-2.1862841752585656,4.8777382418412375e-08
0.10812290430501088,0.060812360915946904,-0.5375734439282542,3.6103413237923394e-08
0.10812290430501088,0.060812360915946904,-2.531913918973183,4.912044510962409e-08
0.10812290430501088,0.060812360915946904,-2.489254076735096,4.9089576739123586e-08
0.10812290430501088,0.060812360915946904,-2.408827258503016,4.9023837081921196e-08
0.10812290430501088,0.060812360915946904,-2.175461986948572,4.876245196766065e-08
0.10812290430501088,0.060812360915946904,-2.0597349305793617,4.8581590831096234e-08
0.10812290430501088,0.060812360915946904,-1.7019470967439199,4.768709282881119e-08
0.10812290430501088,0.060812360915946904,-0.6612537980529067,3.8255013795465795e-08
0.10812290430501088,0.060812360915946904,-2.708899055222651,4.922404703349615e-08
0.10812290430501088,0.060812360915946904,-0.3230802914984561,3.2073718687475865e-08
0.10812290430501088,0.060812360915946904,-1.3597588167450394,4.605969719138998e-08
0.10812290430501088,0.060812360915946904,-1.9515981405415208,4.837196604907469e-08
0.10812290430501088,0.060812360915946904,-2.7300665826291706,4.923418196347957e-08
0.10812290430501088,0.060812360915946904,-0.539443636630712,3.613728969930785e-08
0.10812290430501088,0.060812360915946904,-0.4125633965861448,3.377524064728155e-08
0.10812290430501088,0.060812360915946904,-1.9086888106827256,4.8275999450269815e-08
0.10812290430501088,0.060812360915946904,-2.1091461273863996,4.8663787348836715e-08
0.10812290430501088,0.060812360915946904,-1.4860899180352003,4.677826602882308e-08
0.10812290430501088,0.060812360915946904,-1.2897932185352106,4.5589305398022714e-08
0.10812290430501088,0.060812360915946904,-2.791885096634069,4.926145943215654e-08
0.10812290430501088,0.060812360915946904,-2.7483668037051494,4.924260798303036e-08
0.10812290430501088,0.060812360915946904,-2.598402885965208,4.9163665430208105e-08
0.10812290430501088,0.060812360915946904,-1.9310193606781658,4.83269203294199e-08
0.10812290430501088,0.060812360915946904,-1.4634962335692179,4.6661127850891785e-08
0.10812290430501088,0.060812360915946904,-0.6459436503998397,3.799946368846807e-08
0.10812290430501088,0.060812360915946904,-2.072908337601979,4.860427700984562e-08
0.10812290430501088,0.060812360915946904,-2.950388092936823,4.93178645773353e-08
0.10812290430501088,0.060812360915946904,-2.0666977092418977,4.859365334354551e-08
0.10812290430501088,0.060812360915946904,-2.292856897345443,4.890876798796482e-08
0.10812290430501088,0.060812360915946904,-1.4225855356156663,4.643680412251249e-08
0.10812290430501088,0.060812360915946904,-1.6798267686831574,4.7609547706923426e-08
0.10812290430501088,0.060812360915946904,-2.981959482097345,4.932712992927378e-08
0.10812290430501088,0.060812360915946904,-2.5768149162687317,4.9150249262393095e-08
0.10812290430501088,0.060812360915946904,-1.7013980580201542,4.768520626182962e-08
0.10812290430501088,0.060812360915946904,-0.6018704875049692,3.724589380092462e-08
0.10812290430501088,0.060812360915946904,-2.1256640136831635,4.8689560618764e-08
0.10812290430501088,0.060812360915946904,-1.6225388524045696,4.739340151716608e-08
0.10812290430501088,0.060812360915946904,-1.9329339181235365,4.833118617228738e-08
0.10812290430501088,0.060812360915946904,-2.4140873169548343,4.90284614349289e-08
0.10812290430501088,0.060812360915946904,-2.854577146586845,4.9285910008876065e-08
0.10812290430501088,0.060812360915946904,-2.9729671233714625,4.9324549876373545e-08
0.10812290430501088,0.060812360915946904,-0.08462715779050756,2.787068882905824e-08
0.10812290430501088,0.060812360915946904,-1.2488372021864607,4.528732080806946e-08
0.10812290430501088,0.060812360915946904,-2.2646071106968715,4.887655521721975e-08
0.10812290430501088,0.060812360915946904,-2.011791600087779,4.8493994232715105e-08
0.10812290430501088,0.060812360915946904,-2.782660050000711,4.925759798763257e-08
0.10812290430501088,0.060812360915946904,-2.2725930850720713,4.8885842372044016e-08
0.10812290430501088,0.060812360915946904,-0.9691640596645072,4.2614532488579885e-08
0.10812290430501088,0.060812360915946904,-2.597363573754464,4.916303255458629e-08
0.10812290430501088,0.060812360915946904,-0.48491185559342,3.5136119437169016e-08
0.10812290430501088,0.060812360915946904,-1.6572741555530834,4.752716066863064e-08
0.10812290430501088,0.060812360915946904,-1.2043250967681038,4.4935331579710396e-08
0.10812290430501088,0.060812360915946904,-2.325528805569225,4.894387160564765e-08
0.10812290430501088,0.060812360915946904,-2.5247288095688734,4.9115426039291956e-08
0.10812290430501088,0.060812360915946904,-0.9092347701798804,4.188693551793521e-08
0.10812290430501088,0.060812360915946904,-1.0956822192710298,4.396425932035537e-08
0.10812290430501088,0.060812360915946904,-1.3900782617676408,4.6246791029814964e-08
0.10812290430501088,0.060812360915946904,-2.4347941571896587,4.9046208456150365e-08
0.10812290430501088,0.060812360915946904,-2.937117854335895,4.9313793172136985e-08
0.10812290430501088,0.060812360915946904,-0.6918651797973925,3.8755799415701706e-08
0.10812290430501088,0.060812360915946904,-2.8240774305930745,4.927439435178368e-08
0.10812290430501088,0.060812360915946904,-2.78671297898345,4.9259303176165745e-08
0.10812290430501088,0.060812360915946904,-2.4749176523850998,4.907860692079398e-08
0.10812290430501088,0.060812360915946904,-2.7201005059340053,4.9229463149741074e-08
0.10812290430501088,0.060812360915946904,-0.4057833064479359,3.364651241007689e-08
0.10812290430501088,0.060812360915946904,-1.5237633083756006,4.6963435767467984e-08
0.10812290430501088,0.060812360915946904,-0.1135039698594924,2.832560350899758e-08
0.10812290430501088,0.060812360915946904,-2.906082639282636,4.930384152119005e-08
0.10812290430501088,0.060812360915946904,-2.1085261705972727,4.8662803886096946e-08
0.10812290430501088,0.060812360915946904,-1.7362268720501497,4.780115747264171e-08
0.10812290430501088,0.060812360915946904,-0.1480169045504609,2.8895210909978694e-08
0.10812290430501088,0.060812360915946904,-2.569135779236509,4.9145337385683e-08
0.10812290430501088,0.060812360915946904,-1.819370650120414,4.804931908379951e-08
0.10812290430501088,0.060812360915946904,-1.0946590761070256,4.3954318460945007e-08
0.10812290430501088,0.060812360915946904,-2.1340531519439274,4.870233820718677e-08
0.10812290430501088,0.060812360915946904,-1.538862289252523,4.7034222154296244e-08
0.10812290430501088,0.060812360915946904,-0.8125500744632603,4.058902002728353e-08
0.10812290430501088,0.060812360915946904,-2.124801895707667,4.868823571702626e-08
0.10812290430501088,0.060812360915946904,-1.4762335544997498,4.672774001481434e-08
0.10812290430501088,0.060812360915946904,-0.9406330203228541,4.227540590521442e-08
0.10812290430501088,0.060812360915946904,-1.2919688883961444,4.560478140558644e-08
0.10812290430501088,0.060812360915946904,-2.7693169250853384,4.925188633140258e-08
0.10812290430501088,0.060812360915946904,-0.7783496639240832,4.0093145057279065e-08
0.10812290430501088,0.060812360915946904,-2.3246228739841985,4.894292818464638e-08
0.10812290430501088,0.060812360915946904,-0.4225150336957273,3.3963926502863365e-08
0.10812290430501088,0.060812360915946904,-2.99405116507016,4.93305272967686e-08
0.10812290430501088,0.060812360915946904,-2.7974890210679155,4.926377087984141e-08
0.10812290430501088,0.060812360915946904,-0.9854089446567982,4.280178550218998e-08
0.10812290430501088,0.060812360915946904,-0.6613315888587699,3.8256303729967114e-08
0.10812290430501088,0.060812360915946904,-2.8781702137041165,4.9294351797157054e-08
0.10812290430501088,0.060812360915946904,-0.6869946351805858,3.8677045762936565e-08
0.10812290430501088,0.060812360915946904,-1.5200878570782024,4.694591308899101e-08
0.10812290430501088,0.060812360915946904,-0.8563875700179673,4.11965848534304e-08
0.10812290430501088,0.060812360915946904,-0.016640154691585085,2.689199460950869e-08
0.10812290430501088,0.060812360915946904,-2.175984534421941,4.876318011681438e-08
0.10812290430501088,0.060812360915946904,-0.7489396890360083,3.9651590171277194e-08
0.10812290430501088,0.060812360915946904,-2.402805691558776,4.9018484280872054e-08
0.10812290430501088,0.060812360915946904,-2.2391680320562326,4.884598790993797e-08
0.10812290430501088,0.060812360915946904,-2.2783453185987317,4.889244269309219e-08
0.10812290430501088,0.060812360915946904,-2.218150624735665,4.881956477861305e-08
0.10812290430501088,0.060812360915946904,-2.7656994949767926,4.925031164479546e-08
0.10812290430501088,0.060812360915946904,-2.905216166366196,4.9303554780032654e-08
0.10812290430501088,0.060812360915946904,-0.6580760952068809,3.820224672645933e-08
0.10812290430501088,0.060812360915946904,-0.8320952446710148,4.086381304457959e-08
0.10812290430501088,0.060812360915946904,-2.337565931909052,4.895624934779692e-08
0.10812290430501088,0.060812360915946904,-1.0804509794344839,4.3814677798601574e-08
0.10812290430501088,0.060812360915946904,-2.485974845664775,4.908709480654981e-08
0.10812290430501088,0.060812360915946904,-1.4771600854062226,4.673252725136635e-08
0.10812290430501088,0.060812360915946904,-2.474942131537621,4.9078625916621503e-08
0.10812290430501088,0.060812360915946904,-1.4360170827004028,4.6512232080208476e-08
0.10812290430501088,0.060812360915946904,-2.482507325973434,4.908445287559703e-08
0.10812290430501088,0.060812360915946904,-2.5976376613450762,4.9163199582799824e-08
0.10812290430501088,0.060812360915946904,-1.81887215206976,4.804794356538752e-08
0.10812290430501088,0.060812360915946904,-2.684915403467486,4.921203855637391e-08
0.10812290430501088,0.060812360915946904,-1.8236732112674912,4.806113774281727e-08
0.10812290430501088,0.060812360915946904,-1.0312378016895825,4.330758449083429e-08
0.10812290430501088,0.060812360915946904,-1.9820220758609812,4.843540063045232e-08
0.10812290430501088,0.060812360915946904,-1.1930259172978848,4.484188630326051e-08
0.10812290430501088,0.060812360915946904,-1.981113697275244,4.8433559629169804e-08
0.10812290430501088,0.060812360915946904,-1.154441435342035,4.450984684207774e-08
0.10812290430501088,0.060812360915946904,-2.6082328537637767,4.916958743904309e-08
0.10812290430501088,0.060812360915946904,-2.79369099657764,4.926220711786074e-08
0.10812290430501088,0.060812360915946904,-0.9006522198517546,4.1777944318961685e-08
0.10812290430501088,0.060812360915946904,-0.2757787755318777,3.118308687596308e-08
0.10812290430501088,0.060812360915946904,-2.4393422555521402,4.905001066499864e-08
0.10812290430501088,0.060812360915946904,-0.9474262914249412,4.2357344308190454e-08
0.10812290430501088,0.060812360915946904,-0.35883648411572766,3.275315905854535e-08
0.10812290430501088,0.060812360915946904,-1.8813008578048094,4.8210520845203277e-08
0.10812290430501088,0.060812360915946904,-2.4047709686824157,4.902023825247434e-08
0.10812290430501088,0.060812360915946904,-2.692737586334388,4.921601789687273e-08
0.10812290430501088,0.060812360915946904,-2.4059241919549823,4.902126433532022e-08
0.10812290430501088,0.060812360915946904,-1.0685916388231869,4.369582549768683e-08
0.10812290430501088,0.060812360915946904,-1.693108886982398,4.7656489417230484e-08
0.10812290430501088,0.060812360915946904,-2.950429040655565,4.931787697493568e-08
0.10812290430501088,0.060812360915946904,-1.8242789499871153,4.80627939629762e-08
0.10812290430501088,0.060812360915946904,-1.3140118706044972,4.575844513466067e-08
0.10812290430501088,0.060812360915946904,-1.9232354683710853,4.8309415812184175e-08
0.10812290430501088,0.060812360915946904,-2.191120692690374,4.8783954105186544e-08
0.10812290430501088,0.060812360915946904,-0.5282036371070213,3.593316228805358e-08
0.10812290430501088,0.060812360915946904,-1.3355669260657523,4.5903300787331194e-08
0.10812290430501088,0.060812360915946904,-2.2356569381944515,4.884164868708165e-08
