x_1,x_2,eta,WQ
0.10812290430501088,0.05292597338741809,1.1930739992194652,5.3535028588416026e-08
0.5792257881704496,0.05292597338741809,1.1930739992194652,4.817801478362029e-11
0.5603795105485339,0.05292597338741809,1.1930739992194652,6.226361472270347e-11
0.3734457788918861,0.05292597338741809,1.1930739992194652,6.759986426232184e-10
0.0010482642374908388,0.05292597338741809,1.1930739992194652,0.007210984194468202
0.19098522837624252,0.05292597338741809,1.1930739992194652,9.119585116564914e-09
0.03225173089626425,0.05292597338741809,1.1930739992194652,1.5902737377811272e-06
0.07319921071261466,0.05292597338741809,1.1930739992194652,1.6602006530812666e-07
0.15881785149994015,0.05292597338741809,1.1930739992194652,1.6572220114053418e-08
0.008978000828981026,0.05292597338741809,1.1930739992194652,4.250118041501141e-05
0.016191810800555404,0.05292597338741809,1.1930739992194652,9.605406269066668e-06
0.22097498042538252,0.05292597338741809,1.1930739992194652,5.5477863173132285e-09
0.31296610768906796,0.05292597338741809,1.1930739992194652,1.4796897014171386e-09
0.44940308561557646,0.05292597338741809,1.1930739992194652,2.604190441294781e-10
0.3001483231173638,0.05292597338741809,1.1930739992194652,1.7575441889403932e-09
0.0010731651375132933,0.05292597338741809,1.1930739992194652,0.006831988458946896
0.004284073179486768,0.05292597338741809,1.1930739992194652,0.0002608890885907483
0.2637303695817371,0.05292597338741809,1.1930739992194652,2.917354413975995e-09
0.01278019242361315,0.05292597338741809,1.1930739992194652,1.7530328908127063e-05
0.01431248729466756,0.05292597338741809,1.1930739992194652,1.3156228012352957e-05
0.46733458508487835,0.05292597338741809,1.1930739992194652,2.078522437759218e-10
0.7650116797180205,0.05292597338741809,1.1930739992194652,2.2815902183503875e-12
0.09332069985006897,0.05292597338741809,1.1930739992194652,8.248998946100134e-08
0.007904363639803999,0.05292597338741809,1.1930739992194652,5.829504036366515e-05
0.2921742805468173,0.05292597338741809,1.1930739992194652,1.9590046939028416e-09
0.06308008252608492,0.05292597338741809,1.1930739992194652,2.529715945147285e-07
0.13719017089205066,0.05292597338741809,1.1930739992194652,2.6139167288016352e-08
0.42404052027699585,0.05292597338741809,1.1930739992194652,3.5781158280107906e-10
0.05265462134495447,0.05292597338741809,1.1930739992194652,4.189801262398177e-07
0.06511704710359609,0.05292597338741809,1.1930739992194652,2.3125168952016425e-07
0.1785637882067376,0.05292597338741809,1.1930739992194652,1.1378435800177664e-08
0.1527093914614631,0.05292597338741809,1.1930739992194652,1.8750201922393406e-08
0.015799751121640542,0.05292597338741809,1.1930739992194652,1.0227754190354007e-05
0.0021454882892891127,0.05292597338741809,1.1930739992194652,0.0013605781445327637
0.2940607413209196,0.05292597338741809,1.1930739992194652,1.909141947768536e-09
0.0590871209137872,0.05292597338741809,1.1930739992194652,3.039262239359727e-07
0.02365476853526505,0.05292597338741809,1.1930739992194652,3.606604761070377e-06
0.07000262642358195,0.05292597338741809,1.1930739992194652,1.8843398022225063e-07
0.015237594193013682,0.05292597338741809,1.1930739992194652,1.1220105038645653e-05
0.020950096798656784,0.05292597338741809,1.1930739992194652,4.947229355505886e-06
0.13391091457250773,0.05292597338741809,1.1930739992194652,2.8149074978420407e-08
0.0911360358808161,0.05292597338741809,1.1930739992194652,8.838311537255127e-08
0.022084522908727998,0.05292597338741809,1.1930739992194652,4.3150887933721955e-06
0.03558554235369462,0.05292597338741809,1.1930739992194652,1.2215636497889771e-06
0.014639754440280421,0.05292597338741809,1.1930739992194652,1.2423107009622002e-05
0.10464414971042428,0.05292597338741809,1.1930739992194652,5.895045229223153e-08
0.006782368814353492,0.05292597338741809,1.1930739992194652,8.505926527156353e-05
0.1142859956422198,0.05292597338741809,1.1930739992194652,4.540083406085274e-08
0.39402822067073445,0.05292597338741809,1.1930739992194652,5.213157053256689e-10
0.006459635228348884,0.05292597338741809,1.1930739992194652,9.589140352210024e-05
0.24058852196693103,0.05292597338741809,1.1930739992194652,4.098689111405157e-09
0.03866726040160062,0.05292597338741809,1.1930739992194652,9.76276082601246e-07
0.30577130795669377,0.05292597338741809,1.1930739992194652,1.6291985172766666e-09
0.3503627040989272,0.05292597338741809,1.1930739992194652,9.076021922156712e-10
0.3181816202447013,0.05292597338741809,1.1930739992194652,1.3806696867248495e-09
0.11064400679917348,0.05292597338741809,1.1930739992194652,5.000269997713898e-08
0.16459729316720043,0.05292597338741809,1.1930739992194652,1.4794086337374506e-08
0.14922018866928752,0.05292597338741809,1.1930739992194652,2.0155371852356453e-08
0.04278529424444972,0.05292597338741809,1.1930739992194652,7.416111363686562e-07
0.07117607046459215,0.05292597338741809,1.1930739992194652,1.7976737218464685e-07
0.06636168461148183,0.05292597338741809,1.1930739992194652,2.191885044652006e-07
0.0010866915148681124,0.05292597338741809,1.1930739992194652,0.006637873216790646
0.2087470861091064,0.05292597338741809,1.1930739992194652,6.7560365862806805e-09
0.12925897172867004,0.05292597338741809,1.1930739992194652,3.133839823656416e-08
0.3043253796966465,0.05292597338741809,1.1930739992194652,1.6611952884487929e-09
0.0521584014487323,0.05292597338741809,1.1930739992194652,4.3015268380050565e-07
0.03247457019447469,0.05292597338741809,1.1930739992194652,1.5613626771043547e-06
0.018510127086299247,0.05292597338741809,1.1930739992194652,6.8158785506370625e-06
0.09102345396592548,0.05292597338741809,1.1930739992194652,8.870121142839798e-08
0.0028129542267512605,0.05292597338741809,1.1930739992194652,0.000716022695365293
0.13721174185404433,0.05292597338741809,1.1930739992194652,2.6126544953715476e-08
0.7440331316337894,0.05292597338741809,1.1930739992194652,3.466854726146917e-12
0.55950108504725,0.05292597338741809,1.1930739992194652,6.30037175680617e-11
0.5228590091001672,0.05292597338741809,1.1930739992194652,1.0224114853956399e-10
0.026117205819926666,0.05292597338741809,1.1930739992194652,2.7816360463810664e-06
0.20313656252583281,0.05292597338741809,1.1930739992194652,7.413575960657076e-09
0.07694678062789483,0.05292597338741809,1.1930739992194652,1.439546469315625e-07
0.16000846224702747,0.05292597338741809,1.1930739992194652,1.618505972833051e-08
0.01574416384823447,0.05292597338741809,1.1930739992194652,1.032043375463611e-05
0.1205384451691657,0.05292597338741809,1.1930739992194652,3.8688941606009405e-08
0.0014548457589287104,0.05292597338741809,1.1930739992194652,0.0033794819054423636
0.19491451837364263,0.05292597338741809,1.1930739992194652,8.520712831030624e-09
0.019448477157311548,0.05292597338741809,1.1930739992194652,5.998266138474607e-06
0.007035417531272975,0.05292597338741809,1.1930739992194652,7.772210120663606e-05
0.02412134053725392,0.05292597338741809,1.1930739992194652,3.4265547264743493e-06
0.007022798474062315,0.05292597338741809,1.1930739992194652,7.806669201071384e-05
0.6340879016477537,0.05292597338741809,1.1930739992194652,2.198553513411874e-11
0.017549414934164818,0.05292597338741809,1.1930739992194652,7.815691609394456e-06
0.003847297527005223,0.05292597338741809,1.1930739992194652,0.00033820421210603374
0.00429925207387117,0.05292597338741809,1.1930739992194652,0.00025866681155074924
0.26984572000738566,0.05292597338741809,1.1930739992194652,2.673569361555719e-09
0.42266963210916236,0.05292597338741809,1.1930739992194652,3.6400489007834657e-10
0.0010369661964241559,0.05292597338741809,1.1930739992194652,0.00739282807139389
0.004520917810970083,0.05292597338741809,1.1930739992194652,0.00022902100452476475
0.55881450410694,0.05292597338741809,1.1930739992194652,6.358777453459845e-11
0.07179419769065756,0.05292597338741809,1.1930739992194652,1.754138705906688e-07
0.668113385999321,0.05292597338741809,1.1930739992194652,1.3021996297930363e-11
0.10406508382530502,0.05292597338741809,1.1930739992194652,5.992018055799837e-08
0.2969472419017353,0.05292597338741809,1.1930739992194652,1.8355349192612586e-09
0.042041131661783575,0.05292597338741809,1.1930739992194652,7.780336111888136e-07
