x_1,x_2,eta,WQ
0.10812290430501088,0.39326960651041987,1.1930739992194652,9.30427359658237e-11
0.10812290430501088,0.03360399684168917,1.1930739992194652,1.6380876683223412e-07
0.10812290430501088,0.027741474028988623,1.1930739992194652,2.5812111666596013e-07
0.10812290430501088,0.04340818164164227,1.1930739992194652,8.791965975649582e-08
0.10812290430501088,0.03563334474939039,1.1930739992194652,1.422496724021457e-07
0.10812290430501088,0.43587739501972583,1.1930739992194652,5.475675635458838e-11
0.10812290430501088,0.03130442208291931,1.1930739992194652,1.9390218888172904e-07
0.10812290430501088,0.03087515975540638,1.1930739992194652,2.0035194317910795e-07
0.10812290430501088,0.04039083639288494,1.1930739992194652,1.0497667389789602e-07
0.10812290430501088,0.042509358734383704,1.1930739992194652,9.25887611493142e-08
0.10812290430501088,0.16308908194110114,1.1930739992194652,2.412797799724191e-09
0.10812290430501088,0.008679214763070531,1.1930739992194652,4.2110447492544856e-06
0.10812290430501088,0.22566408826532525,1.1930739992194652,8.564561586012338e-10
0.10812290430501088,0.014195567538451487,1.1930739992194652,1.2433857970187614e-06
0.10812290430501088,0.8195125771283918,1.1930739992194652,1.0794712665109752e-13
0.10812290430501088,0.005104500801497652,1.1930739992194652,1.7288215137686526e-05
0.10812290430501088,0.3557289327200108,1.1930739992194652,1.487449362668616e-10
0.10812290430501088,0.02785444431130937,1.1930739992194652,2.5566062656666514e-07
0.10812290430501088,0.0028326480814607853,1.1930739992194652,8.620338706611302e-05
0.10812290430501088,0.2365433280632195,1.1930739992194652,7.291095052861534e-10
0.10812290430501088,0.9820454783850217,1.1930739992194652,4.488620344709545e-18
0.10812290430501088,0.00026094832704276916,1.1930739992194652,0.03173373035077069
0.10812290430501088,0.012625769804613121,1.1930739992194652,1.6494853194051323e-06
0.10812290430501088,0.05292597338741809,1.1930739992194652,5.3535028588416026e-08
0.10812290430501088,0.2844084070061261,1.1930739992194652,3.7390189509035877e-10
0.10812290430501088,0.863631958357971,1.1930739992194652,2.9474879841669663e-14
0.10812290430501088,0.6385399597628554,1.1930739992194652,3.579495746542501e-12
0.10812290430501088,0.10771328682305505,1.1930739992194652,8.049776186334003e-09
0.10812290430501088,0.04777807039192877,1.1930739992194652,6.927969452566977e-08
0.10812290430501088,0.04686261020601753,1.1930739992194652,7.26981324578259e-08
0.10812290430501088,0.19332076766877104,1.1930739992194652,1.4227446993205407e-09
0.10812290430501088,0.2308123955304802,1.1930739992194652,7.932308830961931e-10
0.10812290430501088,0.24115212798143962,1.1930739992194652,6.818664011302411e-10
0.10812290430501088,0.03336235088723329,1.1930739992194652,1.6666157550601836e-07
0.10812290430501088,0.7473191907312325,1.1930739992194652,5.509590247462289e-13
0.10812290430501088,0.33146967288821133,1.1930739992194652,2.0226291350923405e-10
0.10812290430501088,0.014623104895162716,1.1930739992194652,1.1585713666256508e-06
0.10812290430501088,0.14119220605692287,1.1930739992194652,3.7081675255422873e-09
0.10812290430501088,0.4370733408826949,1.1930739992194652,5.394585788874442e-11
0.10812290430501088,0.0002104795543898981,1.1930739992194652,0.05170837959973874
0.10812290430501088,0.002523148727960031,1.1930739992194652,0.00011777667844463133
0.10812290430501088,0.9451891862044635,1.1930739992194652,5.296401828342311e-16
0.10812290430501088,0.3266786385317001,1.1930739992194652,2.1504989217881294e-10
0.10812290430501088,0.24398094640823703,1.1930739992194652,6.54619717345159e-10
0.10812290430501088,0.4898068249105534,1.1930739992194652,2.775937921292096e-11
0.10812290430501088,0.011999728647840307,1.1930739992194652,1.8671613081561056e-06
0.10812290430501088,0.003749079633411356,1.1930739992194652,4.01840873946645e-05
0.10812290430501088,0.2520961586624029,1.1930739992194652,5.831000481517972e-10
0.10812290430501088,0.057136705160378144,1.1930739992194652,4.403331167312517e-08
0.10812290430501088,0.27593083972903076,1.1930739992194652,4.1920590831108446e-10
0.10812290430501088,0.060812360915946904,1.1930739992194652,3.7517773435435765e-08
0.10812290430501088,0.016602281634299155,1.1930739992194652,8.574327925298517e-07
0.10812290430501088,0.03286970747449683,1.1930739992194652,1.726848870897408e-07
0.10812290430501088,0.17546558738749038,1.1930739992194652,1.928609821462429e-09
0.10812290430501088,0.24343179576945623,1.1930739992194652,6.598097863247915e-10
0.10812290430501088,0.8549296265146784,1.1930739992194652,3.911531282855006e-14
0.10812290430501088,0.18047352756662022,1.1930739992194652,1.7671891066675819e-09
0.10812290430501088,0.062387153927766635,1.1930739992194652,3.511053598430889e-08
0.10812290430501088,0.004878883076436263,1.1930739992194652,1.9554794169623174e-05
0.10812290430501088,0.06734215140418838,1.1930739992194652,2.874525864330188e-08
0.10812290430501088,0.03890543351256517,1.1930739992194652,1.1499647159666805e-07
0.10812290430501088,0.014393708900295996,1.1930739992194652,1.2029858957304454e-06
0.10812290430501088,0.12758586893458532,1.1930739992194652,4.9748208815856335e-09
0.10812290430501088,0.5709221126195514,1.1930739992194652,9.507779355174038e-12
0.10812290430501088,0.16732920297186865,1.1930739992194652,2.231550085445338e-09
0.10812290430501088,0.10099202348715085,1.1930739992194652,9.62859534163258e-09
0.10812290430501088,0.1509913301046668,1.1930739992194652,3.0414064419686183e-09
0.10812290430501088,0.8125573401269063,1.1930739992194652,1.2911092370012323e-13
0.10812290430501088,0.48453285732077794,1.1930739992194652,2.96902208963698e-11
0.10812290430501088,0.31250300261510494,1.1930739992194652,2.581771132043804e-10
0.10812290430501088,0.02103166492422607,1.1930739992194652,4.930579937822613e-07
0.10812290430501088,0.01614661875637145,1.1930739992194652,9.156811667239267e-07
0.10812290430501088,0.7966874676057425,1.1930739992194652,1.9021294248636513e-13
0.10812290430501088,0.07234615851121265,1.1930739992194652,2.38055501364444e-08
0.10812290430501088,0.04074912927356188,1.1930739992194652,1.0273477086923177e-07
0.10812290430501088,0.1430460778342502,1.1930739992194652,3.568938831556626e-09
0.10812290430501088,0.18868085948602772,1.1930739992194652,1.536850865406829e-09
0.10812290430501088,0.2894049240972626,1.1930739992194652,3.4974204236770034e-10
0.10812290430501088,0.04735412972012258,1.1930739992194652,7.083502159028705e-08
0.10812290430501088,0.7713075096354126,1.1930739992194652,3.3641492568971974e-13
0.10812290430501088,0.07935149644877267,1.1930739992194652,1.860002716239535e-08
0.10812290430501088,0.021373230866949124,1.1930739992194652,4.7493388748332356e-07
0.10812290430501088,0.009713677017741746,1.1930739992194652,3.159523269431193e-06
0.10812290430501088,0.9248625447705522,1.1930739992194652,2.077155446217529e-15
0.10812290430501088,0.05477167572401803,1.1930739992194652,4.905451407086934e-08
0.10812290430501088,0.20294755272643147,1.1930739992194652,1.2169457555603965e-09
0.10812290430501088,0.006351507237717547,1.1930739992194652,9.574303462413877e-06
0.10812290430501088,0.23632644162860472,1.1930739992194652,7.314243762110723e-10
0.10812290430501088,0.1611227743826997,1.1930739992194652,2.5030448487545836e-09
0.10812290430501088,0.24337600066675708,1.1930739992194652,6.603397454448208e-10
0.10812290430501088,0.6077075110845422,1.1930739992194652,5.657932882318861e-12
0.10812290430501088,0.33084045546355934,1.1930739992194652,2.038951886075462e-10
0.10812290430501088,0.03561278126024868,1.1930739992194652,1.4244821082201985e-07
0.10812290430501088,0.6600823816282232,1.1930739992194652,2.560499894807271e-12
0.10812290430501088,0.001212624381995384,1.1930739992194652,0.0007990567652113188
0.10812290430501088,0.3326724417388676,1.1930739992194652,1.9918130956031917e-10
0.10812290430501088,0.42058175728917946,1.1930739992194652,6.624954962001329e-11
0.10812290430501088,0.08353875810326931,1.1930739992194652,1.619031319659118e-08
0.10812290430501088,0.13652747871207485,1.1930739992194652,4.091308701310004e-09
0.10812290430501088,0.8635426138696001,1.1930739992194652,2.956300571656531e-14
