x_1,x_2,eta,WQ
0.12097159814459411,0.14899359207509635,1.976132829295733,2.6487859327433583e-09
0.12097159814459411,0.013829978554255782,1.976132829295733,1.4672559651470809e-06
0.12097159814459411,0.06377534731342908,1.976132829295733,3.0850679532661006e-08
0.12097159814459411,0.6915134551845311,1.976132829295733,1.0474053031590611e-12
0.12097159814459411,0.03770450895083285,1.976132829295733,1.2568762920010382e-07
0.12097159814459411,0.02297356629687789,1.976132829295733,4.381331233093271e-07
0.12097159814459411,0.025682054819756134,1.976132829295733,3.3299932165462735e-07
0.12097159814459411,0.04526057611103031,1.976132829295733,7.79846119507872e-08
0.12097159814459411,0.04514314467642334,1.976132829295733,7.852183671195019e-08
0.12097159814459411,0.0025556004173617874,1.976132829295733,6.367015747731597e-05
0.12097159814459411,0.5909364572464806,1.976132829295733,5.184464083291545e-12
0.12097159814459411,0.9063869993374304,1.976132829295733,2.8215273528245248e-15
0.12097159814459411,0.0005744798550209752,1.976132829295733,0.002882461259098282
0.12097159814459411,0.9167362818212582,1.976132829295733,1.6825451225223289e-15
0.12097159814459411,0.687472618288083,1.976132829295733,1.1243337024077009e-12
0.12097159814459411,0.0034328589973463327,1.976132829295733,3.231416743897322e-05
0.12097159814459411,0.001282758337554481,1.976132829295733,0.00035507182728665014
0.12097159814459411,0.0707537021515396,1.976132829295733,2.3144447958900362e-08
0.12097159814459411,0.04667801369276093,1.976132829295733,7.186904067338362e-08
0.12097159814459411,0.008900969527690502,1.976132829295733,3.982694098432876e-06
0.12097159814459411,0.012078540939327134,1.976132829295733,2.004017507639112e-06
0.12097159814459411,0.011546663378073549,1.976132829295733,2.2207569860097926e-06
0.12097159814459411,0.0374387251107588,1.976132829295733,1.2800716235336602e-07
0.12097159814459411,0.7106333820489357,1.976132829295733,7.404928001626786e-13
0.12097159814459411,0.23850751719389404,1.976132829295733,5.648110582017605e-10
0.12097159814459411,0.12638277769793815,1.976132829295733,4.355394781249962e-09
0.12097159814459411,0.001382119549799993,1.976132829295733,0.0002926925832124382
0.12097159814459411,0.30252752822360646,1.976132829295733,2.274853702140568e-10
0.12097159814459411,0.0010239171030722739,1.976132829295733,0.0006387830899231039
0.12097159814459411,0.08824448202536776,1.976132829295733,1.2408996032050616e-08
0.12097159814459411,0.11955650121460891,1.976132829295733,5.138264793483769e-09
0.12097159814459411,0.01275472923445319,1.976132829295733,1.7687392512810634e-06
0.12097159814459411,0.8031678646275283,1.976132829295733,1.0031577977982326e-13
0.12097159814459411,0.01934919877134076,1.976132829295733,6.643242174958826e-07
0.12097159814459411,0.9912931181167286,1.976132829295733,-2.3049461794557662e-18
0.12097159814459411,0.31887422568527507,1.976132829295733,1.8274667351686797e-10
0.12097159814459411,0.021618354830674764,1.976132829295733,5.081432784787469e-07
0.12097159814459411,0.03220655103920717,1.976132829295733,1.8836451289064163e-07
0.12097159814459411,0.024442072185670634,1.976132829295733,3.763141525197199e-07
0.12097159814459411,0.12385578928943002,1.976132829295733,4.626235959878237e-09
0.12097159814459411,0.1484824642784573,1.976132829295733,2.6768983938778974e-09
0.12097159814459411,0.24307438157262262,1.976132829295733,5.275119411041783e-10
0.12097159814459411,0.363733043233939,1.976132829295733,1.018376380407431e-10
0.12097159814459411,0.31429102050515395,1.976132829295733,1.9423793230902378e-10
0.12097159814459411,0.6824803432416248,1.976132829295733,1.2261031404374129e-12
0.12097159814459411,0.027997287225094092,1.976132829295733,2.685282253445216e-07
0.12097159814459411,0.0031257008543180316,1.976132829295733,3.99545158518048e-05
0.12097159814459411,0.07984478388324036,1.976132829295733,1.6489717718007568e-08
0.12097159814459411,0.1194655222445324,1.976132829295733,5.1498600660961066e-09
0.12097159814459411,0.6707753310951194,1.976132829295733,1.4977704583212304e-12
