x_1,x_2,eta,WQ
0.26462191401409163,0.14899359207509635,1.976132829295733,1.79224179464948e-10
0.12097159814459411,0.14899359207509635,1.976132829295733,2.6487859327433583e-09
0.05036217909530504,0.14899359207509635,1.976132829295733,3.5601943511501e-08
0.08709537642625562,0.14899359207509635,1.976132829295733,7.226674743772908e-09
0.0036509468383935564,0.14899359207509635,1.976132829295733,3.191801985701192e-05
0.08692688257309253,0.14899359207509635,1.976132829295733,7.268723898274192e-09
0.5778520103695933,0.14899359207509635,1.976132829295733,2.5023007901951584e-12
0.36899967246305915,0.14899359207509635,1.976132829295733,4.138997969363668e-11
0.2630500723584939,0.14899359207509635,1.976132829295733,1.8352000965748552e-10
0.018705932473908275,0.14899359207509635,1.976132829295733,5.182168487886387e-07
0.0009259158144546212,0.14899359207509635,1.976132829295733,0.0008490693213088798
0.0030933493815741113,0.14899359207509635,1.976132829295733,4.783572168995892e-05
0.12562228891738728,0.14899359207509635,1.976132829295733,2.3530921907891314e-09
0.001216715390571367,0.14899359207509635,1.976132829295733,0.00044777647371414933
0.0038392194661629516,0.14899359207509635,1.976132829295733,2.8207693872262473e-05
0.9839085660372473,0.14899359207509635,1.976132829295733,-1.6195322082875111e-18
0.6330264485959374,0.14899359207509635,1.976132829295733,1.0858912733617406e-12
0.016918314861827544,0.14899359207509635,1.976132829295733,6.73133868052109e-07
0.0039257635727900225,0.14899359207509635,1.976132829295733,2.6700006448158646e-05
0.01831790693756287,0.14899359207509635,1.976132829295733,5.47352631680187e-07
0.4772741408324201,0.14899359207509635,1.976132829295733,9.96915065603169e-12
0.02953795140149968,0.14899359207509635,1.976132829295733,1.5456806344288656e-07
0.004702081507956661,0.14899359207509635,1.976132829295733,1.7110726584466344e-05
0.18042338629912552,0.14899359207509635,1.976132829295733,7.257736285296398e-10
0.21241828298871138,0.14899359207509635,1.976132829295733,4.1077811912755136e-10
0.11615821782651499,0.14899359207509635,1.976132829295733,3.0057382504823756e-09
0.6340967004044993,0.14899359207509635,1.976132829295733,1.067622200234777e-12
0.3778967209881204,0.14899359207509635,1.976132829295733,3.676660670786599e-11
0.6923402128681948,0.14899359207509635,1.976132829295733,3.993374901570119e-13
0.06620419510425787,0.14899359207509635,1.976132829295733,1.6237018565085e-08
0.33166707626447217,0.14899359207509635,1.976132829295733,6.859079689497954e-11
0.00068917135007549,0.14899359207509635,1.976132829295733,0.0016894867563258939
0.009712199674073963,0.14899359207509635,1.976132829295733,2.7928393961175503e-06
0.004116621173784283,0.14899359207509635,1.976132829295733,2.374745942797586e-05
0.03171172644785075,0.14899359207509635,1.976132829295733,1.2754069334495535e-07
0.0007668606469511847,0.14899359207509635,1.976132829295733,0.0013185880480770182
0.006697787183357179,0.14899359207509635,1.976132829295733,7.1125193512400005e-06
0.30221804095794513,0.14899359207509635,1.976132829295733,1.0344981442476372e-10
0.9436355336331492,0.14899359207509635,1.976132829295733,1.0384700045013292e-16
0.03855646358606807,0.14899359207509635,1.976132829295733,7.485135781671359e-08
0.0034731392745516905,0.14899359207509635,1.976132829295733,3.607005298231926e-05
0.011324131491194342,0.14899359207509635,1.976132829295733,1.8912735310917644e-06
0.020291472435469984,0.14899359207509635,1.976132829295733,4.188308415464544e-07
0.6962772793090974,0.14899359207509635,1.976132829295733,3.7189621034195686e-13
0.15272024070506943,0.14899359207509635,1.976132829295733,1.2617155527537017e-09
0.06793256762994401,0.14899359207509635,1.976132829295733,1.506457517707659e-08
0.0050181509857691615,0.14899359207509635,1.976132829295733,1.457536004641482e-05
0.2221146364078859,0.14899359207509635,1.976132829295733,3.4940757519602804e-10
0.16954523533502386,0.14899359207509635,1.976132829295733,8.947173022024957e-10
0.2553397343599444,0.14899359207509635,1.976132829295733,2.063337230539189e-10
