x_1,x_2,eta,WQ
0.12097159814459411,0.14899359207509635,2.1289716229986215,2.6700484673363373e-09
0.12097159814459411,0.14899359207509635,1.976132829295733,2.6487859327433583e-09
0.12097159814459411,0.14899359207509635,0.8952843679107074,2.157365387237015e-09
0.12097159814459411,0.14899359207509635,1.6009142948184705,2.562289441349364e-09
0.12097159814459411,0.14899359207509635,2.5525743117641806,2.7047578275336164e-09
0.12097159814459411,0.14899359207509635,2.3205555024302336,2.6892718194786963e-09
0.12097159814459411,0.14899359207509635,2.3723987445908703,2.6933626426197216e-09
0.12097159814459411,0.14899359207509635,2.297415221051476,2.6873088766858445e-09
0.12097159814459411,0.14899359207509635,2.7449324504797725,2.7132084264255745e-09
0.12097159814459411,0.14899359207509635,2.642191188898893,2.709093231368026e-09
0.12097159814459411,0.14899359207509635,1.290845845547055,2.4335849712281984e-09
0.12097159814459411,0.14899359207509635,2.906805112795827,2.7182144961849484e-09
0.12097159814459411,0.14899359207509635,2.6649065473130564,2.7100760852178294e-09
0.12097159814459411,0.14899359207509635,1.7934480176994068,2.613947023585416e-09
0.12097159814459411,0.14899359207509635,2.05729454807532,2.660839547638933e-09
0.12097159814459411,0.14899359207509635,2.568379178825418,2.7055788517800237e-09
0.12097159814459411,0.14899359207509635,2.6075407643919175,2.707506780642916e-09
0.12097159814459411,0.14899359207509635,2.8176285495261606,2.715655460594664e-09
0.12097159814459411,0.14899359207509635,2.7976467426416383,2.715017480061696e-09
0.12097159814459411,0.14899359207509635,1.2645542935137595,2.4194581601527806e-09
0.12097159814459411,0.14899359207509635,2.5133846656893675,2.7026088456697063e-09
0.12097159814459411,0.14899359207509635,2.5341343834787438,2.70376720056893e-09
0.12097159814459411,0.14899359207509635,2.2821903102139336,2.685968604012846e-09
0.12097159814459411,0.14899359207509635,0.43482076077880505,1.6965895515055486e-09
0.12097159814459411,0.14899359207509635,2.41971944698518,2.6967533514234865e-09
0.12097159814459411,0.14899359207509635,2.8727936481641887,2.7172913640423813e-09
0.12097159814459411,0.14899359207509635,0.6707531456164055,1.942325095095141e-09
0.12097159814459411,0.14899359207509635,1.3508820829809791,2.4637879715772888e-09
0.12097159814459411,0.14899359207509635,2.51261985216153,2.7025652440241175e-09
0.12097159814459411,0.14899359207509635,1.8306513694454862,2.6220243602833726e-09
0.12097159814459411,0.14899359207509635,2.3272477047776126,2.6898232966505546e-09
0.12097159814459411,0.14899359207509635,2.0619462376647193,2.66147598246619e-09
0.12097159814459411,0.14899359207509635,1.6542702588144425,2.5784170513318966e-09
0.12097159814459411,0.14899359207509635,2.5164838230703075,2.7027848604253166e-09
0.12097159814459411,0.14899359207509635,2.893832181954114,2.7178697011930068e-09
0.12097159814459411,0.14899359207509635,2.767875288333379,2.7140189697623893e-09
0.12097159814459411,0.14899359207509635,2.5402610703072726,2.704100316869935e-09
0.12097159814459411,0.14899359207509635,2.1907517590550487,2.67703568915285e-09
0.12097159814459411,0.14899359207509635,2.5240077481892227,2.703207759532409e-09
0.12097159814459411,0.14899359207509635,2.9326116757899894,2.718874594223998e-09
0.12097159814459411,0.14899359207509635,1.4559560958491906,2.51019936323188e-09
0.12097159814459411,0.14899359207509635,1.2234617117903548,2.3962384495772903e-09
0.12097159814459411,0.14899359207509635,2.1585374525423227,2.673495449448514e-09
0.12097159814459411,0.14899359207509635,1.3458967329326479,2.4613859727803364e-09
0.12097159814459411,0.14899359207509635,2.756088137038635,2.7136071291261204e-09
0.12097159814459411,0.14899359207509635,2.085035932496858,2.6645532717289636e-09
0.12097159814459411,0.14899359207509635,0.6298090709010666,1.9000216857977663e-09
0.12097159814459411,0.14899359207509635,1.9924815872503048,2.651364373154687e-09
0.12097159814459411,0.14899359207509635,2.4620797693795895,2.6995344873063207e-09
0.12097159814459411,0.14899359207509635,2.195104557380848,2.677497493181495e-09
0.12097159814459411,0.14899359207509635,2.7925702535308914,2.7148513445097583e-09
0.12097159814459411,0.14899359207509635,2.7047662389134297,2.711697987766376e-09
0.12097159814459411,0.14899359207509635,1.939428786067229,2.6427010988108343e-09
0.12097159814459411,0.14899359207509635,2.905881580400175,2.7181902423018893e-09
0.12097159814459411,0.14899359207509635,2.2580808305174056,2.6837638836274324e-09
0.12097159814459411,0.14899359207509635,2.38135048234601,2.694028237840538e-09
0.12097159814459411,0.14899359207509635,1.9223279750977844,2.639720420409237e-09
0.12097159814459411,0.14899359207509635,1.4768045570133033,2.518498414865435e-09
0.12097159814459411,0.14899359207509635,2.3971671521442834,2.6951763090746087e-09
0.12097159814459411,0.14899359207509635,2.2044083279548508,2.6784717166012604e-09
0.12097159814459411,0.14899359207509635,2.67090663238981,2.71032844504435e-09
0.12097159814459411,0.14899359207509635,2.7466857927649806,2.7132716734679447e-09
0.12097159814459411,0.14899359207509635,2.9197893432159754,2.7185508336553062e-09
0.12097159814459411,0.14899359207509635,2.6647131453075397,2.7100679011545048e-09
0.12097159814459411,0.14899359207509635,2.7425819139113505,2.713123293192863e-09
0.12097159814459411,0.14899359207509635,2.557604419071576,2.7050218953575435e-09
0.12097159814459411,0.14899359207509635,2.7906431549996844,2.71478783976723e-09
0.12097159814459411,0.14899359207509635,2.916476840884889,2.7184658483679833e-09
0.12097159814459411,0.14899359207509635,2.359188832568842,2.6923590390147086e-09
0.12097159814459411,0.14899359207509635,2.23623601085057,2.681675740636937e-09
0.12097159814459411,0.14899359207509635,2.4005415540401174,2.6954167037321065e-09
0.12097159814459411,0.14899359207509635,0.9812452292724099,2.2292887522629477e-09
0.12097159814459411,0.14899359207509635,2.4833139048475203,2.700844410718618e-09
0.12097159814459411,0.14899359207509635,2.192713028786741,2.6772442449743354e-09
0.12097159814459411,0.14899359207509635,2.1693497721538564,2.6747081316861733e-09
0.12097159814459411,0.14899359207509635,2.277875454158907,2.6855815313700854e-09
0.12097159814459411,0.14899359207509635,1.182928762035546,2.371934268258379e-09
0.12097159814459411,0.14899359207509635,0.8630235979906886,2.128730267171303e-09
0.12097159814459411,0.14899359207509635,0.6662695675243548,1.9377232032642433e-09
0.12097159814459411,0.14899359207509635,1.2298188274989137,2.3999230121362887e-09
0.12097159814459411,0.14899359207509635,1.986251078383582,2.6503910560568873e-09
0.12097159814459411,0.14899359207509635,2.4049998446353285,2.6957319033795894e-09
0.12097159814459411,0.14899359207509635,1.3029829542536768,2.439918681654351e-09
0.12097159814459411,0.14899359207509635,2.5167704136398314,2.702801083283783e-09
0.12097159814459411,0.14899359207509635,2.5247613070131973,2.703249772739218e-09
0.12097159814459411,0.14899359207509635,2.1021391807856435,2.6667472468820263e-09
0.12097159814459411,0.14899359207509635,1.2720780542413406,2.4235581340466486e-09
0.12097159814459411,0.14899359207509635,0.2678215732254583,1.5385250046614236e-09
0.12097159814459411,0.14899359207509635,2.2946356185811627,2.687067119284788e-09
0.12097159814459411,0.14899359207509635,2.923571713355875,2.718647194285501e-09
0.12097159814459411,0.14899359207509635,2.684629908530213,2.7108945510997347e-09
0.12097159814459411,0.14899359207509635,1.7935208868355208,2.6139633869245528e-09
0.12097159814459411,0.14899359207509635,2.845575806974231,2.7165065267679624e-09
0.12097159814459411,0.14899359207509635,0.9380222035827441,2.1939367118416254e-09
0.12097159814459411,0.14899359207509635,2.8348885025398256,2.716186612623626e-09
0.12097159814459411,0.14899359207509635,0.5493249788635546,1.8156958499770742e-09
0.12097159814459411,0.14899359207509635,2.5601711971871284,2.705155644272812e-09
0.12097159814459411,0.14899359207509635,1.22461301330586,2.396908273972383e-09
0.12097159814459411,0.14899359207509635,2.2234431999466975,2.6804114483103106e-09
0.12097159814459411,0.14899359207509635,2.1606699692407485,2.673736618552307e-09
0.12097159814459411,0.14899359207509635,2.8695628347451363,2.717200398087128e-09
0.12097159814459411,0.14899359207509635,0.7068037486968781,1.9789971442120425e-09
0.12097159814459411,0.14899359207509635,1.5873480765678447,2.557943574882991e-09
0.12097159814459411,0.14899359207509635,1.5283584780720725,2.537818432764308e-09
0.12097159814459411,0.14899359207509635,2.3539494516290413,2.6919537971350674e-09
0.12097159814459411,0.14899359207509635,2.993785947501437,2.7203108453124435e-09
0.12097159814459411,0.14899359207509635,2.4417356857970276,2.6982274764720896e-09
0.12097159814459411,0.14899359207509635,2.394922538372232,2.6950155245771716e-09
0.12097159814459411,0.14899359207509635,2.387023824968909,2.6944441130048924e-09
0.12097159814459411,0.14899359207509635,2.3179382209684634,2.689054187083747e-09
0.12097159814459411,0.14899359207509635,2.75538802066597,2.7135823644023258e-09
0.12097159814459411,0.14899359207509635,2.67114465186118,2.7103383946485226e-09
0.12097159814459411,0.14899359207509635,0.9689526061139238,2.2194044826141953e-09
0.12097159814459411,0.14899359207509635,0.3680770185886235,1.6301172668734523e-09
0.12097159814459411,0.14899359207509635,2.4457876749786727,2.6984919528192065e-09
0.12097159814459411,0.14899359207509635,2.8903438381921305,2.717775466797138e-09
0.12097159814459411,0.14899359207509635,2.4009564506715906,2.6954461523795557e-09
0.12097159814459411,0.14899359207509635,2.5525858840852016,2.7047584380450266e-09
0.12097159814459411,0.14899359207509635,2.9229484536270522,2.718631365609462e-09
0.12097159814459411,0.14899359207509635,2.166602155479189,2.674402341444273e-09
0.12097159814459411,0.14899359207509635,2.3910554032959492,2.6947368641084794e-09
0.12097159814459411,0.14899359207509635,1.6583687492339956,2.579594442398251e-09
0.12097159814459411,0.14899359207509635,1.9524499669609598,2.644907746242115e-09
0.12097159814459411,0.14899359207509635,2.7166250386773743,2.7121564470870996e-09
0.12097159814459411,0.14899359207509635,2.178245014698444,2.675687139110826e-09
0.12097159814459411,0.14899359207509635,2.8627445673754646,2.7170065050588505e-09
0.12097159814459411,0.14899359207509635,2.905296472661472,2.718174853181851e-09
0.12097159814459411,0.14899359207509635,1.602909340266258,2.562919946083091e-09
0.12097159814459411,0.14899359207509635,2.9926806317118584,2.7202864101210474e-09
0.12097159814459411,0.14899359207509635,1.5231475628277675,2.5359411304494594e-09
0.12097159814459411,0.14899359207509635,1.8738416401723208,2.6307352660717133e-09
0.12097159814459411,0.14899359207509635,1.5266926517557333,2.5372201022546715e-09
0.12097159814459411,0.14899359207509635,2.7144056594524915,2.7120714594900146e-09
0.12097159814459411,0.14899359207509635,0.9028692238537324,2.1639708183059873e-09
0.12097159814459411,0.14899359207509635,1.981828514362559,2.649693225709697e-09
0.12097159814459411,0.14899359207509635,2.229659891333031,2.6810297232127213e-09
0.12097159814459411,0.14899359207509635,1.8843143248438097,2.6327449559854505e-09
0.12097159814459411,0.14899359207509635,1.6951839301073337,2.5897956597596825e-09
0.12097159814459411,0.14899359207509635,1.9656812223472164,2.647095621816009e-09
0.12097159814459411,0.14899359207509635,0.31399473844972725,1.5791988410937802e-09
0.12097159814459411,0.14899359207509635,2.409614698587456,2.6960553025587803e-09
0.12097159814459411,0.14899359207509635,1.1583542564457199,2.356505308145549e-09
0.12097159814459411,0.14899359207509635,2.2720478032596336,2.685053602103239e-09
0.12097159814459411,0.14899359207509635,1.7483413096103722,2.6033906778286693e-09
0.12097159814459411,0.14899359207509635,0.7172080670885141,1.989460199483674e-09
0.12097159814459411,0.14899359207509635,2.8477643148902545,2.7165712075575318e-09
0.12097159814459411,0.14899359207509635,1.9070767228506338,2.6369808436625135e-09
0.12097159814459411,0.14899359207509635,1.6727242965061955,2.5836517467096976e-09
0.12097159814459411,0.14899359207509635,1.2209476195526388,2.39477185242446e-09
0.12097159814459411,0.14899359207509635,2.585866171500194,2.7064580782103822e-09
0.12097159814459411,0.14899359207509635,1.4961425896068687,2.525942530207768e-09
0.12097159814459411,0.14899359207509635,2.8536837458295374,2.7167447582484008e-09
0.12097159814459411,0.14899359207509635,1.263377370300976,2.418812619193313e-09
0.12097159814459411,0.14899359207509635,1.1707603407314346,2.3643605397085394e-09
0.12097159814459411,0.14899359207509635,2.3798384692789596,2.693916625558e-09
0.12097159814459411,0.14899359207509635,2.84535107484802,2.716499869000637e-09
0.12097159814459411,0.14899359207509635,1.9453087099423012,2.6437041963614976e-09
0.12097159814459411,0.14899359207509635,2.5081563392636443,2.7023094751765726e-09
0.12097159814459411,0.14899359207509635,2.865507668181991,2.717085395569185e-09
0.12097159814459411,0.14899359207509635,2.799978365526759,2.7150932291698553e-09
0.12097159814459411,0.14899359207509635,1.654125072802234,2.578375186593856e-09
0.12097159814459411,0.14899359207509635,2.876302461149086,2.717389500578044e-09
0.12097159814459411,0.14899359207509635,2.3544788829986025,2.691994933713398e-09
0.12097159814459411,0.14899359207509635,2.187117097020185,2.6766471081170933e-09
0.12097159814459411,0.14899359207509635,2.2015619384293026,2.678175509504403e-09
0.12097159814459411,0.14899359207509635,1.203812135963631,2.384632492015986e-09
0.12097159814459411,0.14899359207509635,2.5237986586641226,2.7031960911597532e-09
0.12097159814459411,0.14899359207509635,2.5784283725183736,2.706087798537445e-09
0.12097159814459411,0.14899359207509635,0.18264064998524088,1.4721585947744562e-09
0.12097159814459411,0.14899359207509635,2.876414440188799,2.7173926212642843e-09
0.12097159814459411,0.14899359207509635,2.820441532168497,2.7157432674327724e-09
0.12097159814459411,0.14899359207509635,1.5074581650424916,2.5301876732991504e-09
0.12097159814459411,0.14899359207509635,1.869269081321698,2.629845521802287e-09
0.12097159814459411,0.14899359207509635,2.8418538741248978,2.7163958809239348e-09
0.12097159814459411,0.14899359207509635,2.5518177441895236,2.7047178838496876e-09
0.12097159814459411,0.14899359207509635,0.9853119252109219,2.2325287740084114e-09
0.12097159814459411,0.14899359207509635,2.1911449772983156,2.677077565801659e-09
0.12097159814459411,0.14899359207509635,1.8267974699153524,2.6212129323065157e-09
0.12097159814459411,0.14899359207509635,1.2293859147536925,2.3996731804302484e-09
0.12097159814459411,0.14899359207509635,0.8856643263273063,2.148917412090508e-09
0.12097159814459411,0.14899359207509635,1.583044211500739,2.556543351654425e-09
0.12097159814459411,0.14899359207509635,1.7874723387058111,2.6125977189632607e-09
0.12097159814459411,0.14899359207509635,0.7347737738993625,2.0069886919297645e-09
0.12097159814459411,0.14899359207509635,1.4647111187957766,2.51371946032549e-09
0.12097159814459411,0.14899359207509635,2.2772915552596364,2.6855289032354318e-09
0.12097159814459411,0.14899359207509635,2.712661050509039,2.7120043909194853e-09
0.12097159814459411,0.14899359207509635,0.8806816226757235,2.1445111915015543e-09
0.12097159814459411,0.14899359207509635,2.7268411055002355,2.712542894317927e-09
0.12097159814459411,0.14899359207509635,2.8641451275343375,2.7170465469797e-09
0.12097159814459411,0.14899359207509635,2.4525413775377225,2.6989281507049962e-09
0.12097159814459411,0.14899359207509635,0.9852632796889442,2.232490105223887e-09
0.12097159814459411,0.14899359207509635,2.2757709465608666,2.6853915683755696e-09
0.12097159814459411,0.14899359207509635,2.6122510083540513,2.7077288347363254e-09
0.12097159814459411,0.14899359207509635,1.3230896087744495,2.450154978828282e-09
0.12097159814459411,0.14899359207509635,2.448248283958974,2.6986515410692503e-09
0.12097159814459411,0.14899359207509635,2.2549630165515757,2.6834712058277612e-09
0.12097159814459411,0.14899359207509635,1.696747920915496,2.5902144120443242e-09
0.12097159814459411,0.14899359207509635,2.0719718012985124,2.6628287231666766e-09
0.12097159814459411,0.14899359207509635,1.9060283869957535,2.636789662664829e-09
0.12097159814459411,0.14899359207509635,2.791533451115398,2.714817208235615e-09
0.12097159814459411,0.14899359207509635,1.4600876332363848,2.5118668773813043e-09
0.12097159814459411,0.14899359207509635,1.861610662720089,2.628338388190689e-09
0.12097159814459411,0.14899359207509635,2.144242268423524,2.67185313339467e-09
0.12097159814459411,0.14899359207509635,2.8990138190619965,2.718008482278371e-09
0.12097159814459411,0.14899359207509635,2.049450847051197,2.659753604946755e-09
0.12097159814459411,0.14899359207509635,1.2921603992367,2.4342766454648013e-09
0.12097159814459411,0.14899359207509635,2.9784931972899913,2.7199679651738e-09
0.12097159814459411,0.14899359207509635,2.397836028766312,2.695224085854219e-09
0.12097159814459411,0.14899359207509635,2.4601073249739875,2.699410027397798e-09
0.12097159814459411,0.14899359207509635,0.8538643961229724,2.120444240988329e-09
0.12097159814459411,0.14899359207509635,2.813535031777617,2.7155268065955517e-09
0.12097159814459411,0.14899359207509635,2.1881791500777057,2.6767609323950146e-09
0.12097159814459411,0.14899359207509635,1.5819543336831132,2.5561871114250066e-09
0.12097159814459411,0.14899359207509635,2.2475750749038363,2.682770612630598e-09
0.12097159814459411,0.14899359207509635,2.340965033127298,2.690931567051014e-09
0.12097159814459411,0.14899359207509635,2.9374675031306676,2.718995071084544e-09
0.12097159814459411,0.14899359207509635,1.0547058263953617,2.2855055542632555e-09
0.12097159814459411,0.14899359207509635,1.8303089700577184,2.621952500979513e-09
0.12097159814459411,0.14899359207509635,1.4581800263073124,2.5110983724755672e-09
0.12097159814459411,0.14899359207509635,1.8503691305701637,2.6260872038777643e-09
0.12097159814459411,0.14899359207509635,0.9133518316699543,2.1730187627635114e-09
0.12097159814459411,0.14899359207509635,1.7232856572277742,2.5971441379129892e-09
0.12097159814459411,0.14899359207509635,2.5489199357566252,2.704564342128357e-09
0.12097159814459411,0.14899359207509635,1.792213029732692,2.613669366625434e-09
0.12097159814459411,0.14899359207509635,0.7315667525906031,2.003801717004347e-09
0.12097159814459411,0.14899359207509635,2.838370889154608,2.716291598144252e-09
0.12097159814459411,0.14899359207509635,2.0919782154660225,2.6654524289978343e-09
0.12097159814459411,0.14899359207509635,1.573521691908931,2.5534079938026234e-09
0.12097159814459411,0.14899359207509635,2.950529346954364,2.7193134500176992e-09
0.12097159814459411,0.14899359207509635,2.9991192416423864,2.7204279982811874e-09
0.12097159814459411,0.14899359207509635,2.983162588415175,2.720073763143804e-09
0.12097159814459411,0.14899359207509635,2.5585157444637048,2.7050694595371603e-09
0.12097159814459411,0.14899359207509635,0.6829444514382317,1.9547945574303143e-09
0.12097159814459411,0.14899359207509635,2.8885248196546476,2.717726068886787e-09
0.12097159814459411,0.14899359207509635,2.6458871511619537,2.7092561565889897e-09
0.12097159814459411,0.14899359207509635,1.7560029050753625,2.605245099830725e-09
0.12097159814459411,0.14899359207509635,2.60405594166979,2.7073411686360994e-09
0.12097159814459411,0.14899359207509635,1.8367376588939006,2.6232941820186246e-09
0.12097159814459411,0.14899359207509635,2.9245799799043666,2.7186727594741294e-09
0.12097159814459411,0.14899359207509635,2.4356440401328263,2.697825915211192e-09
0.12097159814459411,0.14899359207509635,1.1798725539529755,2.370044211154319e-09
0.12097159814459411,0.14899359207509635,0.7730099447333014,2.0444958595067963e-09
0.12097159814459411,0.14899359207509635,2.634273168022969,2.7087401769627556e-09
0.12097159814459411,0.14899359207509635,2.3837569583559874,2.6942052012461617e-09
0.12097159814459411,0.14899359207509635,1.2017625027911343,2.383402861644034e-09
0.12097159814459411,0.14899359207509635,1.1968099825990697,2.380416790743849e-09
0.12097159814459411,0.14899359207509635,0.7277290859853229,1.9999801438743926e-09
0.12097159814459411,0.14899359207509635,1.617568007796813,2.5674859742714856e-09
0.12097159814459411,0.14899359207509635,1.570148598195156,2.552284957197418e-09
0.12097159814459411,0.14899359207509635,2.3479987837757514,2.6914885128370152e-09
0.12097159814459411,0.14899359207509635,2.6724311872757367,2.7103920932940232e-09
0.12097159814459411,0.14899359207509635,1.4300609188624673,2.4994851491509985e-09
0.12097159814459411,0.14899359207509635,1.840434730220791,2.624058625035257e-09
0.12097159814459411,0.14899359207509635,2.8942335908741406,2.7178805031855597e-09
0.12097159814459411,0.14899359207509635,1.2573978482545491,2.415515267486727e-09
0.12097159814459411,0.14899359207509635,1.7763336219101244,2.610043108906857e-09
0.12097159814459411,0.14899359207509635,1.8975336383538022,2.635226704443463e-09
0.12097159814459411,0.14899359207509635,2.7045911562313414,2.7116911384944017e-09
0.12097159814459411,0.14899359207509635,2.4379841521137298,2.697980740075474e-09
0.12097159814459411,0.14899359207509635,2.0310527232457267,2.657142287729771e-09
0.12097159814459411,0.14899359207509635,2.7052948997204416,2.7117186547527236e-09
0.12097159814459411,0.14899359207509635,2.5235185770088036,2.703180453537991e-09
0.12097159814459411,0.14899359207509635,2.3801357540925174,2.6939385961599897e-09
0.12097159814459411,0.14899359207509635,1.2944170529951002,2.4354607960639715e-09
0.12097159814459411,0.14899359207509635,1.588035026396873,2.558166103315305e-09
0.12097159814459411,0.14899359207509635,1.4418912844636755,2.5044366509009116e-09
0.12097159814459411,0.14899359207509635,1.6337086569043302,2.572380090390999e-09
0.12097159814459411,0.14899359207509635,1.5536295430758684,2.5466899690599184e-09
0.12097159814459411,0.14899359207509635,2.9972110161502443,2.720386223879136e-09
0.12097159814459411,0.14899359207509635,2.0265503994938374,2.6564893066525604e-09
0.12097159814459411,0.14899359207509635,2.907074055392269,2.718221550840552e-09
0.12097159814459411,0.14899359207509635,2.6477912972973168,2.7093396338107854e-09
0.12097159814459411,0.14899359207509635,2.8883540792179128,2.7177214230593363e-09
0.12097159814459411,0.14899359207509635,1.77455741573784,2.6096309434571107e-09
0.12097159814459411,0.14899359207509635,0.674234470615362,1.9458924657681893e-09
0.12097159814459411,0.14899359207509635,2.6307231638632733,2.7085800929579044e-09
0.12097159814459411,0.14899359207509635,2.4895990401790904,2.7012218250896255e-09
0.12097159814459411,0.14899359207509635,1.9025310974321061,2.6361491761360747e-09
0.12097159814459411,0.14899359207509635,2.8507142859551333,2.7166579512539357e-09
0.12097159814459411,0.14899359207509635,1.914945754565421,2.638404058310213e-09
0.12097159814459411,0.14899359207509635,2.433914729048614,2.6977110468259e-09
0.12097159814459411,0.14899359207509635,2.567182235342167,2.7055175603823252e-09
0.12097159814459411,0.14899359207509635,2.7383343075271918,2.7129684456884393e-09
0.12097159814459411,0.14899359207509635,2.9810184942193065,2.720025304399246e-09
0.12097159814459411,0.14899359207509635,2.1799495943841096,2.6758728462684913e-09
0.12097159814459411,0.14899359207509635,2.81816828199889,2.715672346142343e-09
0.12097159814459411,0.14899359207509635,2.349805057670116,2.69163031441883e-09
0.12097159814459411,0.14899359207509635,1.7828131683728037,2.611535451653007e-09
0.12097159814459411,0.14899359207509635,1.7084420147840178,2.5933086617124134e-09
0.12097159814459411,0.14899359207509635,2.3942191205545766,2.694964993157751e-09
0.12097159814459411,0.14899359207509635,1.9941246296331867,2.651619152048307e-09
0.12097159814459411,0.14899359207509635,2.4631751212814033,2.699603396511236e-09
0.12097159814459411,0.14899359207509635,1.3977073698724842,2.4854456441588445e-09
0.12097159814459411,0.14899359207509635,1.7435041293920925,2.6022065985290404e-09
0.12097159814459411,0.14899359207509635,2.6626549365840764,2.709980612018006e-09
0.12097159814459411,0.14899359207509635,2.5708962978027805,2.705707276212427e-09
0.12097159814459411,0.14899359207509635,1.2670991851563318,2.42085014705791e-09
0.12097159814459411,0.14899359207509635,2.997756338781301,2.720398178091161e-09
0.12097159814459411,0.14899359207509635,2.5919181498045503,2.7067554027707933e-09
0.12097159814459411,0.14899359207509635,2.155029467389676,2.673096579355735e-09
0.12097159814459411,0.14899359207509635,1.6738841601856156,2.5839750740472187e-09
0.12097159814459411,0.14899359207509635,2.1827652302129996,2.6761782723014192e-09
0.12097159814459411,0.14899359207509635,1.732686152542699,2.5995208284454215e-09
0.12097159814459411,0.14899359207509635,2.8506371587423738,2.7166556897722388e-09
0.12097159814459411,0.14899359207509635,1.1378934282869908,2.343253026088772e-09
0.12097159814459411,0.14899359207509635,1.4029566011437107,2.487773843841393e-09
0.12097159814459411,0.14899359207509635,2.9063808156314335,2.718203358767092e-09
0.12097159814459411,0.14899359207509635,2.019172675061096,2.6554072291862357e-09
0.12097159814459411,0.14899359207509635,1.5799776817797777,2.555539301940536e-09
0.12097159814459411,0.14899359207509635,1.59492323924835,2.560382854689278e-09
0.12097159814459411,0.14899359207509635,2.1575140623035116,2.6733793629148717e-09
0.12097159814459411,0.14899359207509635,2.7882848232021913,2.714709794662193e-09
0.12097159814459411,0.14899359207509635,0.6428949010780167,1.913605522698658e-09
0.12097159814459411,0.14899359207509635,0.12879581959171826,1.4372199123767148e-09
0.12097159814459411,0.14899359207509635,2.430437034238831,2.6974788669955983e-09
0.12097159814459411,0.14899359207509635,2.4901743720764182,2.701256141884451e-09
0.12097159814459411,0.14899359207509635,2.527036095087574,2.7033762236704183e-09
0.12097159814459411,0.14899359207509635,0.9749970966029298,2.2242817144638786e-09
0.12097159814459411,0.14899359207509635,2.979144614306382,2.7199827837011054e-09
0.12097159814459411,0.14899359207509635,2.081837066378827,2.66413494842416e-09
0.12097159814459411,0.14899359207509635,2.6296447047033173,2.7085312391571705e-09
0.12097159814459411,0.14899359207509635,2.0878452510312897,2.6649185616395164e-09
0.12097159814459411,0.14899359207509635,2.6682364402596344,2.710216506484637e-09
0.12097159814459411,0.14899359207509635,2.310311472096446,2.6884136785422473e-09
0.12097159814459411,0.14899359207509635,2.833558206462986,2.7161463161746657e-09
0.12097159814459411,0.14899359207509635,2.2320671987429463,2.6812671593123064e-09
0.12097159814459411,0.14899359207509635,1.1120836781759451,2.326004131411857e-09
0.12097159814459411,0.14899359207509635,1.4843336275170704,2.521425380965337e-09
0.12097159814459411,0.14899359207509635,2.964131429514596,2.7196363507644257e-09
0.12097159814459411,0.14899359207509635,1.8517817061384696,2.6263726485067693e-09
0.12097159814459411,0.14899359207509635,0.8809323565352241,2.1447334122413894e-09
0.12097159814459411,0.14899359207509635,2.01561937261575,2.654880674485564e-09
0.12097159814459411,0.14899359207509635,1.8750290486148546,2.630965089061441e-09
0.12097159814459411,0.14899359207509635,2.3886117002445264,2.6945596899647637e-09
0.12097159814459411,0.14899359207509635,2.2111175318088656,2.679163527577928e-09
0.12097159814459411,0.14899359207509635,2.533560729190964,2.70373580497686e-09
0.12097159814459411,0.14899359207509635,2.979741421807885,2.7199963431694777e-09
0.12097159814459411,0.14899359207509635,1.7331106127972475,2.5996271980096558e-09
0.12097159814459411,0.14899359207509635,1.8260523366965193,2.621055383898606e-09
0.12097159814459411,0.14899359207509635,2.5253071823262623,2.7032801682533928e-09
0.12097159814459411,0.14899359207509635,2.3703432529895876,2.693208167051779e-09
0.12097159814459411,0.14899359207509635,2.9000499925712586,2.718036063927248e-09
0.12097159814459411,0.14899359207509635,1.9274767939162343,2.6406278805621134e-09
0.12097159814459411,0.14899359207509635,2.7228205647756334,2.7123917361054135e-09
0.12097159814459411,0.14899359207509635,2.442580062400885,2.6982827621554443e-09
0.12097159814459411,0.14899359207509635,2.1999671676039076,2.6780088417516705e-09
0.12097159814459411,0.14899359207509635,2.843587922548888,2.71644753217737e-09
0.12097159814459411,0.14899359207509635,1.2375377507671363,2.4043510833000984e-09
0.12097159814459411,0.14899359207509635,1.4036023648727163,2.488058899513154e-09
0.12097159814459411,0.14899359207509635,2.9652279736213516,2.7196620043902924e-09
0.12097159814459411,0.14899359207509635,2.3354613983348127,2.690490447637196e-09
0.12097159814459411,0.14899359207509635,0.5042603395230989,1.7684089531136734e-09
0.12097159814459411,0.14899359207509635,2.888557069493516,2.717726946224833e-09
0.12097159814459411,0.14899359207509635,1.8849500038534597,2.6328656924849815e-09
0.12097159814459411,0.14899359207509635,2.3228178946900635,2.6894590548263475e-09
0.12097159814459411,0.14899359207509635,0.9851625553789107,2.2324100317332524e-09
0.12097159814459411,0.14899359207509635,2.8395280100611378,2.7163263227960934e-09
0.12097159814459411,0.14899359207509635,2.7644621368738362,2.7139006990767867e-09
0.12097159814459411,0.14899359207509635,0.5159903496180926,1.7806908389233322e-09
0.12097159814459411,0.14899359207509635,2.8068864684467862,2.715315619662015e-09
0.12097159814459411,0.14899359207509635,1.214149490262361,2.3907792699207463e-09
0.12097159814459411,0.14899359207509635,2.2815147138813834,2.6859082112173207e-09
0.12097159814459411,0.14899359207509635,1.2265597769166168,2.398038344307784e-09
0.12097159814459411,0.14899359207509635,2.4645503552834365,2.6996897047899892e-09
0.12097159814459411,0.14899359207509635,0.9737047259680067,2.2232416717088936e-09
0.12097159814459411,0.14899359207509635,0.28741989534017653,1.5554353089888399e-09
0.12097159814459411,0.14899359207509635,2.359867126925982,2.692411201128915e-09
0.12097159814459411,0.14899359207509635,1.460432663486319,2.512005618284332e-09
0.12097159814459411,0.14899359207509635,1.085766011318158,2.307798863736406e-09
0.12097159814459411,0.14899359207509635,1.6611721000030424,2.5803948750726905e-09
0.12097159814459411,0.14899359207509635,1.8810114600380206,2.632115340581261e-09
0.12097159814459411,0.14899359207509635,2.522371774938029,2.7031163353308247e-09
0.12097159814459411,0.14899359207509635,1.0220476693673939,2.261118777577187e-09
0.12097159814459411,0.14899359207509635,2.521788136932025,2.703083648543249e-09
0.12097159814459411,0.14899359207509635,2.2555412934700767,2.683525623327859e-09
0.12097159814459411,0.14899359207509635,2.197326477265632,2.677731741151992e-09
0.12097159814459411,0.14899359207509635,2.5079601636375384,2.7022981825525154e-09
0.12097159814459411,0.14899359207509635,2.52386042729707,2.703199538694491e-09
0.12097159814459411,0.14899359207509635,2.7325953071312754,2.712757157366625e-09
0.12097159814459411,0.14899359207509635,1.0546790282602108,2.2854859413485884e-09
0.12097159814459411,0.14899359207509635,2.920758698159125,2.7185755980470855e-09
0.12097159814459411,0.14899359207509635,1.8781648646041291,2.631569606416071e-09
0.12097159814459411,0.14899359207509635,0.3031413470055737,1.5693832813828162e-09
0.12097159814459411,0.14899359207509635,2.088038792378231,2.6649436556805917e-09
0.12097159814459411,0.14899359207509635,1.9926823677017653,2.6513955494713013e-09
0.12097159814459411,0.14899359207509635,1.9774899567001314,2.649002997007081e-09
0.12097159814459411,0.14899359207509635,2.740324483288852,2.7130411596044296e-09
0.12097159814459411,0.14899359207509635,2.9043365491558633,2.718149567242657e-09
0.12097159814459411,0.14899359207509635,2.9385072093567657,2.719020716659776e-09
0.12097159814459411,0.14899359207509635,1.5282672078209314,2.5377856942131715e-09
0.12097159814459411,0.14899359207509635,1.602847874631799,2.562900553443081e-09
0.12097159814459411,0.14899359207509635,2.515167408993201,2.702710225933445e-09
0.12097159814459411,0.14899359207509635,2.9217032809044134,2.718599683868414e-09
0.12097159814459411,0.14899359207509635,2.9118228474073202,2.7183454997847585e-09
0.12097159814459411,0.14899359207509635,2.7278565025544204,2.7125808804828033e-09
0.12097159814459411,0.14899359207509635,2.5369337339645726,2.7039199013205553e-09
0.12097159814459411,0.14899359207509635,2.029457583728695,2.6569115762442014e-09
0.12097159814459411,0.14899359207509635,2.743865165148513,2.7131698197405636e-09
0.12097159814459411,0.14899359207509635,2.428610933931761,2.6973563199707956e-09
0.12097159814459411,0.14899359207509635,2.8977434173242305,2.7179745884416962e-09
