Theta,WQ
0.1485708248672549,4.599973901375228e-10
2.3287803471688315,6.980052694709186e-11
2.34087546175572,7.119361098733361e-11
1.3051362866081757,3.8133150256563526e-11
0.1877890339208285,3.623471228525726e-10
0.4251578450089914,1.5271389017420058e-10
0.1467034305381353,4.659378112689698e-10
0.545199878107379,1.1490381381090697e-10
3.0895132733312263,1.3207358200457724e-09
2.7809455220698847,1.829485296885025e-10
2.0511085992414477,4.710120943758339e-11
2.9611731441740137,3.774857093217036e-10
2.747223349927354,1.6595309638094054e-10
1.5367388383770777,3.448255481326162e-11
0.1636498282168329,4.169621074932537e-10
2.668827836855377,1.3551783885194223e-10
2.553984523510964,1.0510315996992537e-10
2.4104065727076773,8.011411226110457e-11
0.04285507896626553,1.6054846357371025e-09
1.4572616546872126,3.5090372181604175e-11
1.7931663507478548,3.70081537572766e-11
2.6716638789932436,1.364484838091983e-10
0.194879497381582,3.488512425661385e-10
1.360310405872975,3.6736113021046524e-11
0.0847684089286354,8.102164368593662e-10
0.9091680156453921,6.0097961990004e-11
1.4380444769371867,3.5336636200736916e-11
0.39744001362495174,1.645440206457069e-10
0.7397465539290912,7.892475768047094e-11
1.1729564731886022,4.294337176344182e-11
2.3594104994232783,7.341449873572142e-11
1.5697620162090664,3.442270178706742e-11
0.7398180006368157,7.891494664285686e-11
2.6290948944729373,1.2351936253729864e-10
0.21655981852608439,3.13006365906661e-10
1.7671399225114723,3.643270414785768e-11
1.2588089343439832,3.9576440641485164e-11
1.6346342907254365,3.463328450710837e-11
2.9872475521459947,4.42531827081966e-10
2.159171100503266,5.4128020046492693e-11
0.677275487883768,8.828682740472718e-11
0.7282040519024656,8.053495779708054e-11
1.5831763300414552,3.443056050591187e-11
3.1145045472792745,2.5409106621111532e-09
0.4552751500388514,1.4143400034016387e-10
0.6457254750579543,9.368834751155748e-11
0.018306756976153134,3.760229247934941e-09
0.13392013310606593,5.110209765644725e-10
0.05025847938401524,1.3686719794083174e-09
0.17054731451769145,3.997939751281789e-10
0.5057756413944935,1.2542232582830176e-10
2.2339000977957415,6.02296626010218e-11
0.1142044984108363,6.002144279926674e-10
0.6650335781915166,9.032351390074899e-11
2.8390686154702376,2.2082275415958296e-10
0.1183864171735112,5.788252915816832e-10
0.01377862630754263,4.996211889677783e-09
2.666583485118863,1.3478890784124514e-10
1.2556195070651408,3.9685162216758046e-11
2.8797977138142956,2.5709311357974165e-10
3.0446798613086936,7.081664020959851e-10
0.08108844085028612,8.471578023976099e-10
2.1043202867573916,5.031921530239983e-11
2.00930115650702,4.4873754340212767e-11
0.645846771095784,9.366660007670642e-11
0.19729183615346435,3.444783116701856e-10
0.7594413654448919,7.629022164272793e-11
3.083815778935957,1.1902472512031018e-09
3.1071258249358955,1.9966455836230704e-09
0.10804106432914667,6.347436812047274e-10
0.21810053061290308,3.107268026296356e-10
2.671211159338118,1.3629920276240206e-10
0.08842914944622672,7.76511771840953e-10
2.7671414727931767,1.7563390825611107e-10
3.022084047548299,5.733392912364691e-10
1.977460283472032,4.3343171505210554e-11
2.072770213514889,4.835755196927671e-11
3.046973406909709,7.254381089267478e-10
2.848543993252567,2.2838060760650336e-10
0.33538725368113176,1.9784076849415903e-10
0.4901703929620865,1.3003246554464625e-10
0.45866698469385075,1.4025284879330247e-10
2.7370873003079543,1.613802680383989e-10
3.0497060070306263,7.471383798601754e-10
2.115097560950296,5.102654621427593e-11
2.071617009906821,4.8288847090925556e-11
1.7091859703343972,3.541630081103424e-11
1.5051715317541525,3.464525399550815e-11
2.4184896433431264,8.126284408964708e-11
3.081072584366282,1.1361741016638143e-09
0.27439178239494416,2.4475053374467645e-10
0.07814756587236127,8.791753033160801e-10
0.15785375894213616,4.3253869915503065e-10
1.6185588497735197,3.4540504234383705e-11
1.2921854697009556,3.8511301350876244e-11
0.11973885782641187,5.722263241445754e-10
2.9842248786125625,4.338964649980637e-10
2.9355211552291136,3.2941734617718714e-10
1.610984633962613,3.4506074272696304e-11
2.6346108019753967,1.250773037690721e-10
2.7003560259414683,1.4650783910403336e-10
0.05476949936992279,1.2557448797326228e-09
0.3658288651202655,1.8014017703835614e-10
1.0135770352932199,5.1900268026419085e-11
3.057521046914401,8.169636448375302e-10
1.6445116982640484,3.4703605374771936e-11
0.011026562142420853,6.243333336990653e-09
2.327032337980621,6.960273925437453e-11
2.6062676852336364,1.1739916406590115e-10
2.1670653621539318,5.472055579746927e-11
0.14950232324370488,4.5708926580724355e-10
0.8771569347119946,6.306614246962256e-11
2.978441392168412,4.1825882432730333e-10
3.070174030012443,9.62331987094766e-10
3.1073419569662954,2.0092549518950325e-09
0.5927908208182314,1.0399779211309159e-10
0.22662719427509959,2.9866366948645695e-10
0.515451574547778,1.2269819938285416e-10
3.0180954474115502,5.546436330460851e-10
0.7863679591839128,7.290358253728881e-11
0.40062240008524513,1.6310568326494597e-10
0.08703480451235072,7.890161155655766e-10
2.530231207799252,1.0018511351578721e-10
0.04138297879904419,1.6626645903534256e-09
0.5489081442636558,1.1398896564032372e-10
0.7906114289658234,7.23912686872555e-11
2.4520779779251227,8.632120690604592e-11
1.6797678708661476,3.503761961168742e-11
0.17074169612868698,3.993300715168319e-10
0.03416149447043054,2.0145055948381106e-09
1.5140723027511,3.45889186183166e-11
0.022610176344898238,3.0443620694867476e-09
0.3296112790262828,2.015568996874085e-10
2.627840791591586,1.231696167144305e-10
2.2177624701042924,5.881497313807983e-11
1.990942551955236,4.3974273030975583e-11
1.8007723524590384,3.719051123690795e-11
0.6942833579605766,8.55737259134183e-11
0.04916854245989884,1.3990623299247164e-09
2.1163049030074244,5.110700043460252e-11
2.088241624115719,4.929953689018074e-11
2.9759265696592454,4.117969881616051e-10
2.1791852767042266,5.565318065160282e-11
1.7444099905481463,3.5990873060490364e-11
0.08916380586385914,7.700803631153662e-10
0.43859879235237986,1.47495994994417e-10
2.7326709959909454,1.5945624419570803e-10
2.7279009849437172,1.5742258477304635e-10
0.4897693227254823,1.3015465701050714e-10
0.3852283844188268,1.7027584251683408e-10
2.1707859411249464,5.500387575038618e-11
0.24126499737238505,2.7991395063450366e-10
2.7736119868305478,1.789964598442178e-10
2.9389961694740316,3.3522436489185375e-10
1.3043913869271682,3.815437517386624e-11
0.3627510772620819,1.8179888639035346e-10
0.389366229274069,1.6829478987148512e-10
1.1318210035760452,4.48974237591268e-11
0.9188141572449491,5.924867256401632e-11
0.6745881527046086,8.872774481801857e-11
0.8850261385067356,6.231450329256168e-11
2.777627191938625,1.8114117654738192e-10
2.5975415292270827,1.1518963995350368e-10
0.5626479237670599,1.1070006781124965e-10
0.49607014468958527,1.2825689811213223e-10
2.823570881300361,2.0940882838434575e-10
2.9428230532693154,3.4185132717738124e-10
2.651328943418188,1.3000406265449572e-10
3.063098232082706,8.752745289154963e-10
1.3915899466919939,3.609437844116577e-11
0.7416422138334258,7.86650855325395e-11
2.7885091692498216,1.871910110779618e-10
0.9961220933047212,5.312693707584335e-11
0.06637118206389583,1.035755840793869e-09
1.9043225576830836,4.033460329491653e-11
1.30480322573242,3.814263248123079e-11
2.53614948868049,1.0137574556545517e-10
2.629033003964293,1.2350206400153824e-10
2.50275047148252,9.493556964560126e-11
1.74851661553705,3.6066544652755874e-11
0.6238521632953834,9.774372886263817e-11
0.06433836074534705,1.0685758889741103e-09
0.8122807455033364,6.986084849646287e-11
0.8800398000277158,6.278907435984034e-11
0.6306013876542317,9.646339789943604e-11
1.2953095646283312,3.8418302162420135e-11
2.4926240990666364,9.310959951548794e-11
0.7153076583161745,8.239506198223796e-11
2.481961767374714,9.124576429566549e-11
3.1181615806281924,2.9376672722915197e-09
2.027831055572321,4.5829711277797596e-11
2.708060434838659,1.4942636628934954e-10
2.8912411923642805,2.693602832470145e-10
0.3084494979176107,2.1632675570193933e-10
0.343860548862295,1.9260876733991244e-10
0.02919891535727653,2.3571332052110934e-09
3.051760598066366,7.643214240147909e-10
2.6171812201341007,1.202615519227124e-10
2.2326899621336693,6.012160960832748e-11
3.1013227494799684,1.7086729793623702e-09
2.9921847053210997,4.573822639025949e-10
2.2478483494740646,6.149873358820422e-11
0.21309406934092798,3.1825288560476027e-10
2.867838272369894,2.4534833843413793e-10
1.8518446638343269,3.8584650088169123e-11
2.350421603769893,7.232412541484242e-11
1.6951304909235942,3.522396201649928e-11
0.6602903496217016,9.113240630234132e-11
1.7157275409140378,3.5512971369649184e-11
3.124417128422206,4.007942888837196e-09
1.8416551242000858,3.8282616965193514e-11
1.4008521109209782,3.5924799601283554e-11
2.973998471081407,4.069729625483413e-10
2.1415769265621827,5.284863241416494e-11
0.6749910821803876,8.86614168992315e-11
0.3899503866304236,1.6801838537021246e-10
0.24595584533370687,2.743700051030812e-10
1.940940841682861,4.1755169179763385e-11
2.4658023209298077,8.853007728271152e-11
3.0163512665012293,5.468406216026198e-10
0.8845384074512941,6.236066396308893e-11
2.6659993029688405,1.3460025597048743e-10
2.865053467634178,2.4275638495172525e-10
0.3995849111927339,1.6357216860296475e-10
3.1309205254291363,6.450698347858202e-09
2.8627996293124602,2.406957374755199e-10
1.5529248272653342,3.443913926530889e-11
0.6238309641485111,9.774779247608682e-11
1.9500887229569677,4.2136594715793926e-11
3.123441450348121,3.792461150804361e-09
2.50535489631248,9.541428917046769e-11
0.6480177991951293,9.327868605449422e-11
2.822827447992701,2.088884817138339e-10
2.516822472347319,9.75680114986043e-11
1.0785951761699093,4.778184727965148e-11
2.593591531753447,1.1421163711425526e-10
0.03739395821606502,1.8402228926388769e-09
1.1667756520573105,4.3222318453587895e-11
2.0205380638525474,4.544761504043398e-11
3.0591937969756335,8.336257569694169e-10
1.117659943320548,4.562451623770396e-11
1.5055269105754916,3.46428469774595e-11
2.997122796549036,4.732433910061639e-10
1.7933483592801205,3.701244211409811e-11
2.4743021023160128,8.994254723720931e-11
2.362339935751481,7.377539206115957e-11
2.0953903477896927,4.9747699191332665e-11
3.012364227678028,5.297907702346006e-10
0.8275396584609195,6.816134365477659e-11
3.0039744842185447,4.971234212444301e-10
1.9118889840826492,4.061440394724985e-11
2.9678779902494687,3.9236309366606074e-10
0.18517770819290172,3.675749545096534e-10
1.3613769702712306,3.6712463043204543e-11
1.4372723906211973,3.5347346752974374e-11
0.036255755656474764,1.8980473259580464e-09
2.9809280476910116,4.2484549985253463e-10
1.0621102999535716,4.876157609940111e-11
0.24931459325877847,2.705263746250539e-10
3.1244726321126155,4.020939326760478e-09
0.6975314900902196,8.507032943730813e-11
1.6735821190513263,3.4969603040523856e-11
2.9586768763330706,3.7222265286477105e-10
0.2820790375029723,2.3774912451918293e-10
2.869535208978492,2.469532259809722e-10
0.032910241039080565,2.0911559486610063e-09
3.1224586989765624,3.59763017258374e-09
2.802283762949067,1.953877455456742e-10
0.7361781007282594,7.941719332498418e-11
0.7685975266818978,7.511164222121276e-11
3.109087678866324,2.1172468177924256e-09
2.962651167262384,3.806704323793341e-10
0.4633680176329976,1.3864322489954917e-10
2.14259656786315,5.2921251100721765e-11
2.6301888396887154,1.238257841801433e-10
2.4667504406328415,8.868591388826798e-11
0.04809990705835846,1.4301948104271514e-09
0.785166238859685,7.304969469685559e-11
0.7521709527457848,7.724665992053572e-11
1.739822400292627,3.590849451750157e-11
1.3746809340296346,3.642798836932789e-11
0.8122561164479397,6.986364538887129e-11
2.9592394713677894,3.7339636192570577e-10
3.1134350161460436,2.4443493514541545e-09
3.091899835885051,1.384277871777117e-09
2.6405162568907117,1.2678165092589282e-10
2.6873736325579927,1.4180523474751586e-10
2.752392548789029,1.683735408660073e-10
1.429632091861984,3.5456747142296975e-11
0.142237363518054,4.807731665111684e-10
2.7257067863285496,1.565021897147662e-10
0.5757077159744227,1.077135546876549e-10
2.78263841587383,1.8388303690807664e-10
1.3689706429345558,3.6547706543008535e-11
0.22400248538913825,3.022805913957835e-10
0.011182708270778125,6.156149456160853e-09
2.5784575119533226,1.1058626664188955e-10
1.2101770664831357,4.1369406629807255e-11
0.9506349099735315,5.6586286071749294e-11
1.99669136473917,4.4250915496480157e-11
0.310588628932809,2.147447609641667e-10
2.6515591892034087,1.3007416114851169e-10
1.468970156130688,3.495941126826972e-11
2.8822208381044843,2.596020137619784e-10
2.865413149510179,2.4308828110977444e-10
2.307208030542915,6.74200911144561e-11
2.9081972461809364,2.897065856907052e-10
3.0374950294155822,6.589722666454043e-10
2.775217140715975,1.798483933803713e-10
1.590716474235459,3.444313757503758e-11
0.15576638575181623,4.384299898493933e-10
0.8509556121730697,6.567770062825717e-11
0.33031856774641605,2.0109506205419554e-10
1.7002427515304879,3.529149705848105e-11
2.698737672587087,1.4590718670670683e-10
3.052979342672497,7.748895758767286e-10
2.285298421520345,6.513163000024124e-11
0.8355772372238806,6.729224797190095e-11
0.2042048997065527,3.3251232034896126e-10
2.3961089301127463,7.81429124826162e-11
2.784141225759386,1.8471979580857443e-10
2.5725294986145313,1.0921660771679916e-10
2.7519534476365575,1.6816552652646454e-10
0.5509886303037109,1.1348086505229716e-10
0.97303946075588,5.4833539220727945e-11
0.2881009704567685,2.3251983023862256e-10
0.4245395829850895,1.5296154240749415e-10
0.2620835987635646,2.5679726894550216e-10
0.42059439518627256,1.5455832129825306e-10
0.37518300435538154,1.7526065984769252e-10
3.0053034657503206,5.020315502481149e-10
1.4356941573952309,3.536943713115921e-11
1.2883134763580077,3.862814144774539e-11
2.729633342331664,1.5815591873954138e-10
3.0843979115428413,1.2023884811464712e-09
1.5735572383780976,3.442304013665544e-11
0.5215769870867651,1.2102371730855042e-10
2.0585135136118833,4.752261790152417e-11
1.2305606545619712,4.058235818359373e-11
3.045292260020733,7.126978467982727e-10
1.399941225173058,3.5941065692162514e-11
2.2985393457736767,6.649954592292074e-11
0.9002023088628928,6.09057095071051e-11
2.4298131182334988,8.291555669201712e-11
2.399632821486172,7.862170701270593e-11
0.4320010148024135,1.5001831615617964e-10
0.6506451559760966,9.281259280245143e-11
1.6538445638591182,3.4779382514195005e-11
2.39071489751124,7.741873188061209e-11
0.07216899974338,9.522920017279921e-10
2.247931670837553,6.150644693873674e-11
0.2808240726520219,2.388665077216843e-10
2.5645122179716444,1.0740717345664016e-10
1.7044453186073747,3.534908750301121e-11
1.8250340451476843,3.781566305207211e-11
1.7870900830756442,3.686710379843796e-11
0.46391397214153407,1.3845831914964038e-10
3.0317178902237116,6.240676011116183e-10
0.5471926595099494,1.1441070828743229e-10
0.25935758992678803,2.5961687862341935e-10
0.2559537925258083,2.6322022659834984e-10
2.449908465899464,8.59798874937518e-11
1.0503020266341354,4.9489673428644574e-11
0.6498861112630729,9.294687201167274e-11
0.5240618114927856,1.2035513640693488e-10
1.3282577343562354,3.7505907484215366e-11
2.744085076509267,1.6451325344124825e-10
2.424421079088021,8.212212627959736e-11
2.9990490330791952,4.797263528481115e-10
0.2156961069934275,3.1429831520676267e-10
0.34015216695058964,1.94867442803396e-10
0.25253843082191846,2.669315859512159e-10
0.20783720423002142,3.265401741109019e-10
3.0079162019372037,5.119635977269209e-10
2.919118697237416,3.0442567528693424e-10
0.16458635083400253,4.1454737669383363e-10
0.4006561587937722,1.6309054348475903e-10
2.295860146533405,6.621907735657752e-11
1.657471501757553,3.4811282228248784e-11
0.030401286403589273,2.2638545096989516e-09
0.8616135508800011,6.459474170462802e-11
0.4621262310536206,1.390653574877153e-10
3.046846553523538,7.244610503177693e-10
2.9962207126915583,4.702660097127445e-10
2.616201397398116,1.1999991482865621e-10
0.6256360295895241,9.740273596411302e-11
0.7777804327019083,7.395781574773271e-11
1.3551947894633865,3.6851295291830036e-11
3.039506325413469,6.720478918963398e-10
2.6371276633768623,1.2579901247762015e-10
2.5744080469887356,1.096476725898191e-10
2.748074779567417,1.6634755231366757e-10
0.87381474480245,6.338985127106135e-11
0.6591283689372293,9.133229214166061e-11
0.630224175493267,9.653425649604445e-11
0.4845764808082944,1.317542136323964e-10
2.901271160882305,2.810547359701242e-10
3.0578121064191053,8.198151577242988e-10
1.427732421131598,3.548491185302815e-11
2.803729909114117,1.9628588879675513e-10
0.9563613168110127,5.612900465221732e-11
0.13857188323878755,4.936588856905185e-10
1.2782240299433798,3.894084109519596e-11
2.453680923378423,8.657474599315837e-11
0.22527972391494816,3.0051015250210175e-10
2.1755665964901554,5.537178202825102e-11
0.6029866849879686,1.0187654171497336e-10
2.980267679735741,4.2307667275919985e-10
1.701103891651537,3.5303145326152116e-11
3.02300967386797,5.778568975774605e-10
2.7605108514006558,1.72302730934609e-10
3.029653369038525,6.124646138422235e-10
1.335100064375113,3.733192260922486e-11
2.4555161276427766,8.686644608200343e-11
1.7952353562810075,3.7057119737907303e-11
0.014231955933184982,4.8370473840576645e-09
2.733920293491121,1.59996444684781e-10
0.7572334958392625,7.657871887484716e-11
0.8930234093184454,6.156552207735612e-11
1.0121648225322566,5.1997524264467633e-11
0.056389762285770334,1.219590051591836e-09
2.1450900460227778,5.3099619362011255e-11
0.5157378818527177,1.2261908444660233e-10
1.8566542626743319,3.873141551152723e-11
2.841460419145788,2.2268658685968756e-10
0.5239707569057451,1.2037952891639425e-10
2.768036329171283,1.7609222853073123e-10
2.676824720635116,1.3816993216432122e-10
0.2642352353111804,2.546120389806575e-10
2.879505105428776,2.567932256656006e-10
0.48986385526760584,1.301258391337887e-10
1.036294674431305,5.038258460552394e-11
0.9936000109909849,5.3308660083122924e-11
2.8778350155492958,2.5509407504530494e-10
1.384514728538429,3.623018128505796e-11
0.26943118826602563,2.494760416724682e-10
2.185616404418404,5.615955137845622e-11
0.2745969604375575,2.4455867974157533e-10
1.356907573229571,3.681240798551622e-11
0.29798858238018056,2.2438184568588853e-10
1.1082228948013684,4.612503429546856e-11
2.912597303556965,2.9547036492611554e-10
0.3498570257846688,1.8905480419222748e-10
0.8179206366395118,6.922498678230518e-11
2.4750277565245797,9.006476039597657e-11
1.184359435564288,4.244202695103426e-11
1.6196404894712366,3.4545905960303236e-11
2.300399986526477,6.669543992409452e-11
2.221282709543412,5.911877999822155e-11
1.3327935016551962,3.738998373156544e-11
2.5284277209606714,9.982669094865384e-11
2.725942259001209,1.5660051480822516e-10
0.2281812171981624,2.965608087550439e-10
2.1557802668813286,5.3877060220550406e-11
2.525905177364558,9.93287579847178e-11
2.968801775358162,3.9450249510203023e-10
1.856175659662992,3.871668963622536e-11
0.621421073511701,9.82114820654424e-11
1.3313460325203939,3.742672558045949e-11
0.05424393727710415,1.2679358143068842e-09
0.08635611310326281,7.952482915229381e-10
0.09395390595720482,7.306058235059381e-10
0.19010754445933942,3.578245781771192e-10
2.642947254817886,1.2749447724629668e-10
3.1005944612933156,1.6782871712953952e-09
0.9962886824368181,5.311497418067116e-11
1.3926629063629534,3.607425839332644e-11
0.0378809708794522,1.8165420739499886e-09
2.182618524441884,5.592250227318682e-11
3.077447058941101,1.0717959406352992e-09
1.8387656012742504,3.819915691315718e-11
0.10438073414954806,6.571720587791891e-10
0.14879572719488016,4.5929193755190535e-10
2.9482704985070276,3.517315777387609e-10
1.710312063293285,3.5432617599372434e-11
0.7455279276031475,7.813693517214697e-11
2.7491894782476867,1.6686647305036474e-10
1.5652781403048257,3.442421883519671e-11
3.0225458443763165,5.755843929025247e-10
3.054994661159808,7.930160259144288e-10
2.9824794674197714,4.2905834542987665e-10
0.2636928010388955,2.551596465886477e-10
0.48591637696611334,1.313383495233312e-10
1.1751885209350796,4.284388615565942e-11
0.06691041942402448,1.0273840050287718e-09
0.5200580971156501,1.214354098235473e-10
1.0397058046296814,5.016217739390748e-11
0.2139916206742024,3.168780741647784e-10
3.0872297525015453,1.2651557117951305e-09
1.4417117436370748,3.528662602122341e-11
1.2413840263153062,4.01854293243853e-11
0.42052466298732133,1.545868039415223e-10
0.8767155421035231,6.310873962814234e-11
0.15477040436275263,4.412965609074785e-10
0.9895646243958143,5.360181389664811e-11
1.8355599001228693,3.810769133343506e-11
2.5409703039649445,1.0236227394210702e-10
2.039206695092341,4.644110684834671e-11
2.649880294763579,1.2956446288598723e-10
1.6756879803593774,3.4992307293453755e-11
