Theta,WQ
0.8458508845515623,6.620672868128524e-11
1.674077795553753,3.497490527235761e-11
3.110807904494582,2.2356378801183998e-09
0.3478139956851907,1.9025230902455785e-10
2.92650612643859,3.152162896404576e-10
2.2963138212547434,6.626643695393068e-11
0.7405808959585396,7.88103039265316e-11
2.654345008780375,1.3092733338016015e-10
0.15187982637146596,4.4982731092698383e-10
0.9828261890927199,5.409796091966091e-11
0.763095047121323,7.581649766235354e-11
0.488048304101549,1.3068117190499915e-10
1.2245693187519842,4.0808304621346814e-11
0.15834848855530104,4.3116499271263536e-10
0.451619585944438,1.4272604374337481e-10
2.569210527971774,1.084616462465661e-10
0.31521003085827526,2.1139843691446007e-10
2.3308684650402394,7.003795871342389e-11
1.9549506022111451,4.234372049596658e-11
2.8832117925121934,2.6064134111443373e-10
1.8521112183269797,3.8592713276063796e-11
1.5023289996266114,3.4664979250364725e-11
0.43215834837005657,1.4995730657132882e-10
2.1558440700586,5.3881762824755844e-11
2.0869447080135406,4.9219113577083353e-11
0.30110922078974534,2.2192177272330026e-10
3.060842624757438,8.507236234032135e-10
0.3502456536240432,1.888285467301504e-10
0.9672542232207111,5.5276848811495696e-11
0.8459636543615666,6.619496839358026e-11
0.029602508306746586,2.3249782725646097e-09
2.286077007727288,6.521081509395761e-11
2.9212523061448725,3.0746893263484246e-10
1.3202893574414127,3.771519626459071e-11
0.6240451795094496,9.770674230455871e-11
2.68571044544708,1.412213634481649e-10
1.8459375964947498,3.840808706017564e-11
0.7309901448739615,8.014165940654042e-11
0.21767293843093447,3.113562580219992e-10
3.114085281097298,2.5021631241045804e-09
0.03341127784608344,2.0597740855495963e-09
2.99991359349855,4.826930671632906e-10
0.1748881193571766,3.896777618218837e-10
3.0445907229851747,7.075115786757374e-10
0.02013578016608521,3.418590651092566e-09
2.3655362288589044,7.417232368087519e-11
1.2002811060640242,4.1770416604563785e-11
0.13125936099779092,5.215019578418516e-10
2.9965629794746156,4.713913501255326e-10
2.8462412672892357,2.2650035209844213e-10
2.8378981437682045,2.199210910880922e-10
2.8087477499178157,1.9946101940100788e-10
0.23705432484491476,2.850740238459613e-10
0.08495182179043516,8.084587900023965e-10
0.6342001214919211,9.579147807981286e-11
0.9516857318827998,5.650188677860817e-11
2.7244587227725052,1.5598282630470165e-10
0.3501010631441794,1.88912669801911e-10
1.2187165788426864,4.103334344544374e-11
2.0872494582576024,4.9237987278813236e-11
1.577040868557008,3.4424659999346796e-11
0.7895654243360274,7.251702958934673e-11
0.1669038546992875,4.086874377659521e-10
0.5172615926354949,1.221994498859797e-10
0.37698510141297675,1.7434751696932634e-10
1.4203969371731737,3.559727921499229e-11
0.3995826971031631,1.635731666192859e-10
3.105630691802674,1.913567090414021e-09
0.9852077974882755,5.392165143252885e-11
1.1366906371179275,4.4653947558149656e-11
1.2804192976683915,3.8871785918955e-11
3.0993716713309705,1.6296259292795407e-09
0.455835119715123,1.412378378780933e-10
2.48232231490913,9.130783355002782e-11
1.0959424581105066,4.679585797500979e-11
0.09270338687135862,7.405187768572686e-10
0.502108340291647,1.2648105895321108e-10
1.1270871496140464,4.5137310304718594e-11
3.0146754169817465,5.395443303703069e-10
3.08410265451017,1.1961997674048076e-09
1.906733130253827,4.0422978043316096e-11
3.0636741193748738,8.817700154716546e-10
3.064390162201085,8.899812090003728e-10
0.7488244337607353,7.769317029142184e-11
3.0887251591398774,1.3010113088239043e-09
1.3253129046897962,3.758241489168694e-11
3.062305501602262,8.664872775673498e-10
2.661945247161033,1.3330320083276106e-10
0.33197076727119607,2.0002367948340232e-10
1.8028126513829137,3.724052881747996e-11
1.9320283671533829,4.139387614373141e-11
2.8566789866579705,2.352606859862148e-10
3.0453377329203337,7.13036616252607e-10
1.0730621796586999,4.8105976940904466e-11
2.6449897290604767,1.280985439760569e-10
2.973767806545572,4.0640320803501223e-10
0.11253436450437738,6.091988820149436e-10
1.151101609621237,4.3952737865559025e-11
0.5838550190354868,1.0591538874990587e-10
0.1282369247852335,5.339322179430156e-10
3.007580567882194,5.106661665025165e-10
2.5747234222148747,1.0972030932040241e-10
0.04745934090260661,1.4495279304530974e-09
0.07135794987999952,9.631530086128945e-10
0.21845376833016697,3.102086361379857e-10
0.10761322279486549,6.372867877529018e-10
0.7948705269433569,7.188270005900234e-11
0.12776843104741215,5.35911333336606e-10
1.2771535833341285,3.8974719488353054e-11
2.540862492156919,1.0234004491947005e-10
2.398099606427035,7.841282996241644e-11
1.4478916282974545,3.520557265978865e-11
0.050481112587988645,1.362625644570814e-09
3.0196599602836565,5.618318365024587e-10
0.24868229877459558,2.7124215777326504e-10
2.9349560337939025,3.2849121454907857e-10
0.6285903347700312,9.684211879647888e-11
1.9644220001248396,4.275609265253498e-11
2.652935763577986,1.3049457996692577e-10
1.7074104574198907,3.539084789577286e-11
0.2640470540772866,2.548017651198187e-10
1.1808679716436241,4.259371479330731e-11
0.4051941432092248,1.6107752805345597e-10
1.9364700916783475,4.1572668562771807e-11
2.9615185968598676,3.7822542776257163e-10
1.3501842142769018,3.6966924924290955e-11
0.44907865118428303,1.436360146622726e-10
1.3855247336885192,3.62104621616594e-11
0.9229987557207556,5.88864896827004e-11
2.8387076752967384,2.2054398216809544e-10
0.18121346878582925,3.7579618479340725e-10
0.6662966611174468,9.011000173626631e-11
2.792943747521106,1.8976128913980147e-10
1.717544615064978,3.554063286239779e-11
1.3954318329223476,3.602291193120816e-11
2.94669694979647,3.4882150770066356e-10
3.083286004875183,1.1794085135048777e-09
0.9471730738824607,5.68658883752744e-11
2.254406905117526,6.211077976522848e-11
2.872319783004934,2.4962966385767236e-10
2.784449168148187,1.848920989038274e-10
1.1445176258403398,4.426954000222232e-11
1.6979352104460854,3.5260671094582574e-11
2.95329956052654,3.613545218938077e-10
0.5381708992110121,1.1667101580896107e-10
0.6738871474970768,8.884332464984245e-11
3.055928094706599,8.016999075744462e-10
3.096095999151544,1.512151217725897e-09
0.12552352114211468,5.455987012558228e-10
2.8927246699395996,2.710315844701177e-10
3.0315935444626825,6.233564780321036e-10
2.6177246305982482,1.2040705993316948e-10
2.0387478607066387,4.641607955428864e-11
2.979160062175272,4.201418948992695e-10
0.15167190303832215,4.504533822866837e-10
0.06324000738729871,1.0871856515419235e-09
1.5347565414067705,3.448973395392516e-11
1.9584694177049549,4.249555133387825e-11
0.0763876812797914,8.995118971162851e-10
2.7805619540448663,1.8273797262337866e-10
0.4758549732163786,1.3451591323529654e-10
2.6826373526955973,1.4015321970647563e-10
0.5346217766048765,1.1758022326590587e-10
0.3858947379752049,1.699540459997582e-10
2.1131118443211436,5.089475823745081e-11
2.74827162426918,1.6643898226418465e-10
0.6463376188084999,9.357867566559166e-11
0.9237049555579252,5.88257354202893e-11
0.15918902233874974,4.288505205250634e-10
2.8701692426000145,2.475579087416455e-10
2.619106050285366,1.207782644932434e-10
1.3449919370232037,3.708969440706121e-11
2.4916968027168314,9.294514709429737e-11
2.870167456418931,2.475562013613943e-10
2.735889368831781,1.6085438456920895e-10
2.4004656499476678,7.873552902753687e-11
0.5894762956045378,1.0470256430574293e-10
0.17873328008996447,3.811232482075699e-10
1.109315634537577,4.6066416145685493e-11
0.21445377169553953,3.1617460762789676e-10
2.3151250233243066,6.827860326443099e-11
1.1833790683371244,4.2484458001296075e-11
1.7727023018813,3.654941538920694e-11
0.12728382630261872,5.379737568686513e-10
1.057872812752629,4.9020301462589095e-11
0.41325403632306995,1.5760728258886518e-10
0.365621130766034,1.8025128057602639e-10
1.447096899643692,3.521576979012125e-11
0.037745067572710796,1.8230888823851992e-09
2.458718408079966,8.737911297869233e-11
0.3429566357673567,1.93154947487165e-10
1.2432477787538616,4.01185303851156e-11
2.803441330603674,1.961060686521633e-10
1.6161678480973112,3.452899369977868e-11
0.1834973088015498,3.710169241397938e-10
2.713603030289278,1.5158838161596178e-10
3.034789632053607,6.421582690308336e-10
2.7637115637068543,1.738966426063317e-10
2.9162507663110513,3.00424489492746e-10
1.7511839828131668,3.6116673995302984e-11
0.41984845389445297,1.5486347874190643e-10
0.9582272107149314,5.5981398322702036e-11
0.07967898124242664,8.622083712153196e-10
1.7229137136897084,3.562442643039051e-11
2.814337633958328,2.0310946180972837e-10
2.757939400751307,1.7104079800559223e-10
1.4119734340396324,3.5733407373418485e-11
0.08637094310429151,7.95111068915165e-10
0.43968001819791164,1.4708958119264237e-10
0.365293605468855,1.804267008333957e-10
2.16008195667695,5.419579559129331e-11
1.965336036483224,4.2796513019632395e-11
0.448177333213399,1.4396117781477904e-10
2.861850820301065,2.3983797466854e-10
0.49137264820387816,1.2966732698009143e-10
0.6623744697286954,9.07756006020033e-11
0.260662586948681,2.582598572230484e-10
2.902714646313238,2.8281718900433397e-10
2.3355071459955097,7.056996683101526e-11
1.4450303608623556,3.524259795195388e-11
2.35359624629727,7.270631282504924e-11
0.975743982100947,5.462847222475796e-11
2.78393868879432,1.8460662691446595e-10
2.8715267463819107,2.488619191702646e-10
0.9109288346473053,5.994141738839484e-11
0.062188737037072644,1.1056125359831605e-09
0.08632749723889953,7.955132082208345e-10
0.07616696219224958,9.021286403955115e-10
0.8606562308316921,6.469083969163731e-11
0.41323760861803294,1.5761422305127501e-10
1.5060246626132463,3.46394977175079e-11
0.29510860154690827,2.2669724315075247e-10
0.17549563295593185,3.8830150512270757e-10
0.9616072413460071,5.5715742848060706e-11
0.4300615732259492,1.5077390143003826e-10
2.6021496002511735,1.1634790709373288e-10
1.3914121299227797,3.6097724901809346e-11
0.24715243909153337,2.7298889994694936e-10
0.20205964672564825,3.361390476509356e-10
3.1220056638992295,3.514398642048253e-09
3.1181260220288816,2.9332142433434466e-09
3.0443938746682297,7.060697432909592e-10
0.26330720813379954,2.5555026178965864e-10
2.0975556731290204,4.9885080760375786e-11
3.1081340284355035,2.0568571287056506e-09
0.210382207136172,3.2247702856308317e-10
1.0065487786990277,5.238773001828072e-11
2.3644437734336896,7.403628376832701e-11
2.244858593627831,6.122301206695905e-11
0.44851950113791145,1.4383758820742213e-10
