x_1,x_2,eta,WQ
0.10812290430501088,0.05292597338741809,1.1930739992194652,4.501823056247486e-10
0.5792257881704496,0.05292597338741809,1.1930739992194652,4.051345511078419e-13
0.5603795105485339,0.05292597338741809,1.1930739992194652,5.235820054920611e-13
0.3734457788918861,0.05292597338741809,1.1930739992194652,5.684551508788596e-12
0.0010482642374908388,0.05292597338741809,1.1930739992194652,6.0638007975057746e-05
0.19098522837624252,0.05292597338741809,1.1930739992194652,7.668765595848923e-11
0.03225173089626425,0.05292597338741809,1.1930739992194652,1.33727975257625e-08
0.07319921071261466,0.05292597338741809,1.1930739992194652,1.3960821120502022e-09
0.15881785149994015,0.05292597338741809,1.1930739992194652,1.393577337489219e-10
0.008978000828981026,0.05292597338741809,1.1930739992194652,3.5739738813071874e-07
0.016191810800555404,0.05292597338741809,1.1930739992194652,8.077298274958834e-08
0.22097498042538252,0.05292597338741809,1.1930739992194652,4.665198284739344e-11
0.31296610768906796,0.05292597338741809,1.1930739992194652,1.2442883453270472e-11
0.44940308561557646,0.05292597338741809,1.1930739992194652,2.1898941460576585e-12
0.3001483231173638,0.05292597338741809,1.1930739992194652,1.4779394278417716e-11
0.0010731651375132933,0.05292597338741809,1.1930739992194652,5.7450988587234955e-05
0.004284073179486768,0.05292597338741809,1.1930739992194652,2.1938468048102586e-06
0.2637303695817371,0.05292597338741809,1.1930739992194652,2.4532373868806213e-11
0.01278019242361315,0.05292597338741809,1.1930739992194652,1.474145824576709e-07
0.01431248729466756,0.05292597338741809,1.1930739992194652,1.1063225734799586e-07
0.46733458508487835,0.05292597338741809,1.1930739992194652,1.7478537847006746e-12
0.7650116797180205,0.05292597338741809,1.1930739992194652,1.9186158522199854e-14
0.09332069985006897,0.05292597338741809,1.1930739992194652,6.936679520995012e-10
0.007904363639803999,0.05292597338741809,1.1930739992194652,4.902098003750976e-07
0.2921742805468173,0.05292597338741809,1.1930739992194652,1.6473499185199176e-11
0.06308008252608492,0.05292597338741809,1.1930739992194652,2.127267672756071e-09
0.13719017089205066,0.05292597338741809,1.1930739992194652,2.1980730947767626e-10
0.42404052027699585,0.05292597338741809,1.1930739992194652,3.0088793743445426e-12
0.05265462134495447,0.05292597338741809,1.1930739992194652,3.5232527975599626e-09
0.06511704710359609,0.05292597338741809,1.1930739992194652,1.9446224558537452e-09
0.1785637882067376,0.05292597338741809,1.1930739992194652,9.568259507823532e-11
0.1527093914614631,0.05292597338741809,1.1930739992194652,1.5767263705504274e-10
0.015799751121640542,0.05292597338741809,1.1930739992194652,8.600637907893165e-08
0.0021454882892891127,0.05292597338741809,1.1930739992194652,1.1441260465132865e-05
0.2940607413209196,0.05292597338741809,1.1930739992194652,1.6054197531470718e-11
0.0590871209137872,0.05292597338741809,1.1930739992194652,2.555751100521979e-09
0.02365476853526505,0.05292597338741809,1.1930739992194652,3.032836050763184e-08
0.07000262642358195,0.05292597338741809,1.1930739992194652,1.5845633393918952e-09
0.015237594193013682,0.05292597338741809,1.1930739992194652,9.435117321936613e-08
0.020950096798656784,0.05292597338741809,1.1930739992194652,4.160182924041613e-08
0.13391091457250773,0.05292597338741809,1.1930739992194652,2.3670885790338867e-10
0.0911360358808161,0.05292597338741809,1.1930739992194652,7.432239359132942e-10
0.022084522908727998,0.05292597338741809,1.1930739992194652,3.628608545090319e-08
0.03558554235369462,0.05292597338741809,1.1930739992194652,1.0272271348863694e-08
0.014639754440280421,0.05292597338741809,1.1930739992194652,1.0446735724401492e-07
0.10464414971042428,0.05292597338741809,1.1930739992194652,4.957212358018793e-10
0.006782368814353492,0.05292597338741809,1.1930739992194652,7.152732923539575e-07
0.1142859956422198,0.05292597338741809,1.1930739992194652,3.817809141737124e-10
0.39402822067073445,0.05292597338741809,1.1930739992194652,4.383804629791185e-12
0.006459635228348884,0.05292597338741809,1.1930739992194652,8.063620075569193e-07
0.24058852196693103,0.05292597338741809,1.1930739992194652,3.44663552605384e-11
0.03866726040160062,0.05292597338741809,1.1930739992194652,8.209619559011993e-09
0.30577130795669377,0.05292597338741809,1.1930739992194652,1.37001205410159e-11
0.3503627040989272,0.05292597338741809,1.1930739992194652,7.632132797069946e-12
0.3181816202447013,0.05292597338741809,1.1930739992194652,1.1610212589117482e-11
0.11064400679917348,0.05292597338741809,1.1930739992194652,4.2047854193248353e-10
0.16459729316720043,0.05292597338741809,1.1930739992194652,1.2440519922337267e-10
0.14922018866928752,0.05292597338741809,1.1930739992194652,1.6948887504995822e-10
0.04278529424444972,0.05292597338741809,1.1930739992194652,6.236294628965092e-09
0.07117607046459215,0.05292597338741809,1.1930739992194652,1.5116848205755503e-09
0.06636168461148183,0.05292597338741809,1.1930739992194652,1.843181724347409e-09
0.0010866915148681124,0.05292597338741809,1.1930739992194652,5.581865085295165e-05
0.2087470861091064,0.05292597338741809,1.1930739992194652,5.6812300422589196e-11
0.12925897172867004,0.05292597338741809,1.1930739992194652,2.635282495352158e-10
0.3043253796966465,0.05292597338741809,1.1930739992194652,1.3969185125431415e-11
0.0521584014487323,0.05292597338741809,1.1930739992194652,3.6172041384860057e-09
0.03247457019447469,0.05292597338741809,1.1930739992194652,1.3129681041159697e-08
0.018510127086299247,0.05292597338741809,1.1930739992194652,5.731551848742272e-08
0.09102345396592548,0.05292597338741809,1.1930739992194652,7.458988427846842e-10
0.0028129542267512605,0.05292597338741809,1.1930739992194652,6.021118441112463e-06
0.13721174185404433,0.05292597338741809,1.1930739992194652,2.1970116679488023e-10
0.7440331316337894,0.05292597338741809,1.1930739992194652,2.9153186148117326e-14
0.55950108504725,0.05292597338741809,1.1930739992194652,5.298056167258262e-13
0.5228590091001672,0.05292597338741809,1.1930739992194652,8.597577547427092e-13
0.026117205819926666,0.05292597338741809,1.1930739992194652,2.3391102270555254e-08
0.20313656252583281,0.05292597338741809,1.1930739992194652,6.234162578956717e-11
0.07694678062789483,0.05292597338741809,1.1930739992194652,1.2105314327798866e-09
0.16000846224702747,0.05292597338741809,1.1930739992194652,1.3610205686432937e-10
0.01574416384823447,0.05292597338741809,1.1930739992194652,8.678573235533658e-08
0.1205384451691657,0.05292597338741809,1.1930739992194652,3.253398269062157e-10
0.0014548457589287104,0.05292597338741809,1.1930739992194652,2.8418457898019328e-05
0.19491451837364263,0.05292597338741809,1.1930739992194652,7.165166899097828e-11
0.019448477157311548,0.05292597338741809,1.1930739992194652,5.044012025714418e-08
0.007035417531272975,0.05292597338741809,1.1930739992194652,6.535742231166842e-07
0.02412134053725392,0.05292597338741809,1.1930739992194652,2.8814298745838095e-08
0.007022798474062315,0.05292597338741809,1.1930739992194652,6.56471927419216e-07
0.6340879016477537,0.05292597338741809,1.1930739992194652,1.8487893175820813e-13
0.017549414934164818,0.05292597338741809,1.1930739992194652,6.57230632268782e-08
0.003847297527005223,0.05292597338741809,1.1930739992194652,2.8439987050056536e-06
0.00429925207387117,0.05292597338741809,1.1930739992194652,2.17515941772964e-06
0.26984572000738566,0.05292597338741809,1.1930739992194652,2.2482356901052913e-11
0.42266963210916236,0.05292597338741809,1.1930739992194652,3.060959618308886e-12
0.0010369661964241559,0.05292597338741809,1.1930739992194652,6.216715436643302e-05
0.004520917810970083,0.05292597338741809,1.1930739992194652,1.9258643652945335e-06
0.55881450410694,0.05292597338741809,1.1930739992194652,5.347170199461956e-13
0.07179419769065756,0.05292597338741809,1.1930739992194652,1.4750757173996504e-09
0.668113385999321,0.05292597338741809,1.1930739992194652,1.0950348718983811e-13
0.10406508382530502,0.05292597338741809,1.1930739992194652,5.038757940046721e-10
0.2969472419017353,0.05292597338741809,1.1930739992194652,1.5435227435118462e-11
0.042041131661783575,0.05292597338741809,1.1930739992194652,6.542575472058649e-09
