x_1,x_2,eta,WQ
0.07797530152243645,0.03684017669834638,1.8738414796852247,4.303822947718471e-07
0.07797530152243645,0.783428925239911,1.8738414796852247,7.668413630343863e-13
0.07797530152243645,0.05147638978614366,1.8738414796852247,1.82459046019943e-07
0.07797530152243645,0.3424343799066113,1.8738414796852247,5.839349443090019e-10
0.07797530152243645,0.010796703986174008,1.8738414796852247,8.12875774746416e-06
0.07797530152243645,0.03871334578465413,1.8738414796852247,3.7959273010841765e-07
0.07797530152243645,0.4511695415645893,1.8738414796852247,1.5179220525118603e-10
0.07797530152243645,0.0005004503844999036,1.8738414796852247,0.01050555094131339
0.07797530152243645,0.0623358922578062,1.8738414796852247,1.1020418963183022e-07
0.07797530152243645,0.04365114773799081,1.8738414796852247,2.7948129062714656e-07
0.07797530152243645,0.06252629156273506,1.8738414796852247,1.0931580115896059e-07
0.07797530152243645,0.522244032435292,1.8738414796852247,6.134909015050982e-11
0.07797530152243645,0.8945025271549768,1.8738414796852247,2.4545080370920867e-14
0.07797530152243645,0.04482782915430117,1.8738414796852247,2.6102627408000717e-07
0.07797530152243645,0.23507159664004676,1.8738414796852247,2.4289774573946957e-09
0.07797530152243645,0.8720548232110416,1.8738414796852247,5.96825659605907e-14
0.07797530152243645,0.29665993458478124,1.8738414796852247,1.0479300919240392e-09
0.07797530152243645,0.21295495526753402,1.8738414796852247,3.368980408611895e-09
0.07797530152243645,0.9664385625842097,1.8738414796852247,1.568988771765451e-16
0.07797530152243645,0.029338810680988037,1.8738414796852247,7.618863036479574e-07
0.07797530152243645,0.8523882107546747,1.8738414796852247,1.1682002234779518e-13
0.07797530152243645,0.6578877204247463,1.8738414796852247,8.623892293992555e-12
0.07797530152243645,0.26414898793492425,1.8738414796852247,1.6165295687293304e-09
0.07797530152243645,0.17702477599896224,1.8738414796852247,6.004371250328848e-09
0.07797530152243645,0.13092377126902707,1.8738414796852247,1.4498860271238748e-08
0.07797530152243645,0.21134991889331703,1.8738414796852247,3.452410679688919e-09
0.07797530152243645,0.14600617159652649,1.8738414796852247,1.0612416740360832e-08
0.07797530152243645,0.8009913158509289,1.8738414796852247,5.01774573256303e-13
0.07797530152243645,0.3675884639983006,1.8738414796852247,4.266892087865666e-10
0.07797530152243645,0.009299816966051352,1.8738414796852247,1.1350705812950639e-05
0.07797530152243645,0.18913138601967724,1.8738414796852247,4.903446808597542e-09
0.07797530152243645,0.25249155154485814,1.8738414796852247,1.8981647018070106e-09
0.07797530152243645,0.006013328171287566,1.8738414796852247,2.9414699946901976e-05
0.07797530152243645,0.005856239144652206,1.8738414796852247,3.113893748934645e-05
0.07797530152243645,0.05329325894043277,1.8738414796852247,1.6665229874306095e-07
0.07797530152243645,0.06671037297879934,1.8738414796852247,9.203186675886346e-08
0.07797530152243645,0.7620234841006993,1.8738414796852247,1.241491293391793e-12
0.07797530152243645,0.016360231706928158,1.8738414796852247,3.1208451624023343e-06
0.07797530152243645,0.2234894255506242,1.8738414796852247,2.8765784777315468e-09
0.07797530152243645,0.2744482893453132,1.8738414796852247,1.4062097244449796e-09
0.07797530152243645,0.6319042409989489,1.8738414796852247,1.3014454241151922e-11
0.07797530152243645,0.19212244070571696,1.8738414796852247,4.670493369083351e-09
0.07797530152243645,0.8777025152353587,1.8738414796852247,4.799354708093924e-14
0.07797530152243645,0.12409954075286325,1.8738414796852247,1.6872524134537137e-08
0.07797530152243645,0.28695732230769777,1.8738414796852247,1.1903879414721772e-09
0.07797530152243645,0.6563202399766422,1.8738414796852247,8.846129771431984e-12
0.07797530152243645,0.8906452590516799,1.8738414796852247,2.880195262558298e-14
0.07797530152243645,0.23687478236245071,1.8738414796852247,2.3667823467984883e-09
0.07797530152243645,0.0561359251059782,1.8738414796852247,1.4540463765371197e-07
0.07797530152243645,0.0056740972981781795,1.8738414796852247,3.332226030187839e-05
