x_1,x_2,eta,WQ
0.07143582522660594,0.06113226523516796,2.5278693317823997,1.531942838894904e-07
0.07143582522660594,0.06113226523516796,0.7375177692551764,1.0371985806698444e-07
0.07143582522660594,0.06113226523516796,2.06909900548708,1.4988976377920235e-07
0.07143582522660594,0.06113226523516796,1.4323011937283436,1.3726856885596007e-07
0.07143582522660594,0.06113226523516796,1.8029867734916336,1.4620437583045054e-07
0.07143582522660594,0.06113226523516796,0.02237311286140331,7.797689577070985e-08
0.07143582522660594,0.06113226523516796,0.3827787774910485,8.453926890758353e-08
0.07143582522660594,0.06113226523516796,0.21572177908327816,7.919641698590548e-08
0.07143582522660594,0.06113226523516796,2.6658394513455006,1.5373825286344562e-07
0.07143582522660594,0.06113226523516796,2.9012282284331983,1.5438606211303062e-07
0.07143582522660594,0.06113226523516796,2.9267542329918705,1.544399342923397e-07
0.07143582522660594,0.06113226523516796,2.40998817437739,1.525990200159678e-07
0.07143582522660594,0.06113226523516796,2.6741022823229406,1.5376641541403664e-07
0.07143582522660594,0.06113226523516796,0.008409345388413758,7.811184755747094e-08
0.07143582522660594,0.06113226523516796,1.3384376478260256,1.340645475635304e-07
0.07143582522660594,0.06113226523516796,2.6331840350280156,1.536223936328452e-07
0.07143582522660594,0.06113226523516796,2.9071319557613937,1.5439876401648725e-07
0.07143582522660594,0.06113226523516796,1.869160558878451,1.4729138668478703e-07
0.07143582522660594,0.06113226523516796,1.9320614752202405,1.4821248469623465e-07
0.07143582522660594,0.06113226523516796,1.6225962727808767,1.4252491489932407e-07
0.07143582522660594,0.06113226523516796,2.2768602917467815,1.5174271892199612e-07
0.07143582522660594,0.06113226523516796,2.8656185811157258,1.5430623200699565e-07
0.07143582522660594,0.06113226523516796,1.7595020660066023,1.4541825139802274e-07
0.07143582522660594,0.06113226523516796,0.06823181999774208,7.774511238280281e-08
0.07143582522660594,0.06113226523516796,2.8237865084600426,1.5420501272115542e-07
0.07143582522660594,0.06113226523516796,0.13881466781339968,7.802580843116687e-08
0.07143582522660594,0.06113226523516796,1.615636102726581,1.4235939163083665e-07
0.07143582522660594,0.06113226523516796,2.2953728488754357,1.518752272552911e-07
0.07143582522660594,0.06113226523516796,2.7834498554595544,1.5409919861898075e-07
0.07143582522660594,0.06113226523516796,2.3997924720214074,1.5254088655048854e-07
0.07143582522660594,0.06113226523516796,2.5560242205911816,1.5331745616793183e-07
0.07143582522660594,0.06113226523516796,1.7276870864675156,1.448044676625216e-07
0.07143582522660594,0.06113226523516796,1.9397543178725476,1.4831815030968364e-07
0.07143582522660594,0.06113226523516796,1.81909661062922,1.464807974383614e-07
0.07143582522660594,0.06113226523516796,2.5605889127520496,1.5333679868903166e-07
0.07143582522660594,0.06113226523516796,2.293789122771724,1.5186407317602286e-07
0.07143582522660594,0.06113226523516796,1.890964892236992,1.4762250527341104e-07
0.07143582522660594,0.06113226523516796,2.5307568639943656,1.5320722843719265e-07
0.07143582522660594,0.06113226523516796,2.47667712267376,1.5295234375861947e-07
0.07143582522660594,0.06113226523516796,2.3414606456699785,1.5218548604721367e-07
0.07143582522660594,0.06113226523516796,2.788343747903352,1.541124882312136e-07
0.07143582522660594,0.06113226523516796,2.5904260198570337,1.5345908726989643e-07
0.07143582522660594,0.06113226523516796,0.5721438782763077,9.401559957733451e-08
0.07143582522660594,0.06113226523516796,2.140329957660615,1.5060784142833088e-07
0.07143582522660594,0.06113226523516796,1.0193286811628164,1.1983526759728028e-07
0.07143582522660594,0.06113226523516796,1.1456920107197763,1.2608663750392157e-07
0.07143582522660594,0.06113226523516796,0.9251516556967223,1.1471043154302691e-07
0.07143582522660594,0.06113226523516796,2.480650326973225,1.5297199206281784e-07
0.07143582522660594,0.06113226523516796,1.4662258391487957,1.383226766386725e-07
0.07143582522660594,0.06113226523516796,2.7497845994704013,1.5400423464968182e-07
0.07143582522660594,0.06113226523516796,0.5149250632825622,9.088172331982653e-08
0.07143582522660594,0.06113226523516796,1.9981655867498365,1.4907409030775247e-07
0.07143582522660594,0.06113226523516796,2.6550800343379155,1.537008926059967e-07
0.07143582522660594,0.06113226523516796,1.3056732083493128,1.3284312642140567e-07
0.07143582522660594,0.06113226523516796,2.0400560936572534,1.4956862487416624e-07
0.07143582522660594,0.06113226523516796,2.5292542176614914,1.532005012617404e-07
0.07143582522660594,0.06113226523516796,1.1612460288929178,1.2680146694699313e-07
0.07143582522660594,0.06113226523516796,2.667310295400759,1.5374329934666044e-07
0.07143582522660594,0.06113226523516796,0.9901105350636699,1.1828397550737926e-07
0.07143582522660594,0.06113226523516796,2.9560354335852455,1.5449848076482584e-07
0.07143582522660594,0.06113226523516796,0.021921380865916884,7.798079389073272e-08
0.07143582522660594,0.06113226523516796,0.8292515989976668,1.0917923480201245e-07
0.07143582522660594,0.06113226523516796,2.568555879524129,1.5337014947415736e-07
0.07143582522660594,0.06113226523516796,0.9610341403410008,1.1670463673657669e-07
0.07143582522660594,0.06113226523516796,2.927938012155869,1.5444236741832827e-07
0.07143582522660594,0.06113226523516796,2.278818989801964,1.5175696070492008e-07
0.07143582522660594,0.06113226523516796,2.4333703710519874,1.527281074714211e-07
0.07143582522660594,0.06113226523516796,0.5783880387818026,9.43676972166097e-08
0.07143582522660594,0.06113226523516796,1.3153439471634254,1.3320930188386762e-07
0.07143582522660594,0.06113226523516796,2.416908079717783,1.5263783074944015e-07
0.07143582522660594,0.06113226523516796,2.501475075702725,1.530725392531678e-07
0.07143582522660594,0.06113226523516796,1.2975402403771414,1.3253148638849558e-07
0.07143582522660594,0.06113226523516796,2.2339283829032057,1.514168727583343e-07
0.07143582522660594,0.06113226523516796,2.378553538208986,1.524160648585169e-07
0.07143582522660594,0.06113226523516796,0.9831758649510887,1.1791044099287178e-07
0.07143582522660594,0.06113226523516796,2.2597270241275673,1.5161585508297855e-07
0.07143582522660594,0.06113226523516796,2.6444937232147785,1.5366335882076925e-07
0.07143582522660594,0.06113226523516796,2.914072274765973,1.544135082575049e-07
0.07143582522660594,0.06113226523516796,1.9393928293992542,1.4831321789711383e-07
0.07143582522660594,0.06113226523516796,2.180002743698198,1.5096822988992557e-07
0.07143582522660594,0.06113226523516796,1.5862493865897898,1.4163941514331349e-07
0.07143582522660594,0.06113226523516796,1.172776724473429,1.2732339728429866e-07
0.07143582522660594,0.06113226523516796,2.9152189153761143,1.5441592484939444e-07
0.07143582522660594,0.06113226523516796,2.308667321401701,1.5196754325920517e-07
0.07143582522660594,0.06113226523516796,2.0064389824130506,1.4917479744508735e-07
0.07143582522660594,0.06113226523516796,1.2061060328047235,1.287935083162797e-07
0.07143582522660594,0.06113226523516796,2.5003482567932473,1.530672018280071e-07
0.07143582522660594,0.06113226523516796,1.8129138435488343,1.4637563268694552e-07
0.07143582522660594,0.06113226523516796,2.58874082885984,1.5345236805684377e-07
0.07143582522660594,0.06113226523516796,2.227635116293122,1.513668396599108e-07
0.07143582522660594,0.06113226523516796,0.4333932042686035,8.67908906554603e-08
0.07143582522660594,0.06113226523516796,2.0815540312521748,1.5002228309084763e-07
0.07143582522660594,0.06113226523516796,1.349805938980007,1.344756938949437e-07
0.07143582522660594,0.06113226523516796,2.153471210420823,1.5073019993978595e-07
0.07143582522660594,0.06113226523516796,1.7467372440446232,1.451760143080884e-07
0.07143582522660594,0.06113226523516796,2.68432390743092,1.538006303432287e-07
0.07143582522660594,0.06113226523516796,1.479023053875466,1.3870650481313395e-07
0.07143582522660594,0.06113226523516796,1.5447032655356363,1.4056147861692726e-07
0.07143582522660594,0.06113226523516796,1.1742276612841693,1.2738858919995454e-07
0.07143582522660594,0.06113226523516796,2.7260289321464253,1.5393334716835573e-07
0.07143582522660594,0.06113226523516796,-1.9308008447594103,1.5007469471514685e-07
0.07143582522660594,0.06113226523516796,-2.6087107821687376,1.540464337680416e-07
0.07143582522660594,0.06113226523516796,-2.177357900556263,1.5213132760962411e-07
0.07143582522660594,0.06113226523516796,-2.095201424654112,1.5154933361940657e-07
0.07143582522660594,0.06113226523516796,-1.4897082920627662,1.4305566775448906e-07
0.07143582522660594,0.06113226523516796,-2.558360988915086,1.538965510443084e-07
0.07143582522660594,0.06113226523516796,-0.8686792272686485,1.2010274113273609e-07
0.07143582522660594,0.06113226523516796,-1.9815798380699385,1.505795744835516e-07
0.07143582522660594,0.06113226523516796,-2.1991727860336874,1.522711321920235e-07
0.07143582522660594,0.06113226523516796,-1.8840383943211134,1.4956569417996547e-07
0.07143582522660594,0.06113226523516796,-2.824227869708275,1.5454391783330426e-07
0.07143582522660594,0.06113226523516796,-2.6330782196025146,1.5411382308521807e-07
0.07143582522660594,0.06113226523516796,-2.734051766031649,1.5436107546091554e-07
0.07143582522660594,0.06113226523516796,-2.391405708526362,1.5327942437309753e-07
0.07143582522660594,0.06113226523516796,-1.8273372144365774,1.488867063567256e-07
0.07143582522660594,0.06113226523516796,-2.469783579294225,1.535942014629726e-07
0.07143582522660594,0.06113226523516796,-2.6890807714178435,1.542569976586367e-07
0.07143582522660594,0.06113226523516796,-1.380453924061727,1.4033229332566677e-07
0.07143582522660594,0.06113226523516796,-2.81539525723479,1.5452741210247498e-07
0.07143582522660594,0.06113226523516796,-2.4135267220403946,1.5337318182637027e-07
0.07143582522660594,0.06113226523516796,-1.1172394024356427,1.315705750159388e-07
0.07143582522660594,0.06113226523516796,-1.5793108827372186,1.4494991462670635e-07
0.07143582522660594,0.06113226523516796,-1.4665339615839077,1.42517757562464e-07
0.07143582522660594,0.06113226523516796,-1.2492474473938238,1.363810948893268e-07
0.07143582522660594,0.06113226523516796,-2.14203478006835,1.5189221766992925e-07
0.07143582522660594,0.06113226523516796,-2.800293754693413,1.544985157612814e-07
0.07143582522660594,0.06113226523516796,-1.1958841890451428,1.3454155785384473e-07
0.07143582522660594,0.06113226523516796,-1.4628705494320744,1.424308286155117e-07
0.07143582522660594,0.06113226523516796,-2.759401255586162,1.5441580282367373e-07
0.07143582522660594,0.06113226523516796,-1.3042870692909887,1.3813466124460575e-07
0.07143582522660594,0.06113226523516796,-0.08805047846635805,7.983954144190735e-08
0.07143582522660594,0.06113226523516796,-1.5201032746530037,1.437305200507217e-07
0.07143582522660594,0.06113226523516796,-2.95765894905132,1.5476116781877158e-07
0.07143582522660594,0.06113226523516796,-1.7664486032540028,1.480749837542254e-07
0.07143582522660594,0.06113226523516796,-0.6201723587282273,1.0601625548005277e-07
0.07143582522660594,0.06113226523516796,-2.397790770942419,1.5330690190805182e-07
0.07143582522660594,0.06113226523516796,-0.9867310736174626,1.2593798470728373e-07
0.07143582522660594,0.06113226523516796,-2.396296359767329,1.5330050137245944e-07
0.07143582522660594,0.06113226523516796,-2.4408578753446992,1.534835857913751e-07
0.07143582522660594,0.06113226523516796,-1.9919648452974812,1.50677063015484e-07
0.07143582522660594,0.06113226523516796,-2.841281875806367,1.5457498339904165e-07
0.07143582522660594,0.06113226523516796,-0.6790419136237063,1.0950574376682132e-07
0.07143582522660594,0.06113226523516796,-0.9827902340576546,1.2575427284948753e-07
0.07143582522660594,0.06113226523516796,-2.2452162275452663,1.5254769296798432e-07
0.07143582522660594,0.06113226523516796,-1.2084740963051304,1.3498820059634124e-07
0.07143582522660594,0.06113226523516796,-2.1547414932057847,1.5198009479316908e-07
0.07143582522660594,0.06113226523516796,-1.7177568655309985,1.4735857023288617e-07
0.07143582522660594,0.06113226523516796,-1.9681429115077131,1.5045059283549628e-07
0.07143582522660594,0.06113226523516796,-0.7003969225647264,1.1075582725703397e-07
0.07143582522660594,0.06113226523516796,-2.776558948534668,1.5445132205129638e-07
0.07143582522660594,0.06113226523516796,-2.5273332476675,1.5379654607729107e-07
0.07143582522660594,0.06113226523516796,-2.137623503921331,1.5186120887857314e-07
0.07143582522660594,0.06113226523516796,-2.4597432983558214,1.535565109750606e-07
0.07143582522660594,0.06113226523516796,-2.3457220552008913,1.5307257084787877e-07
0.07143582522660594,0.06113226523516796,-2.943123176980449,1.547401887602139e-07
0.07143582522660594,0.06113226523516796,-1.492925471210857,1.4312872617546126e-07
0.07143582522660594,0.06113226523516796,-2.1128203700545165,1.5168192341875555e-07
0.07143582522660594,0.06113226523516796,-2.6582739542321883,1.5418019214055459e-07
0.07143582522660594,0.06113226523516796,-2.626232013170497,1.5409521418664926e-07
0.07143582522660594,0.06113226523516796,-2.856355144893423,1.546015824248816e-07
0.07143582522660594,0.06113226523516796,-2.326467403959265,1.5297974776969034e-07
0.07143582522660594,0.06113226523516796,-2.570996988510519,1.5393556818639154e-07
0.07143582522660594,0.06113226523516796,-1.7058625509044847,1.4717388387923128e-07
0.07143582522660594,0.06113226523516796,-1.8872627418443884,1.4960222028899927e-07
0.07143582522660594,0.06113226523516796,-1.3416372957629021,1.392446257359597e-07
0.07143582522660594,0.06113226523516796,-2.189188930348105,1.522078730284937e-07
0.07143582522660594,0.06113226523516796,-0.8365516760780709,1.1840210244429543e-07
0.07143582522660594,0.06113226523516796,-0.5867244557428251,1.040170505781383e-07
0.07143582522660594,0.06113226523516796,-1.4901471573059866,1.4306565687101291e-07
0.07143582522660594,0.06113226523516796,-2.613699562797801,1.5406049421505818e-07
0.07143582522660594,0.06113226523516796,-1.9042388292907046,1.4979098459100158e-07
0.07143582522660594,0.06113226523516796,-0.4523977632571299,9.606853202128914e-08
0.07143582522660594,0.06113226523516796,-0.4888866816131823,9.819453235873436e-08
0.07143582522660594,0.06113226523516796,-1.2544144497474465,1.3655183689433413e-07
0.07143582522660594,0.06113226523516796,-2.8011396110227413,1.545001571710939e-07
0.07143582522660594,0.06113226523516796,-2.564631287081304,1.5391603308212125e-07
0.07143582522660594,0.06113226523516796,-1.5697013735752898,1.447602558675525e-07
0.07143582522660594,0.06113226523516796,-2.1179391092867084,1.5171961939243177e-07
0.07143582522660594,0.06113226523516796,-2.89679779388665,1.5466915261822848e-07
0.07143582522660594,0.06113226523516796,-0.8819035433645341,1.2078944078001432e-07
0.07143582522660594,0.06113226523516796,-1.9706765776813284,1.5047516203615733e-07
0.07143582522660594,0.06113226523516796,-2.1780841097390016,1.521360761783745e-07
0.07143582522660594,0.06113226523516796,-2.945426193296678,1.5474355304696651e-07
0.07143582522660594,0.06113226523516796,-1.7294756204327193,1.4753674152421256e-07
0.07143582522660594,0.06113226523516796,-0.14654393755199502,8.152541437894853e-08
0.07143582522660594,0.06113226523516796,-2.5805919117299836,1.5396455637114217e-07
0.07143582522660594,0.06113226523516796,-2.069618247729797,1.5134874889041152e-07
0.07143582522660594,0.06113226523516796,-1.3971484372981755,1.4078006592281023e-07
0.07143582522660594,0.06113226523516796,-1.9160688997408222,1.4991906851771936e-07
0.07143582522660594,0.06113226523516796,-2.8737906669123734,1.5463137715759024e-07
0.07143582522660594,0.06113226523516796,-2.123317265061948,1.517588324882828e-07
0.07143582522660594,0.06113226523516796,-2.09696659386943,1.515628180198559e-07
0.07143582522660594,0.06113226523516796,-2.3424521412454626,1.5305705017468553e-07
0.07143582522660594,0.06113226523516796,-1.8264852085329926,1.4887595655705997e-07
0.07143582522660594,0.06113226523516796,-2.7105960237463105,1.5430794194962092e-07
0.07143582522660594,0.06113226523516796,-2.9939626320180928,1.5481099872130844e-07
0.07143582522660594,0.06113226523516796,-2.7538870639839,1.5440412988400385e-07
0.07143582522660594,0.06113226523516796,-1.2767816033882093,1.372762187536762e-07
0.07143582522660594,0.06113226523516796,-1.0952706122956757,1.3068407724261967e-07
0.07143582522660594,0.06113226523516796,-2.5149151054175025,1.537547885938876e-07
