x_1,x_2,eta,WQ
9.9999997e-10,0.2,1.0133779264214047,1.8873656761739268
0.004081632653061225,0.2,1.0133779264214047,0.07362257287116064
0.00816326530612245,0.2,1.0133779264214047,0.0745338127309198
0.012244897959183675,0.2,1.0133779264214047,0.06904459728023678
0.0163265306122449,0.2,1.0133779264214047,0.06087468334223647
0.020408163265306124,0.2,1.0133779264214047,0.049812779918774475
0.02448979591836735,0.2,1.0133779264214047,0.038139937192888336
0.028571428571428574,0.2,1.0133779264214047,0.0287019431709883
0.0326530612244898,0.2,1.0133779264214047,0.022126846920315975
0.036734693877551024,0.2,1.0133779264214047,0.017395568314685195
0.04081632653061225,0.2,1.0133779264214047,0.013865103514051319
0.04489795918367347,0.2,1.0133779264214047,0.011243646307837035
0.0489795918367347,0.2,1.0133779264214047,0.009237450199364021
0.05306122448979592,0.2,1.0133779264214047,0.0076752673843106705
0.05714285714285715,0.2,1.0133779264214047,0.006442064528265427
0.06122448979591837,0.2,1.0133779264214047,0.005455421366971253
0.0653061224489796,0.2,1.0133779264214047,0.0046564127902616005
0.06938775510204082,0.2,1.0133779264214047,0.004002806754645712
0.07346938775510205,0.2,1.0133779264214047,0.003463179227438223
0.07755102040816328,0.2,1.0133779264214047,0.0030139048516060907
0.0816326530612245,0.2,1.0133779264214047,0.0026369937499671095
0.08571428571428572,0.2,1.0133779264214047,0.002318415419494502
0.08979591836734695,0.2,1.0133779264214047,0.0020469598939995585
0.09387755102040818,0.2,1.0133779264214047,0.001814301630378557
0.0979591836734694,0.2,1.0133779264214047,0.0016138533789407667
0.10204081632653061,0.2,1.0133779264214047,0.0014402497956287335
0.10612244897959185,0.2,1.0133779264214047,0.00128898198527085
0.11020408163265308,0.2,1.0133779264214047,0.0011569058862459793
0.1142857142857143,0.2,1.0133779264214047,0.0010413989941305878
0.11836734693877551,0.2,1.0133779264214047,0.0009402044608043693
0.12244897959183675,0.2,1.0133779264214047,0.0008511481798888401
0.12653061224489798,0.2,1.0133779264214047,0.000772418263479917
0.1306122448979592,0.2,1.0133779264214047,0.0007026925909647383
0.1346938775510204,0.2,1.0133779264214047,0.0006408252034690828
0.13877551020408163,0.2,1.0133779264214047,0.0005858202654422948
0.14285714285714288,0.2,1.0133779264214047,0.0005367645736790698
0.1469387755102041,0.2,1.0133779264214047,0.0004928519526238402
0.1510204081632653,0.2,1.0133779264214047,0.0004534056262299572
0.15510204081632656,0.2,1.0133779264214047,0.00041785477050966557
0.15918367346938778,0.2,1.0133779264214047,0.00038574686068678114
0.163265306122449,0.2,1.0133779264214047,0.000356701318683859
0.1673469387755102,0.2,1.0133779264214047,0.00033036380811948823
0.17142857142857143,0.2,1.0133779264214047,0.0003064276520595951
0.17551020408163268,0.2,1.0133779264214047,0.00028463093844177716
0.1795918367346939,0.2,1.0133779264214047,0.00026476122055258186
0.1836734693877551,0.2,1.0133779264214047,0.0002466056264086414
0.18775510204081636,0.2,1.0133779264214047,0.00022997539009952212
0.19183673469387758,0.2,1.0133779264214047,0.00021470658778218645
0.1959183673469388,0.2,1.0133779264214047,0.00020067206071807208
0.2,0.2,1.0133779264214047,0.00018775878813939595
