x_1,x_2,eta,WQ
9.9999997e-10,0.086734862526058,1.5226130653266328,1.597878811892516
0.028113826656066543,0.086734862526058,1.5226130653266328,0.06200847204786422
0.05701804056138027,0.086734862526058,1.5226130653266328,0.03555924758905055
0.086734862526058,0.086734862526058,1.5226130653266328,0.015268515889550627
0.11728713807222002,0.086734862526058,1.5226130653266328,0.007723001642417525
0.1486983549970351,0.086734862526058,1.5226130653266328,0.004366501033125103
0.1809926614295303,0.086734862526058,1.5226130653266328,0.002668506982771532
0.21419488439504697,0.086734862526058,1.5226130653266328,0.001710387127786941
0.24833054890161188,0.086734862526058,1.5226130653266328,0.001127088213738195
0.28342589756290426,0.086734862526058,1.5226130653266328,0.0007525989174094798
0.3195079107728942,0.086734862526058,1.5226130653266328,0.0005049856937954872
0.3566043274476718,0.086734862526058,1.5226130653266328,0.0003419198673585169
0.39474366635040536,0.086734862526058,1.5226130653266328,0.0002300584496793846
0.4339552480158273,0.086734862526058,1.5226130653266328,0.000152562519663869
0.47426921729110116,0.086734862526058,1.5226130653266328,9.913972729174919e-05
0.515716566510398,0.086734862526058,1.5226130653266328,6.180823480632934e-05
0.5583291593209996,0.086734862526058,1.5226130653266328,3.772997157306206e-05
0.602139755179244,0.086734862526058,1.5226130653266328,2.259972626747145e-05
0.6471820345351462,0.086734862526058,1.5226130653266328,1.2390698496291767e-05
0.6934906247250543,0.086734862526058,1.5226130653266328,5.699310066855897e-06
0.7411011265922482,0.086734862526058,1.5226130653266328,2.532059017444116e-06
0.7900501418559447,0.086734862526058,1.5226130653266328,1.3380716961832664e-06
0.8403753012497501,0.086734862526058,1.5226130653266328,7.457575949769177e-07
0.8921152934511916,0.086734862526058,1.5226130653266328,2.682934825488519e-07
0.9453098948245711,0.086734862526058,1.5226130653266328,3.699065454765266e-08
