x_1,x_2,eta,WQ
0.1010204081632653,0.1010204081632653,-3.0,0.00860431215751463
0.1010204081632653,0.1010204081632653,-2.979933110367893,0.008602574398046871
0.1010204081632653,0.1010204081632653,-2.959866220735786,0.008600766225667338
0.1010204081632653,0.1010204081632653,-2.939799331103679,0.008598884819127966
0.1010204081632653,0.1010204081632653,-2.919732441471572,0.008596927246796861
0.1010204081632653,0.1010204081632653,-2.899665551839465,0.008594890462561964
0.1010204081632653,0.1010204081632653,-2.879598662207358,0.008592771301601621
0.1010204081632653,0.1010204081632653,-2.859531772575251,0.008590566476019374
0.1010204081632653,0.1010204081632653,-2.839464882943144,0.008588272570340472
0.1010204081632653,0.1010204081632653,-2.819397993311037,0.008585886036867645
0.1010204081632653,0.1010204081632653,-2.79933110367893,0.008583403190893915
0.1010204081632653,0.1010204081632653,-2.779264214046823,0.00858082020577039
0.1010204081632653,0.1010204081632653,-2.759197324414716,0.008578133107827153
0.1010204081632653,0.1010204081632653,-2.739130434782609,0.008575337771145644
0.1010204081632653,0.1010204081632653,-2.719063545150502,0.008572429912181212
0.1010204081632653,0.1010204081632653,-2.6989966555183944,0.00856940508423478
0.1010204081632653,0.1010204081632653,-2.678929765886288,0.008566258671773007
0.1010204081632653,0.1010204081632653,-2.6588628762541804,0.0085629858845966
0.1010204081632653,0.1010204081632653,-2.638795986622074,0.008559581751856997
0.1010204081632653,0.1010204081632653,-2.6187290969899664,0.008556041115922085
0.1010204081632653,0.1010204081632653,-2.5986622073578594,0.008552358626092143
0.1010204081632653,0.1010204081632653,-2.5785953177257523,0.008548528732167849
0.1010204081632653,0.1010204081632653,-2.5585284280936453,0.00854454567787286
0.1010204081632653,0.1010204081632653,-2.5384615384615383,0.008540403494134206
0.1010204081632653,0.1010204081632653,-2.5183946488294313,0.008536095992224563
0.1010204081632653,0.1010204081632653,-2.4983277591973243,0.008531616756771403
0.1010204081632653,0.1010204081632653,-2.4782608695652173,0.008526959138638915
0.1010204081632653,0.1010204081632653,-2.4581939799331103,0.008522116247689858
0.1010204081632653,0.1010204081632653,-2.4381270903010033,0.008517080945435443
0.1010204081632653,0.1010204081632653,-2.4180602006688963,0.008511845837582865
0.1010204081632653,0.1010204081632653,-2.3979933110367893,0.008506403266491372
0.1010204081632653,0.1010204081632653,-2.3779264214046822,0.008500745303549339
0.1010204081632653,0.1010204081632653,-2.3578595317725752,0.008494863741486466
0.1010204081632653,0.1010204081632653,-2.3377926421404682,0.008488750086637032
0.1010204081632653,0.1010204081632653,-2.317725752508361,0.008482395551172087
0.1010204081632653,0.1010204081632653,-2.297658862876254,0.008475791045320539
0.1010204081632653,0.1010204081632653,-2.277591973244147,0.008468927169601457
0.1010204081632653,0.1010204081632653,-2.25752508361204,0.008461794207092248
0.1010204081632653,0.1010204081632653,-2.237458193979933,0.008454382115760108
0.1010204081632653,0.1010204081632653,-2.217391304347826,0.008446680520886965
0.1010204081632653,0.1010204081632653,-2.197324414715719,0.008438678707621116
0.1010204081632653,0.1010204081632653,-2.177257525083612,0.008430365613692143
0.1010204081632653,0.1010204081632653,-2.157190635451505,0.008421729822329072
0.1010204081632653,0.1010204081632653,-2.137123745819398,0.00841275955542559
0.1010204081632653,0.1010204081632653,-2.1170568561872907,0.008403442666999982
0.1010204081632653,0.1010204081632653,-2.096989966555184,0.008393766637001868
0.1010204081632653,0.1010204081632653,-2.0769230769230766,0.008383718565522147
0.1010204081632653,0.1010204081632653,-2.05685618729097,0.008373285167467477
0.1010204081632653,0.1010204081632653,-2.0367892976588626,0.008362452767765654
0.1010204081632653,0.1010204081632653,-2.016722408026756,0.008351207297173558
0.1010204081632653,0.1010204081632653,-1.9966555183946488,0.00833953428876506
0.1010204081632653,0.1010204081632653,-1.9765886287625418,0.008327418875182208
0.1010204081632653,0.1010204081632653,-1.9565217391304348,0.00831484578673923
0.1010204081632653,0.1010204081632653,-1.9364548494983278,0.008301799350475482
0.1010204081632653,0.1010204081632653,-1.9163879598662208,0.00828826349026026
0.1010204081632653,0.1010204081632653,-1.8963210702341138,0.008274221728059578
0.1010204081632653,0.1010204081632653,-1.8762541806020065,0.00825965718648232
0.1010204081632653,0.1010204081632653,-1.8561872909698995,0.008244552592730912
0.1010204081632653,0.1010204081632653,-1.8361204013377925,0.008228890284089513
0.1010204081632653,0.1010204081632653,-1.8160535117056855,0.008212652215090792
0.1010204081632653,0.1010204081632653,-1.7959866220735785,0.008195819966510708
0.1010204081632653,0.1010204081632653,-1.7759197324414715,0.0081783747563491
0.1010204081632653,0.1010204081632653,-1.7558528428093645,0.008160297452962352
0.1010204081632653,0.1010204081632653,-1.7357859531772575,0.008141568590523078
0.1010204081632653,0.1010204081632653,-1.7157190635451505,0.008122168386990153
0.1010204081632653,0.1010204081632653,-1.6956521739130435,0.008102076764780957
0.1010204081632653,0.1010204081632653,-1.6755852842809364,0.008081273374345875
0.1010204081632653,0.1010204081632653,-1.6555183946488294,0.008059737620853059
0.1010204081632653,0.1010204081632653,-1.6354515050167224,0.008037448694199008
0.1010204081632653,0.1010204081632653,-1.6153846153846154,0.008014385602567568
0.1010204081632653,0.1010204081632653,-1.5953177257525084,0.00799052720976628
0.1010204081632653,0.1010204081632653,-1.5752508361204014,0.007965852276574592
0.1010204081632653,0.1010204081632653,-1.5551839464882944,0.007940339506342924
0.1010204081632653,0.1010204081632653,-1.5351170568561872,0.00791396759508499
0.1010204081632653,0.1010204081632653,-1.5150501672240801,0.007886715286307704
0.1010204081632653,0.1010204081632653,-1.4949832775919731,0.0078585614308233
0.1010204081632653,0.1010204081632653,-1.4749163879598661,0.00782948505178677
0.1010204081632653,0.1010204081632653,-1.4548494983277591,0.007799465415197983
0.1010204081632653,0.1010204081632653,-1.434782608695652,0.007768482106101749
0.1010204081632653,0.1010204081632653,-1.414715719063545,0.007736515110710175
0.1010204081632653,0.1010204081632653,-1.394648829431438,0.0077035449046597235
0.1010204081632653,0.1010204081632653,-1.374581939799331,0.007669552547600077
0.1010204081632653,0.1010204081632653,-1.354515050167224,0.007634519784292762
0.1010204081632653,0.1010204081632653,-1.334448160535117,0.007598429152374347
0.1010204081632653,0.1010204081632653,-1.31438127090301,0.007561264096911249
0.1010204081632653,0.1010204081632653,-1.294314381270903,0.007523009091840728
0.1010204081632653,0.1010204081632653,-1.274247491638796,0.007483649768354794
0.1010204081632653,0.1010204081632653,-1.254180602006689,0.007443173050240426
0.1010204081632653,0.1010204081632653,-1.2341137123745818,0.007401567296140191
0.1010204081632653,0.1010204081632653,-1.2140468227424748,0.007358822448641779
0.1010204081632653,0.1010204081632653,-1.1939799331103678,0.007314930190042892
0.1010204081632653,0.1010204081632653,-1.1739130434782608,0.0072698841045689975
0.1010204081632653,0.1010204081632653,-1.1538461538461537,0.007223679846745625
0.1010204081632653,0.1010204081632653,-1.1337792642140467,0.007176315315543888
0.1010204081632653,0.1010204081632653,-1.1137123745819397,0.007127790833827852
0.1010204081632653,0.1010204081632653,-1.0936454849498327,0.007078109332535196
0.1010204081632653,0.1010204081632653,-1.0735785953177257,0.007027276538918574
0.1010204081632653,0.1010204081632653,-1.0535117056856187,0.006975301168064478
0.1010204081632653,0.1010204081632653,-1.0334448160535117,0.006922195116789655
0.1010204081632653,0.1010204081632653,-1.0133779264214047,0.006867973658892933
0.1010204081632653,0.1010204081632653,-0.9933110367892977,0.006812655640613297
0.1010204081632653,0.1010204081632653,-0.9732441471571907,0.0067562636750145896
0.1010204081632653,0.1010204081632653,-0.9531772575250836,0.006698824333883966
0.1010204081632653,0.1010204081632653,-0.9331103678929766,0.006640368335597191
0.1010204081632653,0.1010204081632653,-0.9130434782608696,0.006580930727270336
0.1010204081632653,0.1010204081632653,-0.8929765886287626,0.006520551059386411
0.1010204081632653,0.1010204081632653,-0.8729096989966556,0.006459273550959238
0.1010204081632653,0.1010204081632653,-0.8528428093645486,0.006397147243177548
0.1010204081632653,0.1010204081632653,-0.8327759197324416,0.006334226139362744
0.1010204081632653,0.1010204081632653,-0.8127090301003346,0.006270569328976622
0.1010204081632653,0.1010204081632653,-0.7926421404682276,0.006206241093333766
0.1010204081632653,0.1010204081632653,-0.7725752508361206,0.006141310990610168
0.1010204081632653,0.1010204081632653,-0.7525083612040131,0.006075853917698597
0.1010204081632653,0.1010204081632653,-0.7324414715719061,0.006009950146445075
0.1010204081632653,0.1010204081632653,-0.7123745819397991,0.00594368533181334
0.1010204081632653,0.1010204081632653,-0.6923076923076921,0.005877150489568154
0.1010204081632653,0.1010204081632653,-0.6722408026755851,0.005810441941147187
0.1010204081632653,0.1010204081632653,-0.652173913043478,0.005743661223507339
0.1010204081632653,0.1010204081632653,-0.632107023411371,0.005676914961887636
0.1010204081632653,0.1010204081632653,-0.612040133779264,0.0056103147036289155
0.1010204081632653,0.1010204081632653,-0.591973244147157,0.005543976711431997
0.1010204081632653,0.1010204081632653,-0.57190635451505,0.0054780217147216235
0.1010204081632653,0.1010204081632653,-0.551839464882943,0.005412574618113332
0.1010204081632653,0.1010204081632653,-0.531772575250836,0.005347764166353451
0.1010204081632653,0.1010204081632653,-0.511705685618729,0.00528372256551718
0.1010204081632653,0.1010204081632653,-0.49163879598662197,0.005220585060703183
0.1010204081632653,0.1010204081632653,-0.47157190635451496,0.0051584894709515074
0.1010204081632653,0.1010204081632653,-0.45150501672240795,0.005097575682630148
0.1010204081632653,0.1010204081632653,-0.43143812709030094,0.005037985103077953
0.1010204081632653,0.1010204081632653,-0.41137123745819393,0.004979860076850955
0.1010204081632653,0.1010204081632653,-0.3913043478260869,0.004923343267487376
0.1010204081632653,0.1010204081632653,-0.3712374581939799,0.004868577008274597
0.1010204081632653,0.1010204081632653,-0.3511705685618729,0.004815702626059554
0.1010204081632653,0.1010204081632653,-0.3311036789297659,0.0047648597426818515
0.1010204081632653,0.1010204081632653,-0.3110367892976589,0.004716185559115813
0.1010204081632653,0.1010204081632653,-0.29096989966555187,0.0046698141278726304
0.1010204081632653,0.1010204081632653,-0.27090301003344486,0.004625875619625916
0.1010204081632653,0.1010204081632653,-0.25083612040133785,0.00458449559037295
0.1010204081632653,0.1010204081632653,-0.23076923076923084,0.0045457942557197385
0.1010204081632653,0.1010204081632653,-0.21070234113712383,0.004509885779071975
0.1010204081632653,0.1010204081632653,-0.19063545150501682,0.0044768775806183
0.1010204081632653,0.1010204081632653,-0.1705685618729098,0.004446869674000915
0.1010204081632653,0.1010204081632653,-0.1505016722408028,0.004419954037476979
0.1010204081632653,0.1010204081632653,-0.1304347826086958,0.004396214026180078
0.1010204081632653,0.1010204081632653,-0.11036789297658878,0.004375723831793796
0.1010204081632653,0.1010204081632653,-0.09030100334448132,0.004358547995551041
0.1010204081632653,0.1010204081632653,-0.07023411371237431,0.004344740979977118
0.1010204081632653,0.1010204081632653,-0.0501672240802673,0.004334346804208216
0.1010204081632653,0.1010204081632653,-0.030100334448160293,0.00432739874704795
0.1010204081632653,0.1010204081632653,-0.010033444816053283,0.004323919121183738
0.1010204081632653,0.1010204081632653,0.010033444816053727,0.004323919121183738
0.1010204081632653,0.1010204081632653,0.030100334448160737,0.004327398747047951
0.1010204081632653,0.1010204081632653,0.05016722408026775,0.004334346804208216
0.1010204081632653,0.1010204081632653,0.07023411371237476,0.00434474097997712
0.1010204081632653,0.1010204081632653,0.09030100334448177,0.004358547995551041
0.1010204081632653,0.1010204081632653,0.11036789297658878,0.004375723831793796
0.1010204081632653,0.1010204081632653,0.1304347826086958,0.004396214026180078
0.1010204081632653,0.1010204081632653,0.1505016722408028,0.004419954037476979
0.1010204081632653,0.1010204081632653,0.1705685618729098,0.004446869674000915
0.1010204081632653,0.1010204081632653,0.19063545150501682,0.0044768775806183
0.1010204081632653,0.1010204081632653,0.21070234113712383,0.004509885779071975
0.1010204081632653,0.1010204081632653,0.23076923076923084,0.0045457942557197385
0.1010204081632653,0.1010204081632653,0.25083612040133785,0.00458449559037295
0.1010204081632653,0.1010204081632653,0.27090301003344486,0.004625875619625916
0.1010204081632653,0.1010204081632653,0.29096989966555187,0.0046698141278726304
0.1010204081632653,0.1010204081632653,0.3110367892976589,0.004716185559115813
0.1010204081632653,0.1010204081632653,0.3311036789297659,0.0047648597426818515
0.1010204081632653,0.1010204081632653,0.3511705685618729,0.004815702626059554
0.1010204081632653,0.1010204081632653,0.3712374581939799,0.004868577008274597
0.1010204081632653,0.1010204081632653,0.3913043478260869,0.004923343267487376
0.1010204081632653,0.1010204081632653,0.41137123745819393,0.004979860076850955
0.1010204081632653,0.1010204081632653,0.43143812709030094,0.005037985103077953
0.1010204081632653,0.1010204081632653,0.45150501672240795,0.005097575682630148
0.1010204081632653,0.1010204081632653,0.47157190635451496,0.0051584894709515074
0.1010204081632653,0.1010204081632653,0.49163879598662197,0.005220585060703183
0.1010204081632653,0.1010204081632653,0.511705685618729,0.00528372256551718
0.1010204081632653,0.1010204081632653,0.5317725752508364,0.005347764166353452
0.1010204081632653,0.1010204081632653,0.5518394648829434,0.005412574618113334
0.1010204081632653,0.1010204081632653,0.5719063545150505,0.005478021714721624
0.1010204081632653,0.1010204081632653,0.5919732441471575,0.0055439767114319975
0.1010204081632653,0.1010204081632653,0.6120401337792645,0.005610314703628918
0.1010204081632653,0.1010204081632653,0.6321070234113715,0.005676914961887637
0.1010204081632653,0.1010204081632653,0.6521739130434785,0.005743661223507342
0.1010204081632653,0.1010204081632653,0.6722408026755855,0.00581044194114719
0.1010204081632653,0.1010204081632653,0.6923076923076925,0.005877150489568155
0.1010204081632653,0.1010204081632653,0.7123745819397995,0.005943685331813341
0.1010204081632653,0.1010204081632653,0.7324414715719065,0.0060099501464450766
0.1010204081632653,0.1010204081632653,0.7525083612040135,0.0060758539176985985
0.1010204081632653,0.1010204081632653,0.7725752508361206,0.006141310990610168
0.1010204081632653,0.1010204081632653,0.7926421404682276,0.006206241093333766
0.1010204081632653,0.1010204081632653,0.8127090301003346,0.006270569328976622
0.1010204081632653,0.1010204081632653,0.8327759197324416,0.006334226139362744
0.1010204081632653,0.1010204081632653,0.8528428093645486,0.006397147243177548
0.1010204081632653,0.1010204081632653,0.8729096989966556,0.006459273550959238
0.1010204081632653,0.1010204081632653,0.8929765886287626,0.006520551059386411
0.1010204081632653,0.1010204081632653,0.9130434782608696,0.006580930727270336
0.1010204081632653,0.1010204081632653,0.9331103678929766,0.006640368335597191
0.1010204081632653,0.1010204081632653,0.9531772575250836,0.006698824333883966
0.1010204081632653,0.1010204081632653,0.9732441471571907,0.0067562636750145896
0.1010204081632653,0.1010204081632653,0.9933110367892977,0.006812655640613297
0.1010204081632653,0.1010204081632653,1.0133779264214047,0.006867973658892933
0.1010204081632653,0.1010204081632653,1.0334448160535121,0.006922195116789657
0.1010204081632653,0.1010204081632653,1.0535117056856187,0.006975301168064478
0.1010204081632653,0.1010204081632653,1.0735785953177261,0.007027276538918576
0.1010204081632653,0.1010204081632653,1.0936454849498327,0.007078109332535196
0.1010204081632653,0.1010204081632653,1.1137123745819402,0.007127790833827852
0.1010204081632653,0.1010204081632653,1.1337792642140467,0.007176315315543888
0.1010204081632653,0.1010204081632653,1.1538461538461542,0.007223679846745625
0.1010204081632653,0.1010204081632653,1.1739130434782608,0.0072698841045689975
0.1010204081632653,0.1010204081632653,1.1939799331103682,0.007314930190042893
0.1010204081632653,0.1010204081632653,1.2140468227424748,0.007358822448641779
0.1010204081632653,0.1010204081632653,1.2341137123745822,0.007401567296140191
0.1010204081632653,0.1010204081632653,1.2541806020066888,0.007443173050240426
0.1010204081632653,0.1010204081632653,1.2742474916387962,0.007483649768354795
0.1010204081632653,0.1010204081632653,1.2943143812709028,0.007523009091840728
0.1010204081632653,0.1010204081632653,1.3143812709030103,0.007561264096911249
0.1010204081632653,0.1010204081632653,1.3344481605351168,0.007598429152374347
0.1010204081632653,0.1010204081632653,1.3545150501672243,0.007634519784292762
0.1010204081632653,0.1010204081632653,1.3745819397993309,0.007669552547600077
0.1010204081632653,0.1010204081632653,1.3946488294314383,0.0077035449046597235
0.1010204081632653,0.1010204081632653,1.4147157190635449,0.007736515110710175
0.1010204081632653,0.1010204081632653,1.4347826086956523,0.007768482106101749
0.1010204081632653,0.1010204081632653,1.454849498327759,0.007799465415197983
0.1010204081632653,0.1010204081632653,1.4749163879598663,0.00782948505178677
0.1010204081632653,0.1010204081632653,1.4949832775919738,0.007858561430823302
0.1010204081632653,0.1010204081632653,1.5150501672240804,0.007886715286307704
0.1010204081632653,0.1010204081632653,1.5351170568561878,0.007913967595084991
0.1010204081632653,0.1010204081632653,1.5551839464882944,0.007940339506342924
0.1010204081632653,0.1010204081632653,1.5752508361204018,0.007965852276574592
0.1010204081632653,0.1010204081632653,1.5953177257525084,0.00799052720976628
0.1010204081632653,0.1010204081632653,1.6153846153846159,0.008014385602567568
0.1010204081632653,0.1010204081632653,1.6354515050167224,0.008037448694199008
0.1010204081632653,0.1010204081632653,1.6555183946488299,0.00805973762085306
0.1010204081632653,0.1010204081632653,1.6755852842809364,0.008081273374345875
0.1010204081632653,0.1010204081632653,1.695652173913044,0.008102076764780957
0.1010204081632653,0.1010204081632653,1.7157190635451505,0.008122168386990153
0.1010204081632653,0.1010204081632653,1.735785953177258,0.008141568590523078
0.1010204081632653,0.1010204081632653,1.7558528428093645,0.008160297452962352
0.1010204081632653,0.1010204081632653,1.775919732441472,0.0081783747563491
0.1010204081632653,0.1010204081632653,1.7959866220735785,0.008195819966510708
0.1010204081632653,0.1010204081632653,1.816053511705686,0.008212652215090792
0.1010204081632653,0.1010204081632653,1.8361204013377925,0.008228890284089513
0.1010204081632653,0.1010204081632653,1.8561872909699,0.008244552592730912
0.1010204081632653,0.1010204081632653,1.8762541806020065,0.00825965718648232
0.1010204081632653,0.1010204081632653,1.896321070234114,0.008274221728059578
0.1010204081632653,0.1010204081632653,1.9163879598662206,0.00828826349026026
0.1010204081632653,0.1010204081632653,1.936454849498328,0.008301799350475482
0.1010204081632653,0.1010204081632653,1.9565217391304346,0.00831484578673923
0.1010204081632653,0.1010204081632653,1.976588628762542,0.008327418875182211
0.1010204081632653,0.1010204081632653,1.9966555183946486,0.00833953428876506
0.1010204081632653,0.1010204081632653,2.016722408026756,0.008351207297173558
0.1010204081632653,0.1010204081632653,2.0367892976588626,0.008362452767765654
0.1010204081632653,0.1010204081632653,2.05685618729097,0.008373285167467477
0.1010204081632653,0.1010204081632653,2.0769230769230766,0.008383718565522147
0.1010204081632653,0.1010204081632653,2.096989966555184,0.008393766637001868
0.1010204081632653,0.1010204081632653,2.1170568561872907,0.008403442666999982
0.1010204081632653,0.1010204081632653,2.137123745819398,0.00841275955542559
0.1010204081632653,0.1010204081632653,2.1571906354515056,0.008421729822329072
0.1010204081632653,0.1010204081632653,2.177257525083612,0.008430365613692143
0.1010204081632653,0.1010204081632653,2.1973244147157196,0.008438678707621118
0.1010204081632653,0.1010204081632653,2.217391304347826,0.008446680520886965
0.1010204081632653,0.1010204081632653,2.2374581939799336,0.008454382115760108
0.1010204081632653,0.1010204081632653,2.25752508361204,0.008461794207092248
0.1010204081632653,0.1010204081632653,2.2775919732441476,0.008468927169601457
0.1010204081632653,0.1010204081632653,2.297658862876254,0.008475791045320539
0.1010204081632653,0.1010204081632653,2.3177257525083617,0.008482395551172087
0.1010204081632653,0.1010204081632653,2.3377926421404682,0.008488750086637032
0.1010204081632653,0.1010204081632653,2.3578595317725757,0.008494863741486466
0.1010204081632653,0.1010204081632653,2.3779264214046822,0.008500745303549339
0.1010204081632653,0.1010204081632653,2.3979933110367897,0.008506403266491372
0.1010204081632653,0.1010204081632653,2.4180602006688963,0.008511845837582865
0.1010204081632653,0.1010204081632653,2.4381270903010037,0.008517080945435443
0.1010204081632653,0.1010204081632653,2.4581939799331103,0.008522116247689858
0.1010204081632653,0.1010204081632653,2.4782608695652177,0.008526959138638915
0.1010204081632653,0.1010204081632653,2.4983277591973243,0.008531616756771403
0.1010204081632653,0.1010204081632653,2.5183946488294318,0.008536095992224563
0.1010204081632653,0.1010204081632653,2.5384615384615383,0.008540403494134206
0.1010204081632653,0.1010204081632653,2.558528428093646,0.00854454567787286
0.1010204081632653,0.1010204081632653,2.5785953177257523,0.008548528732167849
0.1010204081632653,0.1010204081632653,2.59866220735786,0.008552358626092143
0.1010204081632653,0.1010204081632653,2.6187290969899664,0.008556041115922085
0.1010204081632653,0.1010204081632653,2.638795986622074,0.008559581751856997
0.1010204081632653,0.1010204081632653,2.6588628762541804,0.0085629858845966
0.1010204081632653,0.1010204081632653,2.678929765886288,0.008566258671773007
0.1010204081632653,0.1010204081632653,2.6989966555183944,0.00856940508423478
0.1010204081632653,0.1010204081632653,2.719063545150502,0.008572429912181212
0.1010204081632653,0.1010204081632653,2.7391304347826084,0.008575337771145643
0.1010204081632653,0.1010204081632653,2.759197324414716,0.008578133107827153
0.1010204081632653,0.1010204081632653,2.7792642140468224,0.00858082020577039
0.1010204081632653,0.1010204081632653,2.79933110367893,0.008583403190893915
0.1010204081632653,0.1010204081632653,2.8193979933110374,0.008585886036867645
0.1010204081632653,0.1010204081632653,2.839464882943144,0.008588272570340472
0.1010204081632653,0.1010204081632653,2.8595317725752514,0.008590566476019374
0.1010204081632653,0.1010204081632653,2.879598662207358,0.008592771301601621
0.1010204081632653,0.1010204081632653,2.8996655518394654,0.008594890462561964
0.1010204081632653,0.1010204081632653,2.919732441471572,0.008596927246796861
0.1010204081632653,0.1010204081632653,2.9397993311036794,0.008598884819127966
0.1010204081632653,0.1010204081632653,2.959866220735786,0.008600766225667338
0.1010204081632653,0.1010204081632653,2.9799331103678934,0.008602574398046871
0.1010204081632653,0.1010204081632653,3.0,0.00860431215751463
