x_1,x_2,eta,WQ
0.05,0.07083333333333333,1.5226130653266328,0.05291422441959113
0.051041666666666666,0.07083333333333333,1.5226130653266328,0.052092696807171004
0.052083333333333336,0.07083333333333333,1.5226130653266328,0.05123974739297855
0.053125000000000006,0.07083333333333333,1.5226130653266328,0.0503575179996154
0.05416666666666667,0.07083333333333333,1.5226130653266328,0.04944837492949128
0.05520833333333333,0.07083333333333333,1.5226130653266328,0.04851486113210709
0.05625,0.07083333333333333,1.5226130653266328,0.04755965200519132
0.05729166666666667,0.07083333333333333,1.5226130653266328,0.04658552200084385
0.058333333333333334,0.07083333333333333,1.5226130653266328,0.04559719262123059
0.059375,0.07083333333333333,1.5226130653266328,0.044598917380305435
0.06041666666666667,0.07083333333333333,1.5226130653266328,0.043593297571252576
0.06145833333333334,0.07083333333333333,1.5226130653266328,0.042582753669987435
0.0625,0.07083333333333333,1.5226130653266328,0.041569533863549835
0.06354166666666666,0.07083333333333333,1.5226130653266328,0.04055572238646867
0.06458333333333333,0.07083333333333333,1.5226130653266328,0.039543247640410124
0.065625,0.07083333333333333,1.5226130653266328,0.03853389007930012
0.06666666666666667,0.07083333333333333,1.5226130653266328,0.03752928984758091
0.06770833333333333,0.07083333333333333,1.5226130653266328,0.03653095416359093
0.06875,0.07083333333333333,1.5226130653266328,0.03554026444346004
0.06979166666666667,0.07083333333333333,1.5226130653266328,0.03455848316357318
0.07083333333333333,0.07083333333333333,1.5226130653266328,0.03358765325408253
0.071875,0.07083333333333333,1.5226130653266328,0.03264599341859062
0.07291666666666666,0.07083333333333333,1.5226130653266328,0.03173933334406012
0.07395833333333333,0.07083333333333333,1.5226130653266328,0.03086644248821044
0.075,0.07083333333333333,1.5226130653266328,0.030026086537226913
