x_1,x_2,eta,WQ
0.09035509264549174,0.05605367900367374,0.7375177692551764,6.130451203116112e-08
0.09035509264549174,0.247281269627739,0.7375177692551764,1.043346923256127e-09
0.09035509264549174,0.00608466098670788,0.7375177692551764,2.037014810323151e-05
0.09035509264549174,0.30250783839013695,0.7375177692551764,5.047919865746398e-10
0.09035509264549174,0.01773013767132951,0.7375177692551764,1.076154057845065e-06
0.09035509264549174,0.1745717782078946,0.7375177692551764,3.1056371075370484e-09
0.09035509264549174,0.01236497155416707,0.7375177692551764,2.8471548676371864e-06
0.09035509264549174,0.3497399784290677,0.7375177692551764,2.8006162336754005e-10
0.09035509264549174,0.015014192753068202,0.7375177692551764,1.677782522684573e-06
0.09035509264549174,0.004547355335287932,0.7375177692551764,4.518671014691936e-05
0.09035509264549174,0.02280884532323275,0.7375177692551764,5.598243978393192e-07
0.09035509264549174,0.002085079890589906,0.7375177692551764,0.0003500180901919275
0.09035509264549174,0.2497093140043075,0.7375177692551764,1.009257566109433e-09
0.09035509264549174,0.003994628110671714,0.7375177692551764,6.408188592966603e-05
0.09035509264549174,0.02167150380360117,0.7375177692551764,6.38018130233322e-07
0.09035509264549174,0.48282234266593405,0.7375177692551764,5.468550502715901e-11
0.09035509264549174,0.6085063147547596,0.7375177692551764,1.0255616949818583e-11
0.09035509264549174,0.03329619732834584,0.7375177692551764,2.1808624818047142e-07
0.09035509264549174,0.2565303142751322,0.7375177692551764,9.200376441611745e-10
0.09035509264549174,0.009076712753079984,0.7375177692551764,6.7073067245105215e-06
0.09035509264549174,0.07397312743500849,0.7375177692551764,3.084471831391338e-08
0.09035509264549174,0.38694519037409447,0.7375177692551764,1.776811889112457e-10
0.09035509264549174,0.0520945831998531,0.7375177692551764,7.336015939814361e-08
0.09035509264549174,0.07109175567403914,0.7375177692551764,3.406206689643603e-08
0.09035509264549174,0.0007527362320256839,0.7375177692551764,0.004243504949441772
0.09035509264549174,0.01835443829012375,0.7375177692551764,9.825061259284104e-07
0.09035509264549174,0.0017073309853449462,0.7375177692551764,0.0005794077405433952
0.09035509264549174,0.013171674539184525,0.7375177692551764,2.393570857612759e-06
0.09035509264549174,0.015525641160604294,0.7375177692551764,1.532966904417459e-06
0.09035509264549174,0.19361397425748195,0.7375177692551764,2.2815480515834e-09
0.09035509264549174,0.0007671426403063638,0.7375177692551764,0.004057101892329393
0.09035509264549174,0.02845210156751969,0.7375177692551764,3.211564828124323e-07
0.09035509264549174,0.01401719090560085,0.7375177692551764,2.020098642664643e-06
0.09035509264549174,0.09177705108284104,0.7375177692551764,1.7836160006625233e-08
0.09035509264549174,0.017148054675383082,0.7375177692551764,1.1753170414718995e-06
0.09035509264549174,0.000834557572365234,0.7375177692551764,0.0033210983216890705
0.09035509264549174,0.3422917447366009,0.7375177692551764,3.069749023192963e-10
0.09035509264549174,0.18286272679477444,0.7375177692551764,2.7084358956176403e-09
0.09035509264549174,0.3389752792464765,0.7375177692551764,3.1980942398751224e-10
0.09035509264549174,0.026500123642218883,0.7375177692551764,3.833330613192457e-07
